"day","month","year","hour","houred","totinc","totdecr","medbikes","meanbikes","lastbikes","propempty","propfull","count"
26,9,2014,10,392145,0,0,15,15,15,0,0,1
26,9,2014,11,392146,5,9,14,13.4117647058824,11,0,0,17
26,9,2014,12,392147,10,5,17,16.4210526315789,16,0,0.157894736842105,19
26,9,2014,13,392148,8,7,17,17.1578947368421,18,0,0.0526315789473684,19
26,9,2014,14,392149,3,7,17,16.8,14,0,0.0666666666666667,15
26,9,2014,15,392150,9,14,15,14.4230769230769,10,0,0,26
26,9,2014,16,392151,7,9,10,10.6086956521739,8,0,0,23
26,9,2014,17,392152,17,10,14,14.7666666666667,16,0,0.166666666666667,30
26,9,2014,18,392153,16,29,9,10.7727272727273,3,0,0.0454545454545455,44
26,9,2014,19,392154,8,10,2,1.66666666666667,0,0.222222222222222,0,18
26,9,2014,20,392155,10,5,6,6.2,6,0,0,15
26,9,2014,21,392156,10,6,13,12.95,13,0,0,20
26,9,2014,22,392157,3,8,9,10.3333333333333,8,0,0,15
26,9,2014,23,392158,3,3,8,8,9,0,0,13
27,9,2014,0,392159,9,6,9,9.23529411764706,13,0,0,17
27,9,2014,1,392160,7,6,14.5,14.55,15,0,0,20
27,9,2014,2,392161,2,0,16,16.2857142857143,17,0,0,7
27,9,2014,3,392162,3,4,17,17.4666666666667,16,0,0.133333333333333,15
27,9,2014,4,392163,1,1,16,16.1428571428571,16,0,0,7
27,9,2014,5,392164,3,1,18,18.1428571428571,19,0,0.428571428571429,7
27,9,2014,6,392165,0,1,19,18.75,18,0,0.75,8
27,9,2014,7,392166,1,2,18,17.6666666666667,17,0,0,9
27,9,2014,8,392167,1,2,16.5,16.9,16,0,0,10
27,9,2014,9,392168,7,4,18,17.1764705882353,19,0,0.294117647058824,17
27,9,2014,10,392169,2,7,18,17.6,14,0,0.333333333333333,15
27,9,2014,11,392170,6,11,13,13.1428571428571,10,0,0,21
27,9,2014,12,392171,12,4,14.5,14.9,19,0,0.1,20
27,9,2014,13,392172,6,15,16.5,15.7142857142857,10,0,0.0714285714285714,28
27,9,2014,14,392173,8,14,5.5,5.63636363636364,4,0,0,22
27,9,2014,15,392174,12,4,3,4.71428571428571,11,0,0,21
27,9,2014,16,392175,9,7,13.5,13.25,14,0,0,16
27,9,2014,17,392176,2,11,8,8.93333333333333,5,0,0,15
27,9,2014,18,392177,9,7,9,8.26315789473684,7,0,0,19
27,9,2014,19,392178,15,10,11,10.9047619047619,11,0,0,21
27,9,2014,20,392179,10,2,18,16.6111111111111,19,0,0.444444444444444,18
27,9,2014,21,392180,3,3,19,18.5454545454545,18,0,0.545454545454545,11
27,9,2014,22,392181,6,3,19,18.3846153846154,19,0,0.615384615384615,13
27,9,2014,23,392182,4,4,19,18.5333333333333,19,0,0.6,15
28,9,2014,0,392183,4,4,19,18.5,19,0,0.6,10
28,9,2014,1,392184,6,6,18,17.6470588235294,19,0,0.294117647058824,17
28,9,2014,2,392185,4,3,18.5,18.3,19,0,0.5,10
28,9,2014,3,392186,3,6,18,18.2142857142857,16,0,0.428571428571429,14
28,9,2014,4,392187,4,3,15,15.0833333333333,17,0,0,12
28,9,2014,5,392188,3,0,17.5,17.5,19,0,0.375,8
28,9,2014,6,392189,1,1,19,18.875,19,0,0.875,8
28,9,2014,7,392190,2,3,18,18.2,17,0,0.4,10
28,9,2014,8,392191,0,1,17,16.8333333333333,16,0,0,6
28,9,2014,9,392192,2,0,16,16.7142857142857,18,0,0,7
28,9,2014,10,392193,4,6,18,17.7692307692308,17,0,0.307692307692308,13
28,9,2014,11,392194,3,14,10,11.4761904761905,6,0,0,21
28,9,2014,12,392195,7,11,4.5,5,3,0,0,20
28,9,2014,13,392196,1,2,1.5,1.625,1,0,0,8
28,9,2014,14,392197,5,4,2,1.91666666666667,2,0,0,12
28,9,2014,15,392198,6,6,3,3.23076923076923,3,0,0,13
28,9,2014,16,392199,7,5,6,6.06666666666667,7,0,0,15
28,9,2014,17,392200,6,5,7.5,7.42857142857143,9,0,0,14
28,9,2014,18,392201,15,13,12,12.3448275862069,11,0,0,29
28,9,2014,19,392202,7,3,15,15.0909090909091,16,0,0,11
28,9,2014,20,392203,2,0,18,18.25,19,0,0.375,8
28,9,2014,21,392204,4,2,18,18,18,0,0.363636363636364,11
28,9,2014,22,392205,3,2,16,16.5,18,0,0,10
28,9,2014,23,392206,1,1,17,17.3333333333333,17,0,0,9
29,9,2014,0,392207,1,0,18,17.8,18,0,0,5
29,9,2014,1,392208,1,1,18,18.375,18,0,0.375,8
29,9,2014,2,392209,0,0,18,18,18,0,0,7
29,9,2014,3,392210,0,1,18,17.7142857142857,17,0,0,7
29,9,2014,4,392211,2,0,18,18,19,0,0.25,8
29,9,2014,5,392212,0,0,19,19,19,0,1,6
29,9,2014,6,392213,0,0,19,19,19,0,1,6
29,9,2014,7,392214,3,2,19,18.5454545454545,19,0,0.636363636363636,11
29,9,2014,8,392215,6,6,18,17.5333333333333,19,0,0.333333333333333,15
29,9,2014,9,392216,1,3,19,18.5833333333333,17,0,0.666666666666667,12
29,9,2014,10,392217,7,5,19,18.4444444444444,19,0,0.555555555555556,18
29,9,2014,11,392218,5,7,17,17.0714285714286,17,0,0.0714285714285714,14
29,9,2014,12,392219,8,5,16,16.4090909090909,19,0,0.0909090909090909,22
29,9,2014,13,392220,8,9,17,17.2727272727273,18,0,0.0454545454545455,22
29,9,2014,14,392221,6,5,18,17.5625,19,0,0.0625,16
29,9,2014,15,392222,7,10,16,15.5263157894737,15,0,0,19
29,9,2014,16,392223,4,5,15,14.8461538461538,13,0,0,13
29,9,2014,17,392224,16,11,13,13.3030303030303,17,0,0,33
29,9,2014,18,392225,10,9,18,17.9130434782609,19,0,0.304347826086957,23
29,9,2014,19,392226,2,1,19,18.6666666666667,19,0,0.666666666666667,9
29,9,2014,20,392227,5,5,18,17.875,19,0,0.25,16
29,9,2014,21,392228,3,4,18.5,18.4166666666667,18,0,0.5,12
29,9,2014,22,392229,6,5,18,18.0769230769231,19,0,0.461538461538462,13
29,9,2014,23,392230,4,8,18,17.1333333333333,15,0,0.266666666666667,15
30,9,2014,0,392231,0,4,13,12.6666666666667,11,0,0,9
30,9,2014,1,392232,1,5,8,8.54545454545454,7,0,0,11
30,9,2014,2,392233,0,1,6,6.33333333333333,6,0,0,6
30,9,2014,3,392234,1,0,7,6.66666666666667,7,0,0,6
30,9,2014,4,392235,0,0,7,7,7,0,0,6
30,9,2014,5,392236,1,0,8,7.66666666666667,8,0,0,6
30,9,2014,6,392237,3,4,8,8.15384615384615,7,0,0,13
30,9,2014,7,392238,6,10,5,4.26086956521739,2,0.0869565217391304,0,23
30,9,2014,8,392239,12,10,1.5,1.625,3,0.166666666666667,0,24
30,9,2014,9,392240,7,4,2,2.6875,5,0,0,16
30,9,2014,10,392241,4,6,3,3.1875,2,0,0,16
30,9,2014,11,392242,4,6,3,2.66666666666667,1,0,0,15
30,9,2014,12,392243,8,3,5,4.07692307692308,6,0,0,13
30,9,2014,13,392244,10,7,9,9,9,0,0,18
30,9,2014,14,392245,4,13,4.5,4.3,0,0.1,0,20
30,9,2014,15,392246,8,6,2,2.36842105263158,3,0,0,19
30,9,2014,16,392247,6,2,4,4.42857142857143,7,0,0,14
30,9,2014,17,392248,8,13,5,5.33333333333333,1,0,0,21
30,9,2014,18,392249,12,9,2,2.79166666666667,5,0.0416666666666667,0,24
30,9,2014,19,392250,21,11,15,12,16,0,0.0645161290322581,31
30,9,2014,20,392251,6,4,17,17.0769230769231,19,0,0.230769230769231,13
30,9,2014,21,392252,5,5,18,18.2941176470588,19,0,0.411764705882353,17
30,9,2014,22,392253,5,7,14.5,14.9444444444444,16,0,0,18
30,9,2014,23,392254,3,7,13,12.875,12,0,0,16
1,10,2014,0,392255,0,3,9,9.875,9,0,0,8
1,10,2014,1,392256,2,1,10,9.57142857142857,10,0,0,7
1,10,2014,2,392257,1,0,11,10.875,11,0,0,8
1,10,2014,3,392258,1,0,11,11.2857142857143,12,0,0,7
1,10,2014,4,392259,1,0,12,12.2857142857143,13,0,0,7
1,10,2014,5,392260,0,1,13,12.8333333333333,12,0,0,6
1,10,2014,6,392261,5,3,12,11.9,14,0,0,10
1,10,2014,7,392262,7,16,8,8.14814814814815,4,0,0,27
1,10,2014,8,392263,10,12,3,3.22727272727273,1,0,0,22
1,10,2014,9,392264,8,2,5,5.09090909090909,7,0,0,11
1,10,2014,10,392265,8,6,7,6.94117647058824,9,0,0,17
1,10,2014,11,392266,10,5,9,9.42105263157895,14,0,0,19
1,10,2014,12,392267,9,10,10.5,10.2727272727273,11,0,0,22
1,10,2014,13,392268,13,7,17,16.3703703703704,18,0,0.0740740740740741,27
1,10,2014,14,392269,6,8,17,17.2631578947368,16,0,0.0526315789473684,19
1,10,2014,15,392270,9,9,16,16.28,15,0,0.08,25
1,10,2014,16,392271,7,16,12,11.8620689655172,7,0,0,29
1,10,2014,17,392272,10,12,8,7.82142857142857,4,0,0,28
1,10,2014,18,392273,17,15,7,6.5625,7,0,0,32
1,10,2014,19,392274,20,9,7.5,8.69230769230769,17,0,0,26
1,10,2014,20,392275,5,4,18,17.7142857142857,17,0,0.214285714285714,14
1,10,2014,21,392276,3,4,17,16.5714285714286,16,0,0,14
1,10,2014,22,392277,12,9,15,14.95,18,0,0,20
1,10,2014,23,392278,1,7,15,15.2,12,0,0,15
2,10,2014,0,392279,3,1,12,12.3333333333333,14,0,0,12
2,10,2014,1,392280,2,0,14,13.875,15,0,0,8
2,10,2014,2,392281,0,0,15,15,15,0,0,10
2,10,2014,3,392282,0,1,15,14.8333333333333,14,0,0,6
2,10,2014,4,392283,2,0,15,14.8571428571429,16,0,0,7
2,10,2014,5,392284,1,1,16,16.2857142857143,16,0,0,7
2,10,2014,6,392285,5,8,17,17.2352941176471,14,0,0.117647058823529,17
2,10,2014,7,392286,6,15,10,9.52,5,0,0,25
2,10,2014,8,392287,12,9,2,3,7,0,0,20
2,10,2014,9,392288,8,6,8,7.8125,9,0,0,16
2,10,2014,10,392289,6,4,8,8.46666666666667,10,0,0,15
2,10,2014,11,392290,2,11,5,5.2,1,0,0,15
2,10,2014,12,392291,12,8,2,2.14285714285714,4,0.0476190476190476,0,21
2,10,2014,13,392292,6,7,5,5.35294117647059,5,0,0,17
2,10,2014,14,392293,7,12,5,5,2,0,0,23
2,10,2014,15,392294,7,9,2,2.05555555555556,1,0.0555555555555556,0,18
2,10,2014,16,392295,2,1,1,0.545454545454545,1,0.454545454545455,0,11
2,10,2014,17,392296,18,10,2,2.53571428571429,8,0.142857142857143,0,28
2,10,2014,18,392297,15,13,12,12.0357142857143,11,0,0,28
2,10,2014,19,392298,11,8,14,13.1111111111111,14,0,0,27
2,10,2014,20,392299,6,4,17,16.8421052631579,17,0,0.263157894736842,19
2,10,2014,21,392300,6,7,17,17.1739130434783,18,0,0.260869565217391,23
2,10,2014,22,392301,3,2,19,18.6,19,0,0.6,10
2,10,2014,23,392302,4,12,13,14.5833333333333,11,0,0.125,24
3,10,2014,0,392303,3,6,11,10.4,8,0,0,15
3,10,2014,1,392304,1,1,8,8.28571428571429,8,0,0,7
3,10,2014,2,392305,1,0,8,8.44444444444444,9,0,0,9
3,10,2014,3,392306,0,0,9,9,9,0,0,6
3,10,2014,4,392307,1,0,9.5,9.5,10,0,0,6
3,10,2014,5,392308,2,1,11,11.1428571428571,11,0,0,7
3,10,2014,6,392309,1,3,10,10.2222222222222,9,0,0,9
3,10,2014,7,392310,8,10,9,8.91304347826087,7,0,0,23
3,10,2014,8,392311,12,13,4,3.86666666666667,4,0,0,30
3,10,2014,9,392312,4,7,7,6.52380952380952,3,0,0,21
3,10,2014,10,392313,4,6,2,1.68421052631579,1,0.157894736842105,0,19
3,10,2014,11,392314,3,3,1,0.833333333333333,1,0.333333333333333,0,12
3,10,2014,12,392315,6,6,1,1.0625,2,0.1875,0,16
3,10,2014,13,392316,9,4,6,5.53333333333333,7,0,0,15
3,10,2014,14,392317,9,5,7,6.83333333333333,10,0,0,18
3,10,2014,15,392318,8,7,10,9.80952380952381,10,0,0,21
3,10,2014,16,392319,7,8,11,11.0952380952381,10,0,0,21
3,10,2014,17,392320,21,16,12,11.975,14,0,0,40
3,10,2014,18,392321,12,7,17,16.6,18,0,0,30
3,10,2014,19,392322,3,3,19,18.7,19,0,0.7,10
3,10,2014,20,392323,5,6,18,18.4117647058824,18,0,0.470588235294118,17
3,10,2014,21,392324,3,3,19,18.5833333333333,19,0,0.75,12
3,10,2014,22,392325,3,2,19,18.4444444444444,19,0,0.555555555555556,9
3,10,2014,23,392326,6,6,18.5,18.1666666666667,19,0,0.5,18
4,10,2014,0,392327,6,7,18,17.8695652173913,17,0,0.217391304347826,23
4,10,2014,1,392328,5,4,17,17.3636363636364,18,0,0.181818181818182,11
4,10,2014,2,392329,3,4,18,17.7647058823529,17,0,0.294117647058824,17
4,10,2014,3,392330,1,4,15,15.4545454545455,14,0,0,11
4,10,2014,4,392331,0,2,13,13.125,12,0,0,8
4,10,2014,5,392332,2,1,12,11.7777777777778,13,0,0,9
4,10,2014,6,392333,2,1,12,12.25,13,0,0,8
4,10,2014,7,392334,3,1,13,13.2222222222222,14,0,0,9
4,10,2014,8,392335,2,6,11,10.4615384615385,9,0,0,13
4,10,2014,9,392336,2,7,8,7.72727272727273,4,0,0,11
4,10,2014,10,392337,3,5,3,3,2,0,0,13
4,10,2014,11,392338,6,3,4.5,4.3,6,0,0,10
4,10,2014,12,392339,5,5,8,7.66666666666667,6,0,0,12
4,10,2014,13,392340,12,10,8,8.08,8,0,0,25
4,10,2014,14,392341,9,13,4,4.125,2,0,0,24
4,10,2014,15,392342,8,5,4,4.35294117647059,5,0,0,17
4,10,2014,16,392343,11,8,4,4.04347826086957,7,0,0,23
4,10,2014,17,392344,12,11,6,6.08695652173913,7,0,0,23
4,10,2014,18,392345,10,2,13.5,13.0555555555556,17,0,0,18
4,10,2014,19,392346,9,9,17,16.7368421052632,17,0,0.157894736842105,19
4,10,2014,20,392347,12,14,14,13.5416666666667,15,0,0,24
4,10,2014,21,392348,5,5,15.5,16.1428571428571,15,0,0.0714285714285714,14
4,10,2014,22,392349,5,2,15,15.6153846153846,18,0,0,13
4,10,2014,23,392350,3,2,19,18.7272727272727,19,0,0.727272727272727,11
5,10,2014,0,392351,2,2,19,18.5833333333333,19,0,0.583333333333333,12
5,10,2014,1,392352,4,4,18,18,19,0,0.4,15
5,10,2014,2,392353,4,18,10.5,10.1428571428571,5,0,0.0357142857142857,28
5,10,2014,3,392354,6,7,5,5.4,4,0,0,20
5,10,2014,4,392355,4,5,3.5,3.55555555555556,3,0,0,18
5,10,2014,5,392356,2,0,4,3.875,5,0,0,8
5,10,2014,6,392357,1,2,4,4.25,4,0,0,8
5,10,2014,7,392358,2,3,4,4.375,3,0,0,8
5,10,2014,8,392359,1,1,3,2.85714285714286,3,0,0,7
5,10,2014,9,392360,1,1,3,3.125,3,0,0,8
5,10,2014,10,392361,3,2,4,3.7,4,0,0,10
5,10,2014,11,392362,5,5,4,3.80952380952381,4,0,0,21
5,10,2014,12,392363,5,7,4,3.72222222222222,3,0,0,18
5,10,2014,13,392364,3,4,4,4,3,0,0,20
5,10,2014,14,392365,4,5,3,3.8,2,0,0,15
5,10,2014,15,392366,4,4,3,3,2,0,0,12
5,10,2014,16,392367,7,4,3,3.66666666666667,6,0,0,18
5,10,2014,17,392368,7,9,6,6.42105263157895,5,0,0,19
5,10,2014,18,392369,6,3,6,6.30769230769231,8,0,0,13
5,10,2014,19,392370,2,4,6,6.66666666666667,6,0,0,9
5,10,2014,20,392371,7,1,7,7.61538461538461,11,0,0,13
5,10,2014,21,392372,6,3,12,12,14,0,0,12
5,10,2014,22,392373,2,5,12,12.0769230769231,11,0,0,13
5,10,2014,23,392374,1,6,7,7.91666666666667,6,0,0,12
6,10,2014,0,392375,0,0,5,5,5,0,0,6
6,10,2014,1,392376,1,0,6,5.57142857142857,6,0,0,7
6,10,2014,2,392377,0,1,6,5.625,5,0,0,8
6,10,2014,3,392378,0,0,5,5,5,0,0,6
6,10,2014,4,392379,1,0,6,5.83333333333333,6,0,0,6
6,10,2014,5,392380,1,0,6,6.28571428571429,7,0,0,7
6,10,2014,6,392381,2,4,6.5,6.4,5,0,0,10
6,10,2014,7,392382,6,6,4,3.95238095238095,4,0,0,21
6,10,2014,8,392383,8,8,4,3.95,4,0,0,20
6,10,2014,9,392384,5,6,3,3.42857142857143,2,0,0,21
6,10,2014,10,392385,5,6,2,1.45,1,0.1,0,20
6,10,2014,11,392386,6,6,1.5,1.6875,1,0.0625,0,16
6,10,2014,12,392387,8,8,1,1.33333333333333,2,0.166666666666667,0,18
6,10,2014,13,392388,8,9,2,1.76190476190476,1,0.238095238095238,0,21
6,10,2014,14,392389,7,2,3.5,3.66666666666667,7,0,0,12
6,10,2014,15,392390,8,7,5,5.06666666666667,8,0,0,15
6,10,2014,16,392391,1,4,7.5,7.4,5,0,0,10
6,10,2014,17,392392,7,6,5,4.95,6,0,0,20
6,10,2014,18,392393,4,4,6,6.14285714285714,7,0,0,14
6,10,2014,19,392394,6,0,10,10.4666666666667,14,0,0,15
6,10,2014,20,392395,3,2,14,13.8,15,0,0,10
6,10,2014,21,392396,2,2,15.5,15.375,15,0,0,8
6,10,2014,22,392397,3,2,17,16.4615384615385,16,0,0,13
6,10,2014,23,392398,1,2,15,15,14,0,0,8
7,10,2014,0,392399,0,3,13,12.9090909090909,11,0,0,11
7,10,2014,1,392400,1,0,12,11.8333333333333,12,0,0,6
7,10,2014,2,392401,0,0,12,12,12,0,0,7
7,10,2014,3,392402,0,0,12,12,12,0,0,6
7,10,2014,4,392403,1,0,13,12.5714285714286,13,0,0,7
7,10,2014,5,392404,1,0,14,13.7142857142857,14,0,0,7
7,10,2014,6,392405,0,5,13,12.8888888888889,10,0,0,9
7,10,2014,7,392406,4,15,5,5.54166666666667,0,0.0416666666666667,0,24
7,10,2014,8,392407,8,9,1,1.04166666666667,0,0.291666666666667,0,24
7,10,2014,9,392408,0,0,0,0,0,1,0,7
7,10,2014,10,392409,5,3,1,1.3125,2,0.25,0,16
7,10,2014,11,392410,10,8,2.5,2.75,4,0,0,20
7,10,2014,12,392411,3,6,2,1.91666666666667,1,0.166666666666667,0,12
7,10,2014,13,392412,4,6,1,0.866666666666667,0,0.333333333333333,0,15
7,10,2014,14,392413,4,3,0,0.555555555555556,1,0.555555555555556,0,9
7,10,2014,15,392414,5,6,0.5,0.642857142857143,0,0.5,0,14
7,10,2014,16,392415,8,6,1,1.11111111111111,2,0.277777777777778,0,18
7,10,2014,17,392416,11,9,2,2.34615384615385,5,0.0769230769230769,0,26
7,10,2014,18,392417,16,17,4,3.75862068965517,4,0.103448275862069,0,29
7,10,2014,19,392418,8,7,6,6.05555555555556,6,0,0,18
7,10,2014,20,392419,13,10,10,9.76923076923077,9,0,0,26
7,10,2014,21,392420,6,5,9,9.29411764705882,9,0,0,17
7,10,2014,22,392421,6,6,8,8.28571428571429,8,0,0,14
7,10,2014,23,392422,2,7,4,4.73333333333333,3,0,0,15
8,10,2014,0,392423,0,1,2,2.2,2,0,0,5
8,10,2014,1,392424,3,1,4,3.88888888888889,4,0,0,9
8,10,2014,2,392425,0,0,4,4,4,0,0,7
8,10,2014,3,392426,0,0,4,4,4,0,0,6
8,10,2014,4,392427,2,0,5,5.14285714285714,6,0,0,7
8,10,2014,5,392428,1,1,6,6.16666666666667,6,0,0,6
8,10,2014,6,392429,1,1,7,6.57142857142857,6,0,0,7
8,10,2014,7,392430,5,6,6,6.14285714285714,6,0,0,14
8,10,2014,8,392431,2,2,7,7,7,0,0,12
8,10,2014,9,392432,2,0,9,9.14285714285714,10,0,0,7
8,10,2014,10,392433,0,0,10,10,10,0,0,6
8,10,2014,11,392434,6,6,12,11.6,10,0,0,15
8,10,2014,12,392435,8,3,12,11.7857142857143,14,0,0,14
8,10,2014,13,392436,6,9,11,11.8235294117647,13,0,0,17
8,10,2014,14,392437,3,7,13,13,10,0,0,14
8,10,2014,15,392438,8,3,13.5,13.5,15,0,0,14
8,10,2014,16,392439,7,4,16,15.8666666666667,18,0,0,15
8,10,2014,17,392440,6,9,18,17.25,15,0,0.208333333333333,24
8,10,2014,18,392441,4,4,18,18.2941176470588,18,0,0.470588235294118,17
8,10,2014,19,392442,2,2,18.5,18.5,18,0,0.5,10
8,10,2014,20,392443,1,0,19,18.8333333333333,19,0,0.833333333333333,6
8,10,2014,21,392444,2,2,19,18.4,19,0,0.6,10
8,10,2014,22,392445,5,6,16,16.2666666666667,18,0,0.0666666666666667,15
8,10,2014,23,392446,4,3,18,18.1818181818182,19,0,0.363636363636364,11
9,10,2014,0,392447,2,4,17.5,17.75,17,0,0.25,8
9,10,2014,1,392448,1,2,17,16.6666666666667,16,0,0,9
9,10,2014,2,392449,1,1,16,16.1,16,0,0,10
9,10,2014,3,392450,0,1,15,15.4444444444444,15,0,0,9
9,10,2014,4,392451,0,1,16,15.7142857142857,15,0,0,7
9,10,2014,5,392452,2,0,16,16.2857142857143,17,0,0,7
9,10,2014,6,392453,3,2,17,16.6666666666667,17,0,0,9
9,10,2014,7,392454,6,17,11,10.3571428571429,5,0,0,28
9,10,2014,8,392455,10,12,3,3.72,4,0,0,25
9,10,2014,9,392456,7,4,5,5.23076923076923,6,0,0,13
9,10,2014,10,392457,2,2,5,5.2,6,0,0,10
9,10,2014,11,392458,5,13,5,4.65,0,0.05,0,20
9,10,2014,12,392459,11,8,4,4.42857142857143,5,0,0,21
9,10,2014,13,392460,10,7,4,3.89473684210526,7,0,0,19
9,10,2014,14,392461,12,6,10,9.08333333333333,12,0,0,24
9,10,2014,15,392462,7,9,9,8.80952380952381,10,0,0,21
9,10,2014,16,392463,7,9,10,9.82352941176471,8,0,0,17
9,10,2014,17,392464,8,9,11,10.9047619047619,9,0,0,21
9,10,2014,18,392465,19,11,16,15.4516129032258,18,0,0.032258064516129,31
9,10,2014,19,392466,10,10,18,18.1923076923077,18,0,0.384615384615385,26
9,10,2014,20,392467,4,2,19,18.5,19,0,0.642857142857143,14
9,10,2014,21,392468,6,7,18,17.6875,18,0,0.1875,16
9,10,2014,22,392469,3,4,18,18.1538461538462,17,0,0.307692307692308,13
9,10,2014,23,392470,2,3,19,18.6153846153846,17,0,0.692307692307692,13
10,10,2014,0,392471,6,8,15,15.5,15,0,0,18
10,10,2014,1,392472,4,0,19,18.1666666666667,19,0,0.666666666666667,6
10,10,2014,2,392473,1,3,19,18.5833333333333,17,0,0.666666666666667,12
10,10,2014,3,392474,0,0,17,17,17,0,0,6
10,10,2014,4,392475,1,0,18,17.8333333333333,18,0,0,6
10,10,2014,5,392476,1,1,18,18.1666666666667,18,0,0.166666666666667,6
10,10,2014,6,392477,2,1,18.5,18.5,19,0,0.5,10
10,10,2014,7,392478,5,9,16,15.9473684210526,15,0,0.0526315789473684,19
10,10,2014,8,392479,16,14,10,10.4242424242424,14,0,0,33
10,10,2014,9,392480,7,3,14,14.4666666666667,17,0,0,15
10,10,2014,10,392481,3,9,13.5,14.0625,11,0,0,16
10,10,2014,11,392482,6,5,9,9.53333333333333,11,0,0,15
10,10,2014,12,392483,14,7,17,16.7931034482759,19,0,0.206896551724138,29
10,10,2014,13,392484,2,16,15.5,14.5,5,0,0.25,28
10,10,2014,14,392485,2,6,3,3.15384615384615,1,0,0,13
10,10,2014,15,392486,8,0,4,4.5,9,0,0,6
10,10,2014,16,392487,9,5,10,9.82352941176471,13,0,0,17
10,10,2014,17,392488,12,6,15,15.5,19,0,0.2,20
10,10,2014,18,392489,8,12,18,17.2962962962963,15,0,0.259259259259259,27
10,10,2014,19,392490,14,10,18,17.8275862068966,19,0,0.241379310344828,29
10,10,2014,20,392491,9,8,16,15.8,19,0,0.05,20
10,10,2014,21,392492,1,1,19,18.8571428571429,19,0,0.857142857142857,7
10,10,2014,22,392493,2,2,19,18.7272727272727,19,0,0.727272727272727,11
10,10,2014,23,392494,5,6,17,17,17,0,0.2,15
11,10,2014,0,392495,6,5,18,17.7857142857143,19,0,0.285714285714286,14
11,10,2014,1,392496,4,4,19,18.4166666666667,19,0,0.583333333333333,12
11,10,2014,2,392497,2,2,19,18.6666666666667,19,0,0.75,12
11,10,2014,3,392498,0,2,18,18,17,0,0.2,10
11,10,2014,4,392499,2,2,17,16.875,17,0,0,8
11,10,2014,5,392500,0,0,16,16,16,0,0,6
11,10,2014,6,392501,0,2,16,15.5714285714286,14,0,0,7
11,10,2014,7,392502,1,3,14,14,12,0,0,8
11,10,2014,8,392503,0,2,12,12.1111111111111,11,0,0,9
11,10,2014,9,392504,2,5,9,9.1,8,0,0,10
11,10,2014,10,392505,5,6,8,8.26666666666667,7,0,0,15
11,10,2014,11,392506,5,4,8,8.16666666666667,9,0,0,12
11,10,2014,12,392507,9,5,8.5,8.9375,12,0,0,16
11,10,2014,13,392508,5,10,10,9.89473684210526,8,0,0,19
11,10,2014,14,392509,6,8,7,6.93333333333333,5,0,0,15
11,10,2014,15,392510,7,5,9,8.35294117647059,7,0,0,17
11,10,2014,16,392511,8,2,10,10.2631578947368,13,0,0,19
11,10,2014,17,392512,8,5,14,13.6666666666667,15,0,0,15
11,10,2014,18,392513,8,5,18,17.7222222222222,19,0,0.277777777777778,18
11,10,2014,19,392514,4,4,19,18.6,18,0,0.65,20
11,10,2014,20,392515,2,1,19,18.7142857142857,19,0,0.714285714285714,7
11,10,2014,21,392516,1,3,18,18,17,0,0.333333333333333,12
11,10,2014,22,392517,4,7,16.5,16.125,15,0,0,16
11,10,2014,23,392518,6,3,18,17.8666666666667,19,0,0.2,15
12,10,2014,0,392519,3,6,18,17.8666666666667,15,0,0.333333333333333,15
12,10,2014,1,392520,3,7,13,12.7142857142857,11,0,0,14
12,10,2014,2,392521,4,9,8,8.10526315789474,6,0,0,19
12,10,2014,3,392522,3,3,7,6.75,7,0,0,8
12,10,2014,4,392523,3,0,9,9.375,11,0,0,8
12,10,2014,5,392524,1,0,11,11.2857142857143,12,0,0,7
12,10,2014,6,392525,1,1,12,11.8333333333333,12,0,0,6
12,10,2014,7,392526,3,1,12,12,14,0,0,8
12,10,2014,8,392527,1,1,15,14.5555555555556,14,0,0,9
12,10,2014,9,392528,1,3,12,11.6666666666667,11,0,0,9
12,10,2014,10,392529,3,2,10,10,11,0,0,9
12,10,2014,11,392530,6,8,8,8.26315789473684,8,0,0,19
12,10,2014,12,392531,6,3,11,10.6153846153846,11,0,0,13
12,10,2014,13,392532,4,4,11,11.3333333333333,11,0,0,12
12,10,2014,14,392533,5,10,7,7.26666666666667,6,0,0,15
12,10,2014,15,392534,2,1,7,7,7,0,0,7
12,10,2014,16,392535,1,3,7,7.11111111111111,5,0,0,9
12,10,2014,17,392536,5,2,7.5,6.75,7,0,0,8
12,10,2014,18,392537,11,9,8,8,8,0,0,21
12,10,2014,19,392538,4,2,10,10.1,11,0,0,10
12,10,2014,20,392539,5,2,13,13.1,14,0,0,10
12,10,2014,21,392540,1,1,16,15.6666666666667,15,0,0,9
12,10,2014,22,392541,1,6,14,13.3076923076923,10,0,0,13
12,10,2014,23,392542,2,7,8,7.66666666666667,5,0,0,18
13,10,2014,0,392543,0,1,4,4.33333333333333,4,0,0,6
13,10,2014,1,392544,1,0,5,4.57142857142857,5,0,0,7
13,10,2014,2,392545,0,0,5,5,5,0,0,6
13,10,2014,3,392546,0,0,5,5,5,0,0,6
13,10,2014,4,392547,0,0,5,5,5,0,0,6
13,10,2014,5,392548,2,2,5,5.22222222222222,5,0,0,9
13,10,2014,6,392549,3,4,5,5.1,5,0,0,10
13,10,2014,7,392550,9,10,3,3.22727272727273,3,0,0,22
13,10,2014,8,392551,14,12,3,2.76923076923077,4,0,0,26
13,10,2014,9,392552,9,5,4,3.76470588235294,7,0,0,17
13,10,2014,10,392553,4,5,7,6.76923076923077,6,0,0,13
13,10,2014,11,392554,5,7,2.5,2.6875,3,0,0,16
13,10,2014,12,392555,8,10,3,2.54166666666667,1,0,0,24
13,10,2014,13,392556,3,1,1,1.88888888888889,3,0,0,9
13,10,2014,14,392557,4,6,3,2.76923076923077,2,0,0,13
13,10,2014,15,392558,7,8,3,3.45,2,0,0,20
13,10,2014,16,392559,14,9,5,5.80769230769231,8,0,0,26
13,10,2014,17,392560,17,14,10,8.38709677419355,10,0,0,31
13,10,2014,18,392561,13,9,7.5,7.92307692307692,13,0,0,26
13,10,2014,19,392562,10,7,18,17.36,17,0,0.24,25
13,10,2014,20,392563,3,2,18,18.0833333333333,19,0,0.333333333333333,12
13,10,2014,21,392564,4,4,19,18.6428571428571,19,0,0.714285714285714,14
13,10,2014,22,392565,3,5,18,17.9285714285714,16,0,0.285714285714286,14
13,10,2014,23,392566,1,8,13,12.4666666666667,9,0,0,15
14,10,2014,0,392567,0,0,9,9,9,0,0,6
14,10,2014,1,392568,1,1,9,8.57142857142857,9,0,0,7
14,10,2014,2,392569,0,0,9,9,9,0,0,7
14,10,2014,3,392570,0,0,9,9,9,0,0,6
14,10,2014,4,392571,1,0,10,9.71428571428571,10,0,0,7
14,10,2014,5,392572,1,1,10,9.85714285714286,10,0,0,7
14,10,2014,6,392573,5,6,8.5,8.28571428571429,8,0,0,14
14,10,2014,7,392574,6,9,6,5.80952380952381,4,0,0,21
14,10,2014,8,392575,11,9,2,2.375,5,0.25,0,24
14,10,2014,9,392576,6,5,5,5.23076923076923,5,0,0,13
14,10,2014,10,392577,6,4,5.5,5.64285714285714,8,0,0,14
14,10,2014,11,392578,3,10,6,5.125,1,0,0,16
14,10,2014,12,392579,12,6,6.5,5.88888888888889,7,0,0,18
14,10,2014,13,392580,7,11,5,5.52380952380952,3,0,0,21
14,10,2014,14,392581,7,4,6,5.5,7,0,0,14
14,10,2014,15,392582,5,8,3,3.57142857142857,3,0,0,21
14,10,2014,16,392583,9,7,5,5.42105263157895,6,0,0,19
14,10,2014,17,392584,16,14,7,7.46153846153846,9,0,0,26
14,10,2014,18,392585,17,8,17,16.0645161290323,19,0,0.225806451612903,31
14,10,2014,19,392586,16,15,18,17.4411764705882,19,0,0.176470588235294,34
14,10,2014,20,392587,3,4,18.5,18.5,18,0,0.5,18
14,10,2014,21,392588,6,4,18,18.2631578947368,19,0,0.421052631578947,19
14,10,2014,22,392589,2,3,19,18.7368421052632,18,0,0.736842105263158,19
14,10,2014,23,392590,2,9,12.5,13.1666666666667,11,0,0,12
15,10,2014,0,392591,2,2,11,11.125,11,0,0,8
15,10,2014,1,392592,2,0,13,12.4285714285714,13,0,0,7
15,10,2014,2,392593,0,1,12,12.125,12,0,0,8
15,10,2014,3,392594,0,0,12,12,12,0,0,6
15,10,2014,4,392595,0,0,12,12,12,0,0,6
15,10,2014,5,392596,0,3,11,11,9,0,0,7
15,10,2014,6,392597,5,4,10,9.66666666666667,10,0,0,12
15,10,2014,7,392598,8,12,9,8.63636363636364,5,0,0,22
15,10,2014,8,392599,12,16,2,2.16666666666667,0,0.1,0,30
15,10,2014,9,392600,4,3,2,1.9,1,0.1,0,10
15,10,2014,10,392601,6,2,3,3.45454545454545,6,0,0,11
15,10,2014,11,392602,3,6,2,2.30769230769231,2,0,0,13
15,10,2014,12,392603,5,3,3,2.92307692307692,5,0,0,13
15,10,2014,13,392604,6,4,7,6.64285714285714,7,0,0,14
15,10,2014,14,392605,5,6,5,4.71428571428571,6,0,0,14
15,10,2014,15,392606,7,6,5,5.0625,6,0,0,16
15,10,2014,16,392607,5,5,6,5.46153846153846,6,0,0,13
15,10,2014,17,392608,10,6,5,5.04761904761905,9,0,0,21
15,10,2014,18,392609,14,11,12,11.84,13,0,0,25
15,10,2014,19,392610,9,8,13,12.85,13,0,0,20
15,10,2014,20,392611,12,7,13.5,14.75,18,0,0.1,20
15,10,2014,21,392612,2,5,19,18.3529411764706,16,0,0.588235294117647,17
15,10,2014,22,392613,8,7,18,17.8421052631579,16,0,0.368421052631579,19
15,10,2014,23,392614,4,6,15.5,15.5714285714286,14,0,0,14
16,10,2014,0,392615,1,1,14,14.1666666666667,14,0,0,6
16,10,2014,1,392616,0,0,14,14,14,0,0,6
16,10,2014,2,392617,0,0,14,14,14,0,0,9
16,10,2014,3,392618,0,1,14,13.625,13,0,0,8
16,10,2014,4,392619,0,1,12,12.4285714285714,12,0,0,7
16,10,2014,5,392620,1,0,12,12.1666666666667,13,0,0,6
16,10,2014,6,392621,2,3,13,13.1111111111111,12,0,0,9
16,10,2014,7,392622,8,9,9,9.48,9,0,0,25
16,10,2014,8,392623,14,13,9,9.26666666666667,11,0,0,30
16,10,2014,9,392624,3,5,9,8.82352941176471,9,0,0,17
16,10,2014,10,392625,4,5,8,8.07692307692308,7,0,0,13
16,10,2014,11,392626,4,8,5,5.27777777777778,3,0,0,18
16,10,2014,12,392627,7,4,5,4.46153846153846,6,0,0,13
16,10,2014,13,392628,2,6,1,1.63636363636364,1,0.181818181818182,0,11
16,10,2014,14,392629,3,2,2,2.22222222222222,4,0,0,9
16,10,2014,15,392630,5,5,3.5,3.57142857142857,5,0,0,14
16,10,2014,16,392631,7,7,4,4.68421052631579,4,0,0,19
16,10,2014,17,392632,21,7,14.5,13,19,0,0.1,30
16,10,2014,18,392633,7,9,19,18.5555555555556,17,0,0.62962962962963,27
16,10,2014,19,392634,8,7,18,17.9166666666667,19,0,0.458333333333333,24
16,10,2014,20,392635,5,7,18,17.9285714285714,17,0,0.428571428571429,14
16,10,2014,21,392636,2,2,18.5,18.375,18,0,0.5,8
16,10,2014,22,392637,3,4,18,18.0833333333333,17,0,0.25,12
16,10,2014,23,392638,0,3,16,15.875,14,0,0,8
17,10,2014,0,392639,0,3,12,12,11,0,0,9
17,10,2014,1,392640,3,1,14,13.4285714285714,14,0,0,7
17,10,2014,2,392641,0,0,14,14,14,0,0,7
17,10,2014,3,392642,0,0,14,14,14,0,0,6
17,10,2014,4,392643,0,0,14,14,14,0,0,6
17,10,2014,5,392644,2,2,14,14,14,0,0,8
17,10,2014,6,392645,2,2,15,14.7777777777778,14,0,0,9
17,10,2014,7,392646,9,7,15,15.125,16,0,0,16
17,10,2014,8,392647,9,8,17,17.047619047619,17,0,0.19047619047619,21
17,10,2014,9,392648,5,4,18.5,18.375,19,0,0.5,16
17,10,2014,10,392649,1,4,18,18,16,0,0.4,10
17,10,2014,11,392650,5,4,14,13.8235294117647,16,0,0,17
17,10,2014,12,392651,6,4,19,18.4666666666667,19,0,0.533333333333333,15
17,10,2014,13,392652,9,9,18,18.05,19,0,0.4,20
17,10,2014,14,392653,4,4,18,18.25,19,0,0.416666666666667,12
17,10,2014,15,392654,9,8,18,16.695652173913,19,0,0.304347826086957,23
17,10,2014,16,392655,6,6,19,18.4444444444444,19,0,0.555555555555556,18
17,10,2014,17,392656,8,7,18.5,18.1923076923077,19,0,0.5,26
17,10,2014,18,392657,7,8,18,18.2916666666667,18,0,0.375,24
17,10,2014,19,392658,10,10,18,17.75,19,0,0.392857142857143,28
17,10,2014,20,392659,6,6,19,18.4736842105263,19,0,0.578947368421053,19
17,10,2014,21,392660,2,1,19,18.7222222222222,19,0,0.722222222222222,18
17,10,2014,22,392661,8,11,17,17.0588235294118,16,0,0.176470588235294,17
17,10,2014,23,392662,4,5,18,18,16,0,0.444444444444444,18
18,10,2014,0,392663,5,4,17,17.2142857142857,18,0,0.214285714285714,14
18,10,2014,1,392664,4,4,18,18,18,0,0.307692307692308,13
18,10,2014,2,392665,0,1,16.5,16.5,16,0,0,8
18,10,2014,3,392666,3,0,18,18,19,0,0.454545454545455,11
18,10,2014,4,392667,5,8,15.5,15.6875,16,0,0.125,16
18,10,2014,5,392668,2,2,16,16,17,0,0,9
18,10,2014,6,392669,3,2,18,18,19,0,0.454545454545455,11
18,10,2014,7,392670,0,4,18,17.7,15,0,0.3,10
18,10,2014,8,392671,3,4,16,15.4545454545455,14,0,0,11
18,10,2014,9,392672,5,5,13,12.75,14,0,0,16
18,10,2014,10,392673,5,7,14,13.6111111111111,12,0,0,18
18,10,2014,11,392674,7,9,12,12.4347826086957,10,0,0,23
18,10,2014,12,392675,7,6,12.5,12.5625,12,0,0,16
18,10,2014,13,392676,6,10,9,9.7,9,0,0,20
18,10,2014,14,392677,8,15,3.5,4.23076923076923,2,0,0,26
18,10,2014,15,392678,7,7,1,1.33333333333333,1,0.133333333333333,0,15
18,10,2014,16,392679,6,7,3,3.05555555555556,3,0,0,18
18,10,2014,17,392680,14,8,5,5.42307692307692,8,0,0,26
18,10,2014,18,392681,11,7,11.5,11.25,12,0,0,20
18,10,2014,19,392682,13,8,18,17.2608695652174,18,0,0.260869565217391,23
18,10,2014,20,392683,3,2,18,18,19,0,0.444444444444444,9
18,10,2014,21,392684,5,5,18.5,18.125,19,0,0.5,16
18,10,2014,22,392685,1,1,19,18.75,19,0,0.75,8
18,10,2014,23,392686,1,3,19,18.5555555555556,17,0,0.666666666666667,9
19,10,2014,0,392687,4,9,14,14.6111111111111,13,0,0,18
19,10,2014,1,392688,7,7,12,11.85,13,0,0,20
19,10,2014,2,392689,3,10,10,10.0769230769231,6,0,0,26
19,10,2014,3,392690,2,3,5,5,5,0,0,10
19,10,2014,4,392691,1,2,3,2.85714285714286,3,0,0,7
19,10,2014,5,392692,2,0,4,4,5,0,0,7
19,10,2014,6,392693,0,2,4,4.28571428571429,3,0,0,7
19,10,2014,7,392694,2,2,2,2.44444444444444,2,0,0,9
19,10,2014,8,392695,4,3,2,2.22222222222222,3,0,0,9
19,10,2014,9,392696,2,4,1.5,1.58333333333333,1,0.0833333333333333,0,12
19,10,2014,10,392697,2,2,1,0.777777777777778,1,0.222222222222222,0,9
19,10,2014,11,392698,3,4,1,1.16666666666667,0,0.166666666666667,0,12
19,10,2014,12,392699,6,5,1,0.769230769230769,1,0.461538461538462,0,13
19,10,2014,13,392700,9,9,2,2.59090909090909,1,0,0,22
19,10,2014,14,392701,3,1,2,2.33333333333333,3,0,0,9
19,10,2014,15,392702,13,16,4,3.91666666666667,1,0,0,24
19,10,2014,16,392703,6,3,2,2.33333333333333,5,0,0,12
19,10,2014,17,392704,11,4,6.5,6.8,11,0,0,20
19,10,2014,18,392705,7,4,9,9.36842105263158,13,0,0,19
19,10,2014,19,392706,4,5,11,11.0769230769231,12,0,0,13
19,10,2014,20,392707,4,1,14,13.7,15,0,0,10
19,10,2014,21,392708,6,6,15,14.8666666666667,15,0,0,15
19,10,2014,22,392709,4,2,18,18,18,0,0.363636363636364,11
19,10,2014,23,392710,3,1,19,18.1818181818182,19,0,0.545454545454545,11
20,10,2014,0,392711,0,0,19,19,19,0,1,7
20,10,2014,1,392712,1,0,19,18.8571428571429,19,0,0.857142857142857,7
20,10,2014,2,392713,0,0,19,19,19,0,1,7
20,10,2014,3,392714,0,2,19,18.625,17,0,0.75,8
20,10,2014,4,392715,0,0,18,18,18,0,0,6
20,10,2014,5,392716,3,2,18,17.4444444444444,19,0,0.111111111111111,9
20,10,2014,6,392717,3,7,16,16.0769230769231,15,0,0.153846153846154,13
20,10,2014,7,392718,9,22,10,9.91176470588235,3,0,0,34
20,10,2014,8,392719,27,19,6,6.37209302325581,12,0,0,43
20,10,2014,9,392720,14,8,15,15.1481481481481,19,0,0.148148148148148,27
20,10,2014,10,392721,13,15,17,16.5405405405405,16,0,0,37
20,10,2014,11,392722,9,18,7,8.96551724137931,7,0,0,29
20,10,2014,12,392723,17,14,7,7.3,11,0,0,30
20,10,2014,13,392724,13,16,9,8.71875,8,0,0,32
20,10,2014,14,392725,12,7,10,10.0909090909091,12,0,0,22
20,10,2014,15,392726,9,6,14,14.3157894736842,16,0,0,19
20,10,2014,16,392727,5,15,12,11.1,6,0,0,20
20,10,2014,17,392728,17,20,7,7,5,0,0,38
20,10,2014,18,392729,28,18,7,6.81818181818182,14,0,0,44
20,10,2014,19,392730,17,13,17,17.0540540540541,17,0,0.162162162162162,37
20,10,2014,20,392731,7,6,19,18.52,19,0,0.64,25
20,10,2014,21,392732,5,8,18,18.1,15,0,0.4,20
20,10,2014,22,392733,8,5,17,16.8947368421053,18,0,0.157894736842105,19
20,10,2014,23,392734,1,10,12.5,12.5833333333333,9,0,0,12
21,10,2014,0,392735,9,5,11,11.3333333333333,14,0,0,15
21,10,2014,1,392736,2,1,14,14.2857142857143,15,0,0,7
21,10,2014,2,392737,0,0,15,15,15,0,0,7
21,10,2014,3,392738,0,0,15,15,15,0,0,6
21,10,2014,4,392739,0,0,15,15,15,0,0,6
21,10,2014,5,392740,0,1,14.5,14.5,14,0,0,6
21,10,2014,6,392741,5,6,14,14,14,0,0,15
21,10,2014,7,392742,12,18,9,9.26470588235294,9,0,0,34
21,10,2014,8,392743,14,25,5,5.04,0,0.04,0,50
21,10,2014,9,392744,18,6,7,6.13793103448276,12,0.0689655172413793,0,29
21,10,2014,10,392745,14,9,10,11.125,16,0,0,32
21,10,2014,11,392746,16,13,17,17,19,0,0.0571428571428571,35
21,10,2014,12,392747,11,10,17,16.9583333333333,19,0,0.166666666666667,24
21,10,2014,13,392748,8,9,17,16.6111111111111,18,0,0.166666666666667,18
21,10,2014,14,392749,7,12,16,15.4814814814815,13,0,0,27
21,10,2014,15,392750,7,3,16,16.7692307692308,19,0,0.307692307692308,13
21,10,2014,16,392751,6,13,18,16.88,12,0,0.2,25
21,10,2014,17,392752,21,24,14,14.375,11,0,0.05,40
21,10,2014,18,392753,19,11,17,16.027027027027,18,0,0.027027027027027,37
21,10,2014,19,392754,10,9,17,16.7307692307692,19,0,0.269230769230769,26
21,10,2014,20,392755,7,8,18,18.35,17,0,0.45,20
21,10,2014,21,392756,4,2,19,18.5833333333333,19,0,0.666666666666667,12
21,10,2014,22,392757,9,10,18,17.4230769230769,18,0,0.230769230769231,26
21,10,2014,23,392758,10,9,17,16.9545454545455,18,0,0.136363636363636,22
22,10,2014,0,392759,0,2,16,15.9090909090909,15,0,0,11
22,10,2014,1,392760,1,0,16.5,16.5,17,0,0,6
22,10,2014,2,392761,0,0,17,17,17,0,0,7
22,10,2014,3,392762,0,0,17,17,17,0,0,6
22,10,2014,4,392763,0,0,17,17,17,0,0,6
22,10,2014,5,392764,0,1,17,16.8571428571429,16,0,0,7
22,10,2014,6,392765,4,6,17.5,17.375,15,0,0.1875,16
22,10,2014,7,392766,14,20,12,12.0588235294118,8,0,0,34
22,10,2014,8,392767,22,18,8,8.40909090909091,11,0,0,44
22,10,2014,9,392768,10,3,19,16.8260869565217,19,0,0.521739130434783,23
22,10,2014,10,392769,4,8,16,16.25,15,0,0.0625,16
22,10,2014,11,392770,11,11,16,15.962962962963,15,0,0.111111111111111,27
22,10,2014,12,392771,17,18,16,14.9714285714286,15,0,0.0571428571428571,35
22,10,2014,13,392772,14,15,17,16.4705882352941,15,0,0.147058823529412,34
22,10,2014,14,392773,7,3,18,17.7142857142857,19,0,0.333333333333333,21
22,10,2014,15,392774,7,7,18,17.7391304347826,18,0,0.217391304347826,23
22,10,2014,16,392775,9,9,18,17.6521739130435,19,0,0.391304347826087,23
22,10,2014,17,392776,14,20,17,15.2564102564103,11,0,0.179487179487179,39
22,10,2014,18,392777,17,12,18,16.8378378378378,18,0,0.189189189189189,37
22,10,2014,19,392778,16,17,15,15.4864864864865,16,0,0.108108108108108,37
22,10,2014,20,392779,8,6,18,18.2272727272727,19,0,0.454545454545455,22
22,10,2014,21,392780,12,14,17,16.6923076923077,16,0,0.0769230769230769,26
22,10,2014,22,392781,7,6,17,17.2941176470588,18,0,0.117647058823529,17
22,10,2014,23,392782,14,14,15,14.9310344827586,18,0,0,29
23,10,2014,0,392783,3,5,17.5,17.4,15,0,0.2,10
23,10,2014,1,392784,3,1,14,14.4285714285714,16,0,0,7
23,10,2014,2,392785,3,1,16,16,18,0,0,13
23,10,2014,3,392786,0,0,18,18,18,0,0,6
23,10,2014,4,392787,0,0,18,18,18,0,0,6
23,10,2014,5,392788,1,2,17,17.2857142857143,17,0,0,7
23,10,2014,6,392789,3,7,18,17.4666666666667,14,0,0.333333333333333,15
23,10,2014,7,392790,15,15,12,11.8181818181818,14,0,0,33
23,10,2014,8,392791,26,21,17,16.3023255813953,19,0,0.13953488372093,43
23,10,2014,9,392792,9,9,17,16.8181818181818,17,0,0.227272727272727,22
23,10,2014,10,392793,9,10,17,16.962962962963,15,0,0.259259259259259,27
23,10,2014,11,392794,13,11,12,13.0434782608696,16,0,0,23
23,10,2014,12,392795,15,15,15,15.2162162162162,17,0,0,37
23,10,2014,13,392796,7,9,18,18,16,0,0.333333333333333,24
23,10,2014,14,392797,9,13,14,13.72,13,0,0,25
23,10,2014,15,392798,8,12,15,14.8275862068966,10,0,0.0689655172413793,29
23,10,2014,16,392799,16,10,12,12.3793103448276,15,0,0,29
23,10,2014,17,392800,16,13,18,18.0833333333333,19,0,0.416666666666667,36
23,10,2014,18,392801,13,15,17,17.25,16,0,0.111111111111111,36
23,10,2014,19,392802,14,12,18,18.0263157894737,19,0,0.342105263157895,38
23,10,2014,20,392803,13,19,16,15.9333333333333,12,0,0.133333333333333,30
23,10,2014,21,392804,11,5,14,14.65,19,0,0.1,20
23,10,2014,22,392805,3,3,19,18.75,19,0,0.75,12
23,10,2014,23,392806,16,15,15,15.625,19,0,0.15625,32
24,10,2014,0,392807,7,7,18,18.1363636363636,18,0,0.363636363636364,22
24,10,2014,1,392808,5,3,17,16.7142857142857,19,0,0.0714285714285714,14
24,10,2014,2,392809,3,3,19,18.3333333333333,19,0,0.666666666666667,12
24,10,2014,3,392810,0,0,19,19,19,0,1,6
24,10,2014,4,392811,0,0,19,19,19,0,1,6
24,10,2014,5,392812,0,0,19,19,19,0,1,6
24,10,2014,6,392813,1,4,17.5,17.5,16,0,0.3,10
24,10,2014,7,392814,11,9,16,15.8636363636364,17,0,0,22
24,10,2014,8,392815,16,18,16,16.6530612244898,15,0,0.142857142857143,49
24,10,2014,9,392816,8,6,16,15.5789473684211,16,0,0,19
24,10,2014,10,392817,6,6,16,16.1875,17,0,0,16
24,10,2014,11,392818,11,13,15,14.7692307692308,14,0,0,26
24,10,2014,12,392819,12,8,16,15.32,17,0,0,25
24,10,2014,13,392820,9,9,16,16.24,17,0,0,25
24,10,2014,14,392821,8,8,17,16.304347826087,16,0,0,23
24,10,2014,15,392822,13,13,15,14.7857142857143,14,0,0,28
24,10,2014,16,392823,11,9,16,15.6818181818182,17,0,0,22
24,10,2014,17,392824,16,16,15,14.3939393939394,16,0,0,33
24,10,2014,18,392825,9,16,16,13.7575757575758,10,0,0,33
24,10,2014,19,392826,15,12,12,11.96875,12,0,0,32
24,10,2014,20,392827,6,2,17,16.0625,17,0,0,16
24,10,2014,21,392828,8,7,15.5,15.45,17,0,0,20
24,10,2014,22,392829,12,14,13,13.3846153846154,14,0,0,26
24,10,2014,23,392830,12,9,16,15.45,16,0,0,20
25,10,2014,0,392831,4,4,15,15.2666666666667,15,0,0,15
25,10,2014,1,392832,12,13,15,15.0588235294118,14,0,0,34
25,10,2014,2,392833,11,12,13.5,13.6923076923077,12,0,0,26
25,10,2014,3,392834,5,16,3,4.82352941176471,1,0.0588235294117647,0,34
25,10,2014,4,392835,2,3,1,1,1,0.272727272727273,0,11
25,10,2014,5,392836,3,1,1,1.3,3,0.2,0,10
25,10,2014,6,392837,0,0,3,3,3,0,0,6
25,10,2014,7,392838,2,2,3,2.44444444444444,3,0,0,9
25,10,2014,8,392839,2,5,2,1.69230769230769,0,0.153846153846154,0,13
25,10,2014,9,392840,7,7,2,1.88235294117647,1,0.0588235294117647,0,17
25,10,2014,10,392841,9,5,5,4.64705882352941,6,0,0,17
25,10,2014,11,392842,4,4,8,7.53846153846154,8,0,0,13
25,10,2014,12,392843,11,3,9.5,10.7857142857143,16,0,0,14
25,10,2014,13,392844,1,2,15,14.75,15,0,0,8
25,10,2014,14,392845,4,5,15,15.1538461538462,14,0,0,13
25,10,2014,15,392846,9,6,11,12.0909090909091,16,0,0,22
25,10,2014,16,392847,8,17,10.5,10.2692307692308,5,0,0,26
25,10,2014,17,392848,10,10,6,6.59090909090909,6,0,0,22
25,10,2014,18,392849,12,12,8,7.56,6,0,0,25
25,10,2014,19,392850,13,7,10,9.73913043478261,13,0,0,23
25,10,2014,20,392851,11,8,13.5,13.6111111111111,15,0,0,18
25,10,2014,21,392852,1,1,16,16.375,16,0,0,8
25,10,2014,22,392853,2,6,15,15.4615384615385,13,0,0,13
25,10,2014,23,392854,5,9,8,9.08333333333333,7,0,0,12
26,10,2014,0,392855,2,6,3,3.90909090909091,3,0,0,11
26,10,2014,1,392856,6,1,7,6.53846153846154,8,0,0,13
26,10,2014,1,392857,4,5,7,7,7,0,0,13
26,10,2014,2,392858,4,4,7.5,7.28571428571429,8,0,0,14
26,10,2014,3,392859,1,2,8,8.22222222222222,7,0,0,9
26,10,2014,4,392860,1,4,4.5,4.9,4,0,0,10
26,10,2014,5,392861,2,0,4,4.66666666666667,6,0,0,6
26,10,2014,6,392862,0,0,6,6,6,0,0,6
26,10,2014,7,392863,3,2,6,6.1,6,0,0,10
26,10,2014,8,392864,3,2,7,6.66666666666667,7,0,0,9
26,10,2014,9,392865,4,6,7,7.13333333333333,5,0,0,15
26,10,2014,10,392866,2,4,2,2.16666666666667,3,0,0,12
26,10,2014,11,392867,6,6,2,2.21428571428571,2,0,0,14
26,10,2014,12,392868,2,1,2,1.66666666666667,3,0,0,9
26,10,2014,13,392869,3,7,2,1.61538461538462,0,0.230769230769231,0,13
26,10,2014,14,392870,7,6,1,1.05263157894737,1,0.263157894736842,0,19
26,10,2014,15,392871,5,6,1,1,0,0.363636363636364,0,11
26,10,2014,16,392872,5,3,1,0.916666666666667,2,0.416666666666667,0,12
26,10,2014,17,392873,5,4,2,1.76923076923077,3,0.0769230769230769,0,13
26,10,2014,18,392874,8,6,4,4.41176470588235,5,0,0,17
26,10,2014,19,392875,5,5,4,3.64285714285714,4,0,0,14
26,10,2014,20,392876,3,2,4,4.11111111111111,5,0,0,9
26,10,2014,21,392877,3,1,6,6.375,7,0,0,8
26,10,2014,22,392878,1,3,6.5,6.1,4,0,0,10
26,10,2014,23,392879,3,3,3,2.90909090909091,4,0,0,11
27,10,2014,0,392880,2,4,2,2.54545454545455,2,0,0,11
27,10,2014,1,392881,0,0,3,3,3,0,0,6
27,10,2014,2,392882,0,0,3,3,3,0,0,7
27,10,2014,3,392883,0,0,3,3,3,0,0,6
27,10,2014,4,392884,1,1,3.5,3.5,3,0,0,10
27,10,2014,5,392885,0,1,3,2.66666666666667,2,0,0,6
27,10,2014,6,392886,2,3,2,1.72727272727273,1,0.0909090909090909,0,11
27,10,2014,7,392887,6,6,1,0.588235294117647,0,0.470588235294118,0,17
27,10,2014,8,392888,15,12,3,3.03571428571429,3,0.214285714285714,0,28
27,10,2014,9,392889,8,6,4,3.6875,5,0.0625,0,16
27,10,2014,10,392890,7,9,2,2.73684210526316,3,0.0526315789473684,0,19
27,10,2014,11,392891,8,10,3,2.8,1,0.08,0,25
27,10,2014,12,392892,8,6,2,1.70588235294118,3,0,0,17
27,10,2014,13,392893,6,7,3,2.78947368421053,2,0,0,19
27,10,2014,14,392894,2,3,1,0.818181818181818,0,0.272727272727273,0,11
27,10,2014,15,392895,5,5,2,1.875,1,0.125,0,16
27,10,2014,16,392896,7,4,2,1.625,3,0.25,0,16
27,10,2014,17,392897,12,6,6,5.65217391304348,9,0,0,23
27,10,2014,18,392898,11,10,9,9.08,10,0,0,25
27,10,2014,19,392899,8,9,11,10.7619047619048,10,0,0,21
27,10,2014,20,392900,9,4,14,13.7368421052632,16,0,0,19
27,10,2014,21,392901,5,6,13,13.1428571428571,14,0,0,14
27,10,2014,22,392902,8,3,17,16.6428571428571,19,0,0.214285714285714,14
27,10,2014,23,392903,3,3,18.5,18.5,19,0,0.5,10
28,10,2014,0,392904,0,7,15,15.2727272727273,12,0,0.0909090909090909,11
28,10,2014,1,392905,0,1,11,11.25,11,0,0,8
28,10,2014,2,392906,0,2,10,10,9,0,0,7
28,10,2014,3,392907,0,0,9,9,9,0,0,6
28,10,2014,4,392908,0,1,9,8.66666666666667,8,0,0,6
28,10,2014,5,392909,0,1,7,7.25,7,0,0,8
28,10,2014,6,392910,1,4,7,6.3,4,0,0,10
28,10,2014,7,392911,9,12,3,2.79166666666667,0,0.0416666666666667,0,24
28,10,2014,8,392912,18,14,4,3.60606060606061,4,0.0606060606060606,0,33
28,10,2014,9,392913,9,4,6.5,6.05555555555556,8,0,0,18
28,10,2014,10,392914,6,1,11,11.0769230769231,14,0,0,13
28,10,2014,11,392915,9,10,12,11.8181818181818,13,0,0,22
28,10,2014,12,392916,11,6,15,14.9411764705882,19,0,0.176470588235294,17
28,10,2014,13,392917,6,9,16,16.047619047619,15,0,0,21
28,10,2014,14,392918,5,8,12,12.8421052631579,13,0,0,19
28,10,2014,15,392919,6,2,12.5,12.8571428571429,16,0,0,14
28,10,2014,16,392920,9,9,16,16.08,17,0,0,25
28,10,2014,17,392921,4,2,19,18.4666666666667,19,0,0.533333333333333,15
28,10,2014,18,392922,11,13,16,16.6538461538462,16,0,0.153846153846154,26
28,10,2014,19,392923,6,6,13,13.4285714285714,15,0,0,21
28,10,2014,20,392924,11,7,17,16.7272727272727,18,0,0.136363636363636,22
28,10,2014,21,392925,5,8,18,17.65,16,0,0.4,20
28,10,2014,22,392926,4,3,17,17.2727272727273,18,0,0.0909090909090909,11
28,10,2014,23,392927,3,6,17,16.9090909090909,14,0,0.0909090909090909,11
29,10,2014,0,392928,1,1,14,14.2857142857143,14,0,0,7
29,10,2014,1,392929,1,0,15,14.8333333333333,15,0,0,6
29,10,2014,2,392930,0,0,15,15,15,0,0,7
29,10,2014,3,392931,2,4,13.5,13.375,13,0,0,8
29,10,2014,4,392932,1,0,14,13.7142857142857,14,0,0,7
29,10,2014,5,392933,0,2,13,12.8571428571429,12,0,0,7
29,10,2014,6,392934,0,3,12,12,10,0,0,9
29,10,2014,7,392935,6,13,5,5.72222222222222,4,0,0,18
29,10,2014,8,392936,18,10,7,7.55555555555556,13,0,0,27
29,10,2014,9,392937,7,2,16,16.4615384615385,19,0,0.0769230769230769,13
29,10,2014,10,392938,7,7,19,18.4210526315789,19,0,0.526315789473684,19
29,10,2014,11,392939,8,7,18,17.2631578947368,19,0,0.263157894736842,19
29,10,2014,12,392940,3,3,19,18.625,19,0,0.75,16
29,10,2014,13,392941,3,7,18,17.0769230769231,14,0,0.307692307692308,13
29,10,2014,14,392942,5,1,18,16.9090909090909,18,0,0.272727272727273,11
29,10,2014,15,392943,5,3,18,17.8181818181818,19,0,0.363636363636364,11
29,10,2014,16,392944,6,6,18,17.7142857142857,19,0,0.285714285714286,14
29,10,2014,17,392945,9,9,17,16.8,19,0,0.15,20
29,10,2014,18,392946,8,8,17,17.1052631578947,18,0,0.105263157894737,19
29,10,2014,19,392947,10,8,18,17.6666666666667,19,0,0.291666666666667,24
29,10,2014,20,392948,2,2,19,18.7272727272727,19,0,0.727272727272727,11
29,10,2014,21,392949,3,4,18,17.7692307692308,18,0,0.153846153846154,13
29,10,2014,22,392950,6,6,18,18.1818181818182,19,0,0.409090909090909,22
29,10,2014,23,392951,3,3,18,18.1428571428571,19,0,0.428571428571429,7
30,10,2014,0,392952,1,1,19,18.875,19,0,0.875,8
30,10,2014,1,392953,0,0,19,19,19,0,1,6
30,10,2014,2,392954,1,1,18,17.8888888888889,18,0,0,9
30,10,2014,3,392955,0,0,18,18,18,0,0,6
30,10,2014,4,392956,0,0,18,18,18,0,0,6
30,10,2014,5,392957,2,2,18,17.8888888888889,18,0,0.111111111111111,9
30,10,2014,6,392958,1,5,18,17.0909090909091,14,0,0.181818181818182,11
30,10,2014,7,392959,5,9,9,9.3,10,0,0,20
30,10,2014,8,392960,16,8,10.5,11.3214285714286,17,0,0,28
30,10,2014,9,392961,7,7,17,16.6666666666667,16,0,0.0666666666666667,15
30,10,2014,10,392962,11,7,17,16.7916666666667,19,0,0.125,24
30,10,2014,11,392963,3,3,18,17.8571428571429,19,0,0.357142857142857,14
30,10,2014,12,392964,5,6,18,17.8333333333333,18,0,0.166666666666667,18
30,10,2014,13,392965,1,5,16,15.1111111111111,12,0,0,9
30,10,2014,14,392966,6,8,14,13.2857142857143,11,0,0,21
30,10,2014,15,392967,6,6,13,13.3333333333333,13,0,0,15
30,10,2014,16,392968,10,5,14,14.4210526315789,17,0,0,19
30,10,2014,17,392969,7,7,18,17.9473684210526,18,0,0.315789473684211,19
30,10,2014,18,392970,7,7,18,17.8695652173913,19,0,0.217391304347826,23
30,10,2014,19,392971,3,3,19,18.8125,19,0,0.8125,16
30,10,2014,20,392972,6,8,17,16.9,16,0,0.2,20
30,10,2014,21,392973,8,7,18,17.6470588235294,18,0,0.235294117647059,17
30,10,2014,22,392974,7,13,15,14.3478260869565,11,0,0,23
30,10,2014,23,392975,11,6,16,15.7727272727273,18,0,0,22
31,10,2014,0,392976,1,3,18,17.8,16,0,0.3,10
31,10,2014,1,392977,0,2,16,15.4285714285714,14,0,0,7
31,10,2014,2,392978,5,3,15,15.8181818181818,17,0,0,11
31,10,2014,3,392979,1,0,18,17.7142857142857,18,0,0,7
31,10,2014,4,392980,1,1,18,18.4285714285714,18,0,0.428571428571429,7
31,10,2014,5,392981,0,1,17,17.3333333333333,17,0,0,6
31,10,2014,6,392982,3,1,18.5,18.4,19,0,0.5,10
31,10,2014,7,392983,6,8,17.5,17.5,16,0,0.2,20
31,10,2014,8,392984,11,10,15,14.8181818181818,17,0,0,22
31,10,2014,9,392985,3,4,18.5,18.4285714285714,17,0,0.5,14
31,10,2014,10,392986,3,4,16,15.7368421052632,16,0,0,19
31,10,2014,11,392987,8,6,18,18.047619047619,18,0,0.428571428571429,21
31,10,2014,12,392988,8,8,19,18.5185185185185,19,0,0.592592592592593,27
31,10,2014,13,392989,1,3,18,18.1538461538462,17,0,0.461538461538462,13
31,10,2014,14,392990,9,8,17.5,17,18,0,0.227272727272727,22
31,10,2014,15,392991,5,4,18,17.7692307692308,19,0,0.230769230769231,13
31,10,2014,16,392992,4,7,18,17.8235294117647,16,0,0.235294117647059,17
31,10,2014,17,392993,11,7,18,17.7391304347826,18,0,0.347826086956522,23
31,10,2014,18,392994,7,9,18,17.7777777777778,16,0,0.148148148148148,27
31,10,2014,19,392995,8,7,18,17.5333333333333,19,0,0.0666666666666667,15
31,10,2014,20,392996,7,8,18,17.5294117647059,17,0,0.235294117647059,17
31,10,2014,21,392997,4,2,19,18.4545454545455,19,0,0.636363636363636,11
31,10,2014,22,392998,2,4,17.5,17.5,16,0,0.3,10
31,10,2014,23,392999,5,4,18,18.0666666666667,18,0,0.333333333333333,15
1,11,2014,0,393000,1,3,19,18.2857142857143,16,0,0.571428571428571,14
1,11,2014,1,393001,0,3,17,16.4,14,0,0,10
1,11,2014,2,393002,5,10,10,10.6086956521739,9,0,0,23
1,11,2014,3,393003,3,10,5,4.42857142857143,2,0.0476190476190476,0,21
1,11,2014,4,393004,0,2,1,0.777777777777778,0,0.333333333333333,0,9
1,11,2014,5,393005,0,0,0,0,0,1,0,6
1,11,2014,6,393006,1,0,1,0.833333333333333,1,0.166666666666667,0,6
1,11,2014,7,393007,2,0,2.5,2.125,3,0,0,8
1,11,2014,8,393008,3,2,4,4,4,0,0,9
1,11,2014,9,393009,4,5,5,5,4,0,0,11
1,11,2014,10,393010,7,7,3,3,3,0,0,15
1,11,2014,11,393011,9,9,4,4.05882352941176,3,0,0,17
1,11,2014,12,393012,10,7,4,4.25,5,0,0,20
1,11,2014,13,393013,6,11,4,3.52631578947368,0,0.0526315789473684,0,19
1,11,2014,14,393014,9,5,1,2,4,0.235294117647059,0,17
1,11,2014,15,393015,4,5,2,1.78571428571429,2,0.142857142857143,0,14
1,11,2014,16,393016,12,5,5,5.55,9,0,0,20
1,11,2014,17,393017,8,3,13,12.875,15,0,0,16
1,11,2014,18,393018,7,8,15,15.1428571428571,15,0,0,21
1,11,2014,19,393019,8,11,11,11.3333333333333,12,0,0,24
1,11,2014,20,393020,5,5,10,10,10,0,0,20
1,11,2014,21,393021,6,2,13.5,13.5,15,0,0,10
1,11,2014,22,393022,4,2,18,17.7272727272727,18,0,0.272727272727273,11
1,11,2014,23,393023,4,11,16,14.7777777777778,11,0,0,18
2,11,2014,0,393024,5,5,12.5,12.6666666666667,11,0,0,12
2,11,2014,1,393025,7,1,13,14,18,0,0,10
2,11,2014,2,393026,0,1,18,17.7272727272727,17,0,0,11
2,11,2014,3,393027,3,2,17,17.1,18,0,0,10
2,11,2014,4,393028,1,0,19,18.7142857142857,19,0,0.714285714285714,7
2,11,2014,5,393029,0,0,19,19,19,0,1,6
2,11,2014,6,393030,0,0,19,19,19,0,1,6
2,11,2014,7,393031,0,3,17,17.375,16,0,0.125,8
2,11,2014,8,393032,0,0,16,16,16,0,0,6
2,11,2014,9,393033,1,2,15,15.2857142857143,15,0,0,7
2,11,2014,10,393034,5,4,13,12.8181818181818,14,0,0,11
2,11,2014,11,393035,5,7,14,13.6,12,0,0,15
2,11,2014,12,393036,5,5,10,10.0833333333333,11,0,0,12
2,11,2014,13,393037,4,8,11,10.9473684210526,8,0,0,19
2,11,2014,14,393038,2,8,6,5.76470588235294,2,0,0,17
2,11,2014,15,393039,3,1,3,2.85714285714286,4,0,0,7
2,11,2014,16,393040,3,8,2,2.28571428571429,0,0.0714285714285714,0,14
2,11,2014,17,393041,5,3,2,1.69230769230769,2,0.153846153846154,0,13
2,11,2014,18,393042,6,4,4,4.125,5,0,0,16
2,11,2014,19,393043,4,4,2.5,2.71428571428571,4,0,0,14
2,11,2014,20,393044,3,6,2,2.30769230769231,0,0.0769230769230769,0,13
2,11,2014,21,393045,2,0,0,0.571428571428571,2,0.571428571428571,0,7
2,11,2014,22,393046,0,1,2,1.85714285714286,1,0,0,7
2,11,2014,23,393047,1,1,1,1.14285714285714,1,0,0,7
3,11,2014,0,393048,1,0,2,1.85714285714286,2,0,0,7
3,11,2014,1,393049,0,0,4,4,4,0,0,6
3,11,2014,2,393050,0,0,4,4,4,0,0,7
3,11,2014,3,393051,0,0,4,4,4,0,0,6
3,11,2014,4,393052,0,0,4,4,4,0,0,6
3,11,2014,5,393053,0,1,3,3.33333333333333,3,0,0,6
3,11,2014,6,393054,1,3,3,3,1,0,0,9
3,11,2014,7,393055,5,6,1,0.6875,0,0.4375,0,16
3,11,2014,8,393056,10,11,1,0.833333333333333,0,0.333333333333333,0,24
3,11,2014,9,393057,2,3,0,0.555555555555556,0,0.555555555555556,0,9
3,11,2014,10,393058,6,1,1,2.18181818181818,5,0.363636363636364,0,11
3,11,2014,11,393059,6,7,3,3.0625,4,0.0625,0,16
3,11,2014,12,393060,4,5,2,2,2,0,0,11
3,11,2014,13,393061,8,4,5,5.21428571428571,7,0,0,14
3,11,2014,14,393062,6,3,11,10.8666666666667,12,0,0,15
3,11,2014,15,393063,2,5,13,13,10,0,0,12
3,11,2014,16,393064,3,4,9,9,9,0,0,9
3,11,2014,17,393065,2,3,10,9.8,9,0,0,10
3,11,2014,18,393066,6,6,8.5,8.4375,9,0,0,16
3,11,2014,19,393067,2,2,8,7.88888888888889,8,0,0,9
3,11,2014,20,393068,2,5,8,7.69230769230769,5,0,0,13
3,11,2014,21,393069,0,2,4,4.125,3,0,0,8
3,11,2014,22,393070,1,0,3,2.85714285714286,3,0,0,7
3,11,2014,23,393071,1,1,3,3.375,3,0,0,8
4,11,2014,0,393072,1,0,4,3.66666666666667,4,0,0,6
4,11,2014,1,393073,1,1,4,4.16666666666667,4,0,0,6
4,11,2014,2,393074,0,0,4,4,4,0,0,7
4,11,2014,3,393075,0,0,4,4,4,0,0,6
4,11,2014,4,393076,0,0,4,4,4,0,0,6
4,11,2014,5,393077,0,1,3,3.33333333333333,3,0,0,6
4,11,2014,6,393078,4,3,4,4.36363636363636,4,0,0,11
4,11,2014,7,393079,2,5,2,2.45454545454545,2,0,0,11
4,11,2014,9,393081,2,1,2,1.71428571428571,3,0,0,7
4,11,2014,10,393082,4,7,4,3.55,1,0,0,20
4,11,2014,11,393083,5,4,1,0.857142857142857,1,0.357142857142857,0,14
4,11,2014,12,393084,3,3,1,0.888888888888889,2,0.444444444444444,0,9
4,11,2014,13,393085,1,3,2,1.63636363636364,1,0,0,11
4,11,2014,14,393086,4,4,1.5,1.75,1,0,0,12
4,11,2014,15,393087,6,5,2,2.28571428571429,3,0,0,14
4,11,2014,16,393088,8,4,3,3,7,0,0,15
4,11,2014,17,393089,8,11,5,5,5,0,0,25
4,11,2014,18,393090,16,15,4,4.09677419354839,4,0.0645161290322581,0,31
4,11,2014,19,393091,15,7,10,10.125,14,0,0,24
4,11,2014,20,393092,9,6,16,15.6470588235294,18,0,0,17
4,11,2014,21,393093,4,5,19,18.4666666666667,17,0,0.533333333333333,15
4,11,2014,22,393094,5,4,18,18,19,0,0.230769230769231,13
4,11,2014,23,393095,2,4,18,18,17,0,0.3,10
5,11,2014,0,393096,1,1,17,16.6666666666667,17,0,0,6
5,11,2014,1,393097,0,0,17,17,17,0,0,6
5,11,2014,2,393098,0,1,17,16.7,16,0,0,10
5,11,2014,3,393099,0,0,16,16,16,0,0,6
5,11,2014,4,393100,1,0,17,16.8333333333333,17,0,0,6
5,11,2014,5,393101,0,0,17,17,17,0,0,6
5,11,2014,6,393102,1,4,18,17.6363636363636,15,0,0.363636363636364,11
5,11,2014,7,393103,9,19,13,11.6875,3,0,0,32
5,11,2014,8,393104,13,9,4,4.57692307692308,7,0,0,26
5,11,2014,9,393105,8,4,8,8.58823529411765,11,0,0,17
5,11,2014,10,393106,2,10,3,4.06666666666667,2,0.0666666666666667,0,15
5,11,2014,11,393107,4,4,2,2.38461538461538,2,0,0,13
5,11,2014,12,393108,12,5,6.5,6.4,8,0,0,20
5,11,2014,13,393109,5,8,6,6.86666666666667,6,0,0,15
5,11,2014,14,393110,4,5,4,4.4,4,0,0,15
5,11,2014,15,393111,2,2,4,4,4,0,0,7
5,11,2014,16,393112,4,3,12,12.125,14,0,0,8
5,11,2014,17,393113,12,6,15,15.7619047619048,19,0,0.19047619047619,21
5,11,2014,18,393114,6,6,18,18.3076923076923,19,0,0.461538461538462,13
5,11,2014,19,393115,8,7,18,18,19,0,0.35,20
5,11,2014,20,393116,4,6,18,18,16,0,0.263157894736842,19
5,11,2014,21,393117,3,1,18,18.1428571428571,19,0,0.285714285714286,7
5,11,2014,22,393118,2,6,18,17.4375,14,0,0.0625,16
5,11,2014,23,393119,6,9,14,14.1052631578947,12,0,0,19
6,11,2014,0,393120,0,1,11,11.25,11,0,0,8
6,11,2014,1,393121,2,0,13,12.5,13,0,0,8
6,11,2014,2,393122,0,0,13,13,13,0,0,11
6,11,2014,3,393123,0,0,13,13,13,0,0,6
6,11,2014,4,393124,0,1,12,12.4285714285714,12,0,0,7
6,11,2014,5,393125,2,1,13,12.7142857142857,13,0,0,7
6,11,2014,6,393126,2,6,12,11.8181818181818,9,0,0,11
6,11,2014,7,393127,12,20,6,5.39393939393939,1,0.0909090909090909,0,33
6,11,2014,8,393128,13,10,3,3.29166666666667,5,0.0416666666666667,0,24
6,11,2014,9,393129,9,4,6,6.42105263157895,11,0,0,19
6,11,2014,10,393130,7,4,14,14.4736842105263,15,0,0,19
6,11,2014,11,393131,4,8,13,13,12,0,0,17
6,11,2014,12,393132,11,11,9.5,9,10,0,0,24
6,11,2014,13,393133,8,3,12.5,12.6666666666667,16,0,0,18
6,11,2014,14,393134,6,6,18,17.7857142857143,17,0,0.285714285714286,14
6,11,2014,15,393135,4,4,18,17.8571428571429,17,0,0.285714285714286,14
6,11,2014,16,393136,6,5,18,18.4285714285714,19,0,0.476190476190476,21
6,11,2014,17,393137,10,13,16,16,16,0,0.103448275862069,29
6,11,2014,18,393138,12,10,16.5,16.3846153846154,19,0,0.269230769230769,26
6,11,2014,19,393139,9,9,18,17.7826086956522,19,0,0.304347826086957,23
6,11,2014,20,393140,3,5,16.5,16.4166666666667,16,0,0,12
6,11,2014,21,393141,7,8,14,14.5263157894737,15,0,0,19
6,11,2014,22,393142,7,4,17.5,16.8571428571429,17,0,0.285714285714286,14
6,11,2014,23,393143,4,5,17,16.7857142857143,16,0,0,14
7,11,2014,0,393144,3,0,18.5,17.875,19,0,0.5,8
7,11,2014,1,393145,0,2,19,18.5,17,0,0.625,8
7,11,2014,2,393146,0,0,18,18,18,0,0,7
7,11,2014,3,393147,1,0,19,18.5714285714286,19,0,0.571428571428571,7
7,11,2014,4,393148,1,1,17,17.4285714285714,18,0,0,7
7,11,2014,5,393149,1,1,19,18.5555555555556,18,0,0.555555555555556,9
7,11,2014,6,393150,1,1,18,17.8333333333333,18,0,0,6
7,11,2014,7,393151,1,6,15.5,15.3333333333333,13,0,0,12
7,11,2014,8,393152,12,12,13,12.9230769230769,14,0,0,26
7,11,2014,9,393153,5,3,16,15.5,16,0,0,14
7,11,2014,10,393154,2,1,18,18.3333333333333,18,0,0.444444444444444,9
7,11,2014,11,393155,5,6,18,17.6666666666667,16,0,0.333333333333333,15
7,11,2014,12,393156,6,7,16,16.5555555555556,15,0,0.111111111111111,18
7,11,2014,13,393157,7,15,10,9.60869565217391,8,0,0,23
7,11,2014,14,393158,14,5,16,14.7619047619048,18,0,0,21
7,11,2014,15,393159,5,6,18,18.2105263157895,17,0,0.368421052631579,19
7,11,2014,16,393160,6,9,16,16.25,15,0,0.0416666666666667,24
7,11,2014,17,393161,12,11,17,16.8214285714286,15,0,0.142857142857143,28
7,11,2014,18,393162,10,9,15,15,15,0,0,22
7,11,2014,19,393163,8,10,16,16.2083333333333,14,0,0.0416666666666667,24
7,11,2014,20,393164,9,5,18,17.9,19,0,0.35,20
7,11,2014,21,393165,1,1,19,18.8,19,0,0.8,10
7,11,2014,22,393166,5,5,18,17.6,19,0,0.2,15
7,11,2014,23,393167,2,2,19,18.75,19,0,0.75,8
8,11,2014,0,393168,0,6,17,16.6666666666667,13,0,0.333333333333333,12
8,11,2014,1,393169,1,3,12,12.5555555555556,12,0,0,9
8,11,2014,2,393170,8,1,16,15.4615384615385,19,0,0.0769230769230769,13
8,11,2014,3,393171,1,2,18,18.1111111111111,18,0,0.333333333333333,9
8,11,2014,4,393172,1,1,17.5,17.5,18,0,0,6
8,11,2014,5,393173,0,0,18,18,18,0,0,6
8,11,2014,6,393174,1,1,18,17.8571428571429,18,0,0,7
8,11,2014,7,393175,1,0,19,18.5714285714286,19,0,0.571428571428571,7
8,11,2014,8,393176,2,5,18,17.7142857142857,16,0,0.285714285714286,14
8,11,2014,9,393177,6,3,16,16,17,0,0,14
8,11,2014,10,393178,3,2,19,18.7142857142857,19,0,0.714285714285714,14
8,11,2014,11,393179,7,9,18,17.75,16,0,0.25,20
8,11,2014,12,393180,6,4,17,16.9166666666667,18,0,0.166666666666667,12
8,11,2014,13,393181,4,3,18,18.0909090909091,19,0,0.454545454545455,11
8,11,2014,14,393182,6,10,17,16.6666666666667,15,0,0.222222222222222,18
8,11,2014,15,393183,8,10,13,12.695652173913,13,0,0,23
8,11,2014,16,393184,5,6,11,11.2,12,0,0,15
8,11,2014,17,393185,11,4,16.5,15.25,19,0,0.3125,16
8,11,2014,18,393186,9,10,15,15.48,17,0,0.16,25
8,11,2014,19,393187,9,7,18,17.3529411764706,19,0,0.352941176470588,17
8,11,2014,20,393188,0,3,18,17.8888888888889,16,0,0.333333333333333,9
8,11,2014,21,393189,4,2,18,17.8571428571429,19,0,0.357142857142857,14
8,11,2014,22,393190,3,6,18,18,15,0,0.428571428571429,14
8,11,2014,23,393191,4,3,17,17.3,17,0,0.2,10
9,11,2014,0,393192,5,7,16,15.35,15,0,0,20
9,11,2014,1,393193,5,7,9.5,9.88461538461539,11,0,0,26
9,11,2014,2,393194,1,5,8,8.07692307692308,7,0,0,13
9,11,2014,3,393195,0,4,4,4.13333333333333,2,0,0,15
9,11,2014,4,393196,0,1,2,1.57142857142857,1,0,0,7
9,11,2014,5,393197,3,2,2,1.7,2,0.1,0,10
9,11,2014,6,393198,2,2,1,1,1,0.222222222222222,0,9
9,11,2014,7,393199,0,1,1,0.833333333333333,0,0.166666666666667,0,6
9,11,2014,8,393200,2,0,0,0.571428571428571,2,0.571428571428571,0,7
9,11,2014,9,393201,4,4,2,1.91666666666667,2,0.0833333333333333,0,12
9,11,2014,10,393202,2,0,1.5,1.75,3,0,0,8
9,11,2014,11,393203,3,5,3,3,1,0,0,13
9,11,2014,12,393204,8,6,3,3.07692307692308,3,0,0,13
9,11,2014,13,393205,4,1,4,3.75,5,0,0,8
9,11,2014,14,393206,3,5,5,5.125,3,0,0,16
9,11,2014,15,393207,3,4,2,2.06666666666667,1,0.133333333333333,0,15
9,11,2014,16,393208,4,5,2,2.08333333333333,1,0.0833333333333333,0,12
9,11,2014,17,393209,13,0,9,9.18181818181818,16,0,0,11
9,11,2014,18,393210,2,6,15,14.9333333333333,13,0,0,15
9,11,2014,19,393211,6,8,13,13.4705882352941,12,0,0,17
9,11,2014,20,393212,4,3,11,11.3846153846154,12,0,0,13
9,11,2014,21,393213,4,4,13,12.4545454545455,13,0,0,11
9,11,2014,22,393214,3,3,11,11.2307692307692,12,0,0,13
9,11,2014,23,393215,1,6,10,10,7,0,0,12
10,11,2014,0,393216,2,1,7,7.3,8,0,0,10
10,11,2014,1,393217,1,3,7,6.72727272727273,6,0,0,11
10,11,2014,2,393218,0,0,6,6,6,0,0,6
10,11,2014,3,393219,0,0,6,6,6,0,0,6
10,11,2014,4,393220,0,0,6,6,6,0,0,6
10,11,2014,5,393221,1,3,5.5,5.25,4,0,0,8
10,11,2014,6,393222,1,1,4.5,4.5,4,0,0,8
10,11,2014,7,393223,11,11,4,3.90909090909091,3,0,0,22
10,11,2014,8,393224,9,8,4,3.6,4,0,0,20
10,11,2014,9,393225,8,7,4,3.8,6,0,0,20
10,11,2014,10,393226,4,4,8,8.3,7,0,0,10
10,11,2014,11,393227,6,7,6,6.52941176470588,5,0,0,17
10,11,2014,12,393228,5,7,2,2.15384615384615,3,0,0,13
10,11,2014,13,393229,5,7,3,2.88235294117647,2,0,0,17
10,11,2014,14,393230,5,6,1,1.26666666666667,0,0.133333333333333,0,15
10,11,2014,15,393231,3,3,0,0.545454545454545,0,0.545454545454545,0,11
10,11,2014,16,393232,8,3,4,4.76923076923077,7,0,0,13
10,11,2014,17,393233,7,3,10.5,10.25,13,0,0,12
10,11,2014,18,393234,15,14,15,15.6153846153846,15,0,0.0769230769230769,26
10,11,2014,19,393235,7,10,15,15.1923076923077,12,0,0,26
10,11,2014,20,393236,10,4,14.5,14.625,18,0,0,16
10,11,2014,21,393237,3,2,19,18.6363636363636,18,0,0.727272727272727,11
10,11,2014,22,393238,5,5,16,16.3846153846154,18,0,0,13
10,11,2014,23,393239,3,9,15,14.9333333333333,12,0,0,15
11,11,2014,0,393240,5,1,16,14.9090909090909,16,0,0,11
11,11,2014,1,393241,0,1,16,16.4285714285714,16,0,0,7
11,11,2014,2,393242,0,2,16,15.5,14,0,0,8
11,11,2014,3,393243,2,2,14.5,14.5,14,0,0,10
11,11,2014,4,393244,1,0,14,14.1428571428571,15,0,0,7
11,11,2014,5,393245,0,0,15,15,15,0,0,6
11,11,2014,6,393246,0,0,15,15,15,0,0,6
11,11,2014,7,393247,3,1,14.5,14.75,16,0,0,8
11,11,2014,8,393248,5,4,17.5,17.4166666666667,18,0,0.0833333333333333,12
11,11,2014,9,393249,2,2,19,18.625,18,0,0.625,8
11,11,2014,10,393250,8,8,18,17.95,18,0,0.4,20
11,11,2014,11,393251,6,4,17,17.4,19,0,0.133333333333333,15
11,11,2014,12,393252,4,12,15,15.1904761904762,11,0,0.0476190476190476,21
11,11,2014,13,393253,5,9,8,9.04347826086956,8,0,0,23
11,11,2014,14,393254,4,9,6.5,5.57142857142857,2,0,0,14
11,11,2014,15,393255,9,5,2.5,3,6,0,0,18
11,11,2014,16,393256,7,10,4,3.76190476190476,2,0,0,21
11,11,2014,17,393257,6,4,5.5,5.71428571428571,5,0,0,14
11,11,2014,18,393258,10,3,8,8.4,13,0,0,15
11,11,2014,19,393259,9,3,17,15.6666666666667,18,0,0,15
11,11,2014,20,393260,1,3,18.5,18.125,17,0,0.5,8
11,11,2014,21,393261,2,6,14,14.4615384615385,13,0,0,13
11,11,2014,22,393262,6,2,17,16.4545454545455,17,0,0,11
11,11,2014,23,393263,2,4,15,15.6363636363636,15,0,0,11
12,11,2014,0,393264,1,0,16,15.6666666666667,16,0,0,6
12,11,2014,1,393265,1,0,18,17.8333333333333,18,0,0,6
12,11,2014,2,393266,1,0,18,18.4,19,0,0.4,10
12,11,2014,3,393267,0,0,19,19,19,0,1,6
12,11,2014,4,393268,0,1,19,18.5714285714286,18,0,0.571428571428571,7
12,11,2014,5,393269,0,1,17,17.3333333333333,17,0,0,6
12,11,2014,6,393270,1,7,14.5,14.5833333333333,11,0,0,12
12,11,2014,7,393271,5,13,7.5,6.77272727272727,2,0,0,22
12,11,2014,8,393272,11,6,2,2.72727272727273,6,0,0,22
12,11,2014,9,393273,10,11,6,5.91304347826087,6,0,0,23
12,11,2014,10,393274,5,7,5,5,4,0,0,16
12,11,2014,11,393275,8,6,6,5.63157894736842,6,0,0,19
12,11,2014,12,393276,9,15,4,4.63333333333333,1,0,0,30
12,11,2014,13,393277,13,8,5,5.25,7,0,0,24
12,11,2014,14,393278,6,5,6,6.33333333333333,8,0,0,15
12,11,2014,15,393279,5,6,6.5,6.4375,7,0,0,16
12,11,2014,16,393280,4,9,3,3.04761904761905,1,0.0476190476190476,0,21
12,11,2014,17,393281,8,10,2,1.61904761904762,1,0.0952380952380952,0,21
12,11,2014,18,393282,19,9,9,8.03571428571429,12,0,0,28
12,11,2014,19,393283,9,3,18,17.2,19,0,0.4,20
12,11,2014,20,393284,10,10,18,17.5833333333333,18,0,0.166666666666667,24
12,11,2014,21,393285,5,7,18,18,16,0,0.4375,16
12,11,2014,22,393286,7,3,17,16.4705882352941,19,0,0.235294117647059,17
12,11,2014,23,393287,0,2,15,15,14,0,0,8
13,11,2014,0,393288,1,1,16,15.7,16,0,0,10
13,11,2014,1,393289,0,2,14.5,14.6666666666667,14,0,0,6
13,11,2014,2,393290,1,1,14,14.1111111111111,14,0,0,9
13,11,2014,3,393291,0,0,14,14,14,0,0,6
13,11,2014,4,393292,0,0,14,14,14,0,0,6
13,11,2014,5,393293,0,1,13,13.3333333333333,13,0,0,6
13,11,2014,6,393294,5,6,14.5,13.9285714285714,12,0,0,14
13,11,2014,7,393295,9,19,5,6.12903225806452,3,0,0,31
13,11,2014,8,393296,13,11,4,3.8,6,0,0,25
13,11,2014,9,393297,9,4,9,8.70588235294118,10,0,0,17
13,11,2014,10,393298,6,7,8,7.94117647058824,9,0,0,17
13,11,2014,11,393299,10,13,6,6.08695652173913,6,0,0,23
13,11,2014,12,393300,10,8,10,9.04347826086956,8,0,0,23
13,11,2014,13,393301,8,4,10.5,10.1875,13,0,0,16
13,11,2014,14,393302,7,6,14,14.5,15,0,0,18
13,11,2014,15,393303,8,11,14,13.5714285714286,12,0,0,21
13,11,2014,16,393304,10,5,15,15.2222222222222,17,0,0,18
13,11,2014,17,393305,11,10,18,17.9583333333333,18,0,0.375,24
13,11,2014,18,393306,10,11,18,18.1428571428571,18,0,0.357142857142857,28
13,11,2014,19,393307,8,8,18,17.7,17,0,0.2,20
13,11,2014,20,393308,11,9,19,18.2962962962963,19,0,0.518518518518518,27
13,11,2014,21,393309,3,3,18.5,18.4285714285714,19,0,0.5,14
13,11,2014,22,393310,2,2,19,18.7777777777778,19,0,0.777777777777778,9
13,11,2014,23,393311,4,8,17,16.875,14,0,0.1875,16
14,11,2014,0,393312,3,0,14,14.75,17,0,0,8
14,11,2014,1,393313,2,1,18,18.125,18,0,0.25,8
14,11,2014,2,393314,0,0,18,18,18,0,0,7
14,11,2014,3,393315,0,0,18,18,18,0,0,6
14,11,2014,4,393316,0,0,18,18,18,0,0,6
14,11,2014,5,393317,0,1,17,17.4285714285714,17,0,0,7
14,11,2014,6,393318,6,5,16,16.375,18,0,0.0625,16
14,11,2014,7,393319,8,18,13.5,14.03125,9,0,0.0625,32
14,11,2014,8,393320,20,14,10,10.1515151515152,14,0,0,33
14,11,2014,9,393321,8,5,17,17.0625,17,0,0.125,16
14,11,2014,10,393322,2,2,18,18.125,17,0,0.375,8
14,11,2014,11,393323,5,4,18,17.7333333333333,18,0,0.4,15
14,11,2014,12,393324,4,5,17,17.3076923076923,17,0,0.0769230769230769,13
14,11,2014,13,393325,2,3,16,16.3636363636364,16,0,0,11
14,11,2014,14,393326,6,4,16,16.1428571428571,18,0,0,14
14,11,2014,15,393327,3,3,19,18.7,19,0,0.7,10
14,11,2014,16,393328,3,3,19,18.7142857142857,19,0,0.714285714285714,14
14,11,2014,17,393329,12,14,17,16.59375,17,0,0.1875,32
14,11,2014,18,393330,11,10,18,17.8,19,0,0.48,25
14,11,2014,19,393331,6,8,17,17.1875,17,0,0.3125,16
14,11,2014,20,393332,5,4,18,17.9230769230769,19,0,0.461538461538462,13
14,11,2014,21,393333,5,7,17,16.9285714285714,16,0,0,14
14,11,2014,22,393334,4,1,17,17.4444444444444,19,0,0.222222222222222,9
14,11,2014,23,393335,4,4,18,18.2,19,0,0.466666666666667,15
15,11,2014,0,393336,6,6,18,17.9375,19,0,0.4375,16
15,11,2014,1,393337,1,4,19,18.2727272727273,16,0,0.545454545454545,11
15,11,2014,2,393338,2,3,16,15.6666666666667,15,0,0,12
15,11,2014,3,393339,1,3,14,13.7,13,0,0,10
15,11,2014,4,393340,0,1,12,12.375,12,0,0,8
15,11,2014,5,393341,1,1,12,11.8571428571429,12,0,0,7
15,11,2014,6,393342,1,0,12,12.3333333333333,13,0,0,6
15,11,2014,7,393343,2,1,13,12.75,14,0,0,8
15,11,2014,8,393344,1,4,13,12.75,11,0,0,12
15,11,2014,9,393345,8,5,14,13.625,14,0,0,16
15,11,2014,10,393346,4,8,11.5,11.6666666666667,10,0,0,12
15,11,2014,11,393347,6,12,6,5.75,3,0,0,20
15,11,2014,12,393348,12,8,6.5,6.04545454545455,8,0,0,22
15,11,2014,13,393349,6,8,4,4,5,0,0,16
15,11,2014,14,393350,2,4,3,3.36363636363636,3,0,0,11
15,11,2014,15,393351,8,6,5,4.64705882352941,5,0,0,17
15,11,2014,16,393352,4,3,5,4.57142857142857,5,0,0,14
15,11,2014,17,393353,11,3,10,9.52941176470588,14,0,0,17
15,11,2014,18,393354,6,3,18,17.5333333333333,17,0,0.4,15
15,11,2014,19,393355,6,5,16,15.4666666666667,17,0,0,15
15,11,2014,20,393356,3,2,19,18.7,19,0,0.7,10
15,11,2014,21,393357,2,1,19,18.5714285714286,19,0,0.571428571428571,7
15,11,2014,22,393358,4,4,18.5,18.3571428571429,19,0,0.5,14
15,11,2014,23,393359,0,3,19,18.1428571428571,16,0,0.571428571428571,7
16,11,2014,0,393360,2,4,14,14.3,14,0,0,10
16,11,2014,1,393361,8,8,16,16.0869565217391,15,0,0,23
16,11,2014,2,393362,4,3,16,16.1666666666667,16,0,0,12
16,11,2014,3,393363,5,12,15,14.7142857142857,9,0,0,21
16,11,2014,4,393364,1,1,9.5,9.5,9,0,0,8
16,11,2014,5,393365,0,0,10,10,10,0,0,6
16,11,2014,6,393366,3,0,12,11.8571428571429,13,0,0,7
16,11,2014,7,393367,1,0,13.5,13.5,14,0,0,6
16,11,2014,8,393368,0,3,11.5,12,11,0,0,8
16,11,2014,9,393369,1,1,11,11.2222222222222,11,0,0,9
16,11,2014,10,393370,2,7,7,7.69230769230769,5,0,0,13
16,11,2014,11,393371,7,7,6,5.94117647058824,5,0,0,17
16,11,2014,12,393372,6,7,6,5.9375,5,0,0,16
16,11,2014,13,393373,4,3,4,4.36363636363636,5,0,0,11
16,11,2014,14,393374,3,4,4,4.36363636363636,4,0,0,11
16,11,2014,15,393375,2,2,4,4.33333333333333,4,0,0,9
16,11,2014,16,393376,1,1,3,3.25,3,0,0,8
16,11,2014,17,393377,3,4,3,2.875,2,0,0,8
16,11,2014,18,393378,4,4,3,2.54545454545455,2,0,0,11
16,11,2014,19,393379,4,1,3,3.125,5,0,0,8
16,11,2014,20,393380,2,2,6,6.09090909090909,6,0,0,11
16,11,2014,21,393381,2,0,5,5.33333333333333,7,0,0,6
16,11,2014,22,393382,1,6,3,3.09090909090909,1,0,0,11
16,11,2014,23,393383,1,0,1.5,1.5,2,0,0,6
17,11,2014,0,393384,0,0,2,2,2,0,0,6
17,11,2014,1,393385,1,1,3,3.28571428571429,3,0,0,7
17,11,2014,2,393386,0,1,2,2.25,2,0,0,8
17,11,2014,3,393387,0,0,2,2,2,0,0,6
17,11,2014,4,393388,0,0,2,2,2,0,0,6
17,11,2014,5,393389,1,1,1.5,1.5,2,0,0,8
17,11,2014,6,393390,4,4,3,3.15384615384615,2,0,0,13
17,11,2014,7,393391,6,6,2,2.5,2,0,0,20
17,11,2014,8,393392,16,12,4,3.71875,7,0,0,32
17,11,2014,9,393393,8,6,9,8.76470588235294,10,0,0,17
17,11,2014,10,393394,5,3,13,12.6153846153846,13,0,0,13
17,11,2014,11,393395,6,6,14,13.4666666666667,13,0,0,15
17,11,2014,12,393396,2,7,11,10.3846153846154,7,0,0,13
17,11,2014,13,393397,3,6,6,5.30769230769231,3,0,0,13
17,11,2014,14,393398,6,2,5,4.5,6,0,0,12
17,11,2014,15,393399,0,4,2.5,3.25,2,0,0,8
17,11,2014,16,393400,3,2,1.5,1.5,2,0,0,8
17,11,2014,17,393401,5,2,4,4,5,0,0,9
17,11,2014,18,393402,3,6,4.5,4.42857142857143,3,0,0,14
17,11,2014,19,393403,5,4,2,2.09090909090909,3,0,0,11
17,11,2014,20,393404,1,1,4,3.57142857142857,4,0,0,7
17,11,2014,21,393405,5,2,5,5.22222222222222,7,0,0,9
17,11,2014,22,393406,1,3,5,5.1,4,0,0,10
17,11,2014,23,393407,1,4,2,2.33333333333333,1,0,0,9
18,11,2014,0,393408,1,0,1,1.16666666666667,2,0,0,6
18,11,2014,1,393409,0,1,1,1.42857142857143,1,0,0,7
18,11,2014,2,393410,0,0,1,1,1,0,0,7
18,11,2014,3,393411,0,0,1,1,1,0,0,6
18,11,2014,4,393412,1,0,2,1.57142857142857,2,0,0,7
18,11,2014,5,393413,1,1,2,1.85714285714286,2,0,0,7
18,11,2014,6,393414,6,5,4,4,3,0,0,17
18,11,2014,7,393415,7,6,3,3.4375,3,0,0,16
18,11,2014,8,393416,10,9,3,3.07142857142857,3,0,0,28
18,11,2014,9,393417,9,5,5.5,5.125,6,0,0,16
18,11,2014,10,393418,2,4,3,2.88888888888889,3,0,0,9
18,11,2014,11,393419,3,5,2,2.38461538461538,2,0,0,13
18,11,2014,12,393420,8,4,4,4.38461538461539,8,0,0,13
18,11,2014,13,393421,3,3,9,9,8,0,0,11
18,11,2014,14,393422,3,2,9,8.66666666666667,8,0,0,9
18,11,2014,15,393423,6,4,10,9.53333333333333,10,0,0,15
18,11,2014,16,393424,6,4,11,11.1428571428571,12,0,0,14
18,11,2014,17,393425,6,6,13,13.5555555555556,13,0,0,18
18,11,2014,18,393426,13,10,12,12.0357142857143,15,0,0,28
18,11,2014,19,393427,12,9,16,15.16,16,0,0,25
18,11,2014,20,393428,6,3,18,17.5833333333333,19,0,0.333333333333333,12
18,11,2014,21,393429,1,2,19,18.7777777777778,18,0,0.777777777777778,9
18,11,2014,22,393430,4,4,18,18.3846153846154,18,0,0.461538461538462,13
18,11,2014,23,393431,3,9,13,13.3846153846154,12,0,0,13
19,11,2014,0,393432,1,0,13,12.5714285714286,13,0,0,7
19,11,2014,1,393433,0,2,12,11.8888888888889,11,0,0,9
19,11,2014,2,393434,0,0,11,11,11,0,0,7
19,11,2014,3,393435,0,0,11,11,11,0,0,6
19,11,2014,4,393436,1,0,11,11.2857142857143,12,0,0,7
19,11,2014,5,393437,1,0,13,12.8333333333333,13,0,0,6
19,11,2014,6,393438,4,4,13,13.0833333333333,13,0,0,12
19,11,2014,7,393439,8,18,5,6.03333333333333,2,0,0,30
19,11,2014,8,393440,6,7,3,3.63157894736842,2,0,0,19
19,11,2014,9,393441,7,3,4,4,6,0,0,12
19,11,2014,10,393442,5,8,3,2.86666666666667,2,0,0,15
19,11,2014,11,393443,9,5,2,2.33333333333333,5,0.133333333333333,0,15
19,11,2014,12,393444,12,1,10,10.8235294117647,17,0,0,17
19,11,2014,13,393445,2,1,19,18.75,19,0,0.75,8
19,11,2014,14,393446,6,4,18,18,19,0,0.333333333333333,15
19,11,2014,15,393447,1,3,19,18.5384615384615,17,0,0.615384615384615,13
19,11,2014,16,393448,7,10,15.5,15.7222222222222,15,0,0.111111111111111,18
19,11,2014,17,393449,9,7,17,17,18,0,0.157894736842105,19
19,11,2014,18,393450,6,6,18,17.95,19,0,0.45,20
19,11,2014,19,393451,7,7,18,18.1904761904762,19,0,0.333333333333333,21
19,11,2014,20,393452,3,3,19,18.7,19,0,0.7,10
19,11,2014,21,393453,1,3,19,18.5555555555556,17,0,0.666666666666667,9
19,11,2014,22,393454,8,6,17.5,17,19,0,0.1875,16
19,11,2014,23,393455,4,4,18,18,19,0,0.307692307692308,13
20,11,2014,0,393456,0,0,19,19,19,0,1,6
20,11,2014,1,393457,0,0,19,19,19,0,1,6
20,11,2014,2,393458,0,0,19,19,19,0,1,9
20,11,2014,3,393459,0,0,19,19,19,0,1,6
20,11,2014,4,393460,0,0,19,19,19,0,1,6
20,11,2014,5,393461,0,1,19,18.5714285714286,18,0,0.571428571428571,7
20,11,2014,6,393462,4,4,18,17.7647058823529,18,0,0.117647058823529,17
20,11,2014,7,393463,6,7,16,15.8888888888889,17,0,0,18
20,11,2014,8,393464,12,9,17,16.5909090909091,19,0,0.181818181818182,22
20,11,2014,9,393465,5,5,18,18.0666666666667,19,0,0.4,15
20,11,2014,10,393466,1,4,16,16.9090909090909,16,0,0.272727272727273,11
20,11,2014,11,393467,2,10,15,13.9411764705882,8,0,0,17
20,11,2014,12,393468,9,6,8,8.35294117647059,10,0,0,17
20,11,2014,13,393469,10,5,14,13.9,15,0,0,20
20,11,2014,14,393470,8,4,18,17.6428571428571,19,0,0.214285714285714,14
20,11,2014,15,393471,5,4,18,17.5333333333333,19,0,0.2,15
20,11,2014,16,393472,4,4,18,18.2352941176471,19,0,0.470588235294118,17
20,11,2014,17,393473,12,14,14.5,14.7142857142857,16,0,0,28
20,11,2014,18,393474,9,8,18,17.6785714285714,18,0,0.214285714285714,28
20,11,2014,19,393475,8,6,18.5,18.2222222222222,19,0,0.5,18
20,11,2014,20,393476,4,4,19,18.4615384615385,19,0,0.615384615384615,13
20,11,2014,21,393477,2,4,19,18.6363636363636,17,0,0.727272727272727,11
20,11,2014,22,393478,4,3,18,18.2307692307692,18,0,0.384615384615385,13
20,11,2014,23,393479,4,7,14,14.2352941176471,14,0,0,17
21,11,2014,0,393480,3,2,16,16,16,0,0,8
21,11,2014,1,393481,1,2,16,15.6363636363636,15,0,0,11
21,11,2014,2,393482,0,1,15,14.625,14,0,0,8
21,11,2014,3,393483,0,1,14,14.4285714285714,14,0,0,7
21,11,2014,4,393484,0,0,14,14,14,0,0,6
21,11,2014,5,393485,1,2,14,14.2222222222222,13,0,0,9
21,11,2014,6,393486,5,3,14,14.1818181818182,15,0,0,11
21,11,2014,7,393487,13,14,14,14.0333333333333,13,0,0,30
21,11,2014,8,393488,14,10,12,12.4285714285714,18,0,0,28
21,11,2014,9,393489,1,1,19,18.9090909090909,19,0,0.909090909090909,11
21,11,2014,10,393490,7,7,18,18.1578947368421,19,0,0.421052631578947,19
21,11,2014,11,393491,2,3,19,18.7272727272727,18,0,0.818181818181818,11
21,11,2014,12,393492,7,7,18,18.3,18,0,0.4,20
21,11,2014,13,393493,4,7,17,16.5,15,0,0,14
21,11,2014,14,393494,6,6,16,16.6153846153846,16,0,0.307692307692308,13
21,11,2014,15,393495,8,7,18,17.9565217391304,19,0,0.304347826086957,23
21,11,2014,16,393496,5,10,18,17.3333333333333,14,0,0.388888888888889,18
21,11,2014,17,393497,4,2,19,18.6111111111111,19,0,0.666666666666667,18
21,11,2014,18,393498,10,10,18,17.76,19,0,0.32,25
21,11,2014,19,393499,3,3,19,18.6666666666667,19,0,0.666666666666667,12
21,11,2014,20,393500,1,1,19,18.875,19,0,0.875,8
21,11,2014,21,393501,2,4,19,18.1538461538462,17,0,0.538461538461538,13
21,11,2014,22,393502,3,3,18,18.2857142857143,18,0,0.428571428571429,14
21,11,2014,23,393503,3,2,19,18.6666666666667,19,0,0.666666666666667,9
22,11,2014,0,393504,1,4,17,17.4,16,0,0.333333333333333,15
22,11,2014,1,393505,6,4,17,16.9166666666667,18,0,0.25,12
22,11,2014,2,393506,3,8,14,14.1666666666667,12,0,0,12
22,11,2014,3,393507,1,7,10,10,7,0,0,15
22,11,2014,4,393508,2,7,5,4.33333333333333,2,0,0,18
22,11,2014,5,393509,1,0,2,2.33333333333333,3,0,0,6
22,11,2014,6,393510,1,0,3,3.33333333333333,4,0,0,6
22,11,2014,7,393511,2,1,5,5.125,5,0,0,8
22,11,2014,8,393512,3,2,6.5,6.6,7,0,0,10
22,11,2014,9,393513,7,3,11,10.6666666666667,12,0,0,12
22,11,2014,10,393514,5,11,9,8.52941176470588,6,0,0,17
22,11,2014,11,393515,9,1,8,8.46153846153846,13,0,0,13
22,11,2014,12,393516,12,8,13,13.52,16,0,0,25
22,11,2014,13,393517,3,6,13,13.5714285714286,13,0,0,14
22,11,2014,14,393518,6,5,13,13.0769230769231,13,0,0,13
22,11,2014,15,393519,4,5,12,11.3333333333333,12,0,0,15
22,11,2014,16,393520,9,7,13,12.9,15,0,0,20
22,11,2014,17,393521,6,2,17,16.6923076923077,19,0,0.230769230769231,13
22,11,2014,18,393522,3,6,18,17.9285714285714,16,0,0.357142857142857,14
22,11,2014,19,393523,5,2,18,17.5,18,0,0.428571428571429,14
22,11,2014,20,393524,4,3,19,18.5,19,0,0.583333333333333,12
22,11,2014,21,393525,7,8,17,16.625,18,0,0.208333333333333,24
22,11,2014,22,393526,1,1,18,17.875,18,0,0,8
22,11,2014,23,393527,1,4,18,16.8888888888889,15,0,0,9
23,11,2014,0,393528,10,6,14,14.8,19,0,0.05,20
23,11,2014,1,393529,5,7,18,17.8235294117647,17,0,0.352941176470588,17
23,11,2014,2,393530,6,6,16,15.5,17,0,0,22
23,11,2014,3,393531,0,7,14.5,14,10,0,0,12
23,11,2014,4,393532,2,1,10,10,10,0,0,8
23,11,2014,5,393533,2,0,12,11.5714285714286,12,0,0,7
23,11,2014,6,393534,0,1,11,11.1666666666667,11,0,0,6
23,11,2014,7,393535,0,1,10,10.1666666666667,10,0,0,6
23,11,2014,8,393536,1,5,7,7.81818181818182,6,0,0,11
23,11,2014,9,393537,5,3,6,5.91666666666667,8,0,0,12
23,11,2014,10,393538,6,7,7,7.2,7,0,0,15
23,11,2014,11,393539,6,10,7,6.66666666666667,4,0,0,18
23,11,2014,12,393540,10,7,9.5,9.13636363636364,8,0,0,22
23,11,2014,13,393541,4,6,5,5.14285714285714,5,0,0,21
23,11,2014,14,393542,6,5,5,4.52631578947368,5,0,0,19
23,11,2014,15,393543,7,1,9,8.07692307692308,11,0,0,13
23,11,2014,16,393544,4,3,13,13.3333333333333,13,0,0,12
23,11,2014,17,393545,11,10,14,13.7272727272727,13,0,0,22
23,11,2014,18,393546,5,5,14,13.8,14,0,0,15
23,11,2014,19,393547,4,1,16,16.1111111111111,17,0,0,9
23,11,2014,20,393548,0,0,18,18,18,0,0,9
23,11,2014,21,393549,3,4,16,15.8461538461538,15,0,0,13
23,11,2014,22,393550,3,2,15.5,15.5,15,0,0,10
23,11,2014,23,393551,0,1,15,14.8571428571429,14,0,0,7
24,11,2014,0,393552,0,1,13.5,13.5,13,0,0,6
24,11,2014,1,393553,1,2,13,12.625,12,0,0,8
24,11,2014,2,393554,0,1,11,11.2,11,0,0,10
24,11,2014,3,393555,0,0,10,10,10,0,0,6
24,11,2014,4,393556,0,0,10,10,10,0,0,6
24,11,2014,5,393557,0,2,8,8.66666666666667,8,0,0,9
24,11,2014,6,393558,9,8,10,10.0555555555556,9,0,0,18
24,11,2014,7,393559,9,10,8,7.84848484848485,7,0,0,33
24,11,2014,8,393560,11,8,7,7,9,0,0,22
24,11,2014,9,393561,2,4,7.5,7.3,6,0,0,10
24,11,2014,10,393562,2,3,5,5.3,5,0,0,10
24,11,2014,11,393563,7,5,6,5.8125,7,0,0,16
24,11,2014,12,393564,6,5,7,6.625,7,0,0,16
24,11,2014,13,393565,3,9,5,3.57142857142857,1,0.285714285714286,0,14
24,11,2014,14,393566,3,1,0.5,0.7,2,0.5,0,10
24,11,2014,15,393567,5,6,2,1.8,2,0.133333333333333,0,15
24,11,2014,16,393568,0,3,2,1.71428571428571,0,0.285714285714286,0,7
24,11,2014,17,393569,11,9,2,2,3,0.15,0,20
24,11,2014,18,393570,13,10,3,3.19047619047619,5,0,0,21
24,11,2014,19,393571,9,5,9.5,9.4375,10,0,0,16
24,11,2014,20,393572,4,6,12,11.6875,8,0,0,16
24,11,2014,21,393573,5,3,9,8.71428571428571,10,0,0,14
24,11,2014,22,393574,3,4,9,9,9,0,0,11
24,11,2014,23,393575,3,5,9,8.75,8,0,0,12
25,11,2014,0,393576,4,0,10,10.375,12,0,0,8
25,11,2014,1,393577,0,0,12,12,12,0,0,6
25,11,2014,2,393578,0,0,12,12,12,0,0,7
25,11,2014,3,393579,0,0,12,12,12,0,0,6
25,11,2014,4,393580,2,0,13,13,14,0,0,7
25,11,2014,5,393581,0,2,13,13,12,0,0,7
25,11,2014,6,393582,4,2,15,14.7272727272727,15,0,0,11
25,11,2014,7,393583,6,14,12,12.8461538461538,8,0,0.0384615384615385,26
25,11,2014,8,393584,11,9,7,6.6,9,0,0,25
25,11,2014,9,393585,9,6,9,8.82352941176471,12,0,0,17
25,11,2014,10,393586,10,3,13,13.75,18,0,0,16
25,11,2014,11,393587,3,3,18,18,19,0,0.333333333333333,12
25,11,2014,12,393588,5,7,16,16,17,0,0.0555555555555556,18
25,11,2014,13,393589,3,3,18,17.5,18,0,0,12
25,11,2014,14,393590,6,6,18,17.7647058823529,19,0,0.352941176470588,17
25,11,2014,15,393591,3,5,16,16.4166666666667,16,0,0,12
25,11,2014,16,393592,8,10,14,13.3809523809524,13,0,0,21
25,11,2014,17,393593,8,5,14.5,14.7777777777778,17,0,0,18
25,11,2014,18,393594,13,12,17,17,19,0,0.2,25
25,11,2014,19,393595,7,7,18,18,19,0,0.227272727272727,22
25,11,2014,20,393596,4,4,19,18.5833333333333,19,0,0.583333333333333,12
25,11,2014,21,393597,3,8,14,14.8461538461538,14,0,0.230769230769231,13
25,11,2014,22,393598,6,2,18,17.7692307692308,19,0,0.307692307692308,13
25,11,2014,23,393599,1,3,18,18.25,17,0,0.416666666666667,12
26,11,2014,0,393600,1,2,16.5,16.5,16,0,0,8
26,11,2014,1,393601,0,0,16,16,16,0,0,6
26,11,2014,2,393602,0,0,16,16,16,0,0,7
26,11,2014,3,393603,0,0,16,16,16,0,0,6
26,11,2014,4,393604,0,0,16,16,16,0,0,6
26,11,2014,5,393605,1,0,16.5,16.5,17,0,0,6
26,11,2014,6,393606,4,7,16.5,15.9285714285714,14,0,0,14
26,11,2014,7,393607,5,8,11,11.2666666666667,11,0,0,15
26,11,2014,8,393608,11,13,5.5,6.07692307692308,8,0,0,26
26,11,2014,9,393609,9,3,15,14.45,16,0,0,20
26,11,2014,10,393610,4,6,15,14.5333333333333,14,0,0,15
26,11,2014,11,393611,2,4,14,13.6363636363636,13,0,0,11
26,11,2014,12,393612,7,8,14,13.5263157894737,13,0,0,19
26,11,2014,13,393613,5,2,16,15.9285714285714,17,0,0,14
26,11,2014,14,393614,3,4,16,15.5833333333333,16,0,0,12
26,11,2014,15,393615,4,5,16.5,16.4285714285714,16,0,0,14
26,11,2014,16,393616,4,3,17,16.6153846153846,17,0,0,13
26,11,2014,17,393617,6,6,17,16.2352941176471,17,0,0,17
26,11,2014,18,393618,13,14,16,15.8064516129032,16,0,0,31
26,11,2014,19,393619,4,4,17,16.5,17,0,0,16
26,11,2014,20,393620,3,3,17,16.6666666666667,17,0,0,12
26,11,2014,21,393621,5,5,15.5,15.4285714285714,16,0,0,14
26,11,2014,22,393622,4,5,16,16.1428571428571,15,0,0,14
26,11,2014,23,393623,6,7,15,15.4736842105263,16,0,0,19
27,11,2014,0,393624,2,3,16,15.8,15,0,0,10
27,11,2014,1,393625,0,1,14,14.25,14,0,0,8
27,11,2014,2,393626,1,1,14,13.9,14,0,0,10
27,11,2014,3,393627,0,0,14,14,14,0,0,6
27,11,2014,4,393628,0,0,14,14,14,0,0,6
27,11,2014,5,393629,0,0,14,14,14,0,0,6
27,11,2014,6,393630,4,1,16,15.6666666666667,17,0,0,9
27,11,2014,7,393631,5,6,16,16.0526315789474,15,0,0,19
27,11,2014,8,393632,13,13,13,13.03125,15,0,0,32
27,11,2014,9,393633,3,7,14,13.625,12,0,0,16
27,11,2014,10,393634,8,3,17,16.6923076923077,18,0,0,13
27,11,2014,11,393635,0,0,18,18,18,0,0,8
27,11,2014,12,393636,7,6,17,17.35,18,0,0,20
27,11,2014,13,393637,4,4,18,17.4666666666667,17,0,0,15
27,11,2014,14,393638,2,5,17,17.0909090909091,15,0,0,11
27,11,2014,15,393639,6,4,13.5,13.8125,16,0,0,16
27,11,2014,16,393640,6,13,9.5,10.9166666666667,9,0,0,24
27,11,2014,17,393641,10,8,10.5,10.3,11,0,0,20
27,11,2014,18,393642,12,10,11,10.8846153846154,12,0,0,26
27,11,2014,19,393643,6,6,12,11.64,12,0,0,25
27,11,2014,20,393644,5,5,12,11.6470588235294,12,0,0,17
27,11,2014,21,393645,8,8,11,11,12,0,0,18
27,11,2014,22,393646,6,4,10,10.0714285714286,12,0,0,14
27,11,2014,23,393647,6,7,10,9.52941176470588,11,0,0,17
28,11,2014,0,393648,0,1,11,11.375,11,0,0,8
28,11,2014,1,393649,0,1,10.5,10.5,10,0,0,8
28,11,2014,2,393650,0,0,10,10,10,0,0,8
28,11,2014,3,393651,0,0,10,10,10,0,0,6
28,11,2014,4,393652,0,0,10,10,10,0,0,6
28,11,2014,5,393653,1,0,11,10.8333333333333,11,0,0,6
28,11,2014,6,393654,4,3,11,10.5833333333333,12,0,0,12
28,11,2014,7,393655,5,7,8,8.61111111111111,9,0,0,18
28,11,2014,8,393656,12,9,11,10.1363636363636,12,0,0,22
28,11,2014,9,393657,3,2,11.5,11.5,12,0,0,12
28,11,2014,10,393658,4,4,11.5,11.5,12,0,0,14
28,11,2014,11,393659,7,7,12,11.4736842105263,12,0,0,19
28,11,2014,12,393660,8,5,12,11.8235294117647,14,0,0,17
28,11,2014,13,393661,3,3,14,13.5833333333333,14,0,0,12
28,11,2014,14,393662,2,4,14,13.5,12,0,0,12
28,11,2014,15,393663,5,9,9,8.8,8,0,0,20
28,11,2014,16,393664,8,6,10,9.88235294117647,11,0,0,17
28,11,2014,17,393665,10,8,13,12.3809523809524,12,0,0,21
28,11,2014,18,393666,7,7,12,12.1739130434783,12,0,0,23
28,11,2014,19,393667,10,12,13,12.9354838709677,11,0,0,31
28,11,2014,20,393668,5,3,14,13.4615384615385,14,0,0,13
28,11,2014,21,393669,7,8,13,13,13,0,0,16
28,11,2014,22,393670,4,3,14,13.4545454545455,14,0,0,11
28,11,2014,23,393671,4,4,13,13.0909090909091,14,0,0,11
29,11,2014,0,393672,0,5,10,11.1111111111111,9,0,0,9
29,11,2014,1,393673,7,4,9,9.89473684210526,12,0,0,19
29,11,2014,2,393674,2,6,9,8.78571428571429,6,0,0,14
29,11,2014,3,393675,2,3,4,4.11764705882353,5,0,0,17
29,11,2014,4,393676,3,0,6.5,6.5,8,0,0,8
29,11,2014,5,393677,1,0,9,8.71428571428571,9,0,0,7
29,11,2014,6,393678,0,1,8,8.14285714285714,8,0,0,7
29,11,2014,7,393679,2,0,9.5,9.33333333333333,10,0,0,6
29,11,2014,8,393680,2,3,9.5,9.4,9,0,0,10
29,11,2014,9,393681,3,4,11,11.3571428571429,10,0,0,14
29,11,2014,10,393682,2,9,6,5.85714285714286,3,0,0,21
29,11,2014,11,393683,5,5,3,3.42857142857143,3,0,0,14
29,11,2014,12,393684,6,5,4.5,4.25,4,0,0,16
29,11,2014,13,393685,4,5,5,5,4,0,0,12
29,11,2014,14,393686,6,8,4,3.48387096774194,2,0,0,31
29,11,2014,15,393687,9,7,2,2.0952380952381,3,0,0,21
29,11,2014,16,393688,12,5,7,7.90476190476191,11,0,0,21
29,11,2014,17,393689,4,2,14,13.4444444444444,14,0,0,9
29,11,2014,18,393690,3,3,14,13.5,14,0,0,8
29,11,2014,19,393691,10,11,13,12.9047619047619,13,0,0,21
29,11,2014,20,393692,4,4,13,13,13,0,0,15
29,11,2014,21,393693,1,2,14,13.3333333333333,13,0,0,12
29,11,2014,22,393694,4,4,13,12.9090909090909,14,0,0,11
29,11,2014,23,393695,4,5,13,12.5,13,0,0,16
30,11,2014,0,393696,1,1,14,13.875,14,0,0,8
30,11,2014,1,393697,4,5,12,12.1875,13,0,0,16
30,11,2014,2,393698,2,3,13,13.3333333333333,12,0,0,12
30,11,2014,3,393699,0,3,13,12.7777777777778,11,0,0,9
30,11,2014,4,393700,1,3,10,10.1111111111111,9,0,0,9
30,11,2014,5,393701,1,1,8,8.22222222222222,8,0,0,9
30,11,2014,6,393702,0,0,8,8,8,0,0,6
30,11,2014,7,393703,0,0,8,8,8,0,0,6
30,11,2014,8,393704,1,0,8,8.16666666666667,9,0,0,6
30,11,2014,9,393705,1,2,9,8.75,8,0,0,8
30,11,2014,10,393706,4,2,9,9.1,10,0,0,10
30,11,2014,11,393707,2,6,10,9,6,0,0,12
30,11,2014,12,393708,5,3,7,6.45454545454545,8,0,0,11
30,11,2014,13,393709,3,6,7,6.64285714285714,6,0,0,14
30,11,2014,14,393710,1,5,2.5,3,2,0,0,10
30,11,2014,15,393711,2,3,2,1.77777777777778,1,0,0,9
30,11,2014,16,393712,3,3,1,1.09090909090909,1,0.181818181818182,0,11
30,11,2014,17,393713,2,4,2,1.66666666666667,0,0.111111111111111,0,9
30,11,2014,18,393714,3,2,0.5,0.5,1,0.5,0,8
30,11,2014,19,393715,2,2,0,0.4,1,0.6,0,10
30,11,2014,20,393716,6,6,2.5,2.66666666666667,1,0,0,18
30,11,2014,21,393717,8,0,6,5.63636363636364,9,0,0,11
30,11,2014,22,393718,4,0,13,12.4444444444444,14,0,0,9
30,11,2014,23,393719,0,0,14,14,14,0,0,6
1,12,2014,0,393720,0,0,14,14,14,0,0,6
1,12,2014,1,393721,0,1,13,13.1428571428571,13,0,0,7
1,12,2014,2,393722,0,0,13,13,13,0,0,7
1,12,2014,3,393723,0,0,13,13,13,0,0,6
1,12,2014,4,393724,1,0,13,13.4285714285714,14,0,0,7
1,12,2014,5,393725,0,1,14,13.8333333333333,13,0,0,6
1,12,2014,6,393726,2,4,12,12.4166666666667,11,0,0,12
1,12,2014,7,393727,7,7,11,11.5882352941176,11,0,0,17
1,12,2014,8,393728,14,13,5,5.46428571428571,10,0,0,28
1,12,2014,9,393729,5,3,12,11.8571428571429,13,0,0,14
1,12,2014,10,393730,3,4,13,12.7272727272727,12,0,0,11
1,12,2014,11,393731,7,5,11,11.5625,14,0,0,16
1,12,2014,12,393732,3,4,13,13.1666666666667,13,0,0,12
1,12,2014,13,393733,6,4,13,12.7647058823529,14,0,0,17
1,12,2014,14,393734,2,4,12,12.1,12,0,0,10
1,12,2014,15,393735,2,5,11,11.5384615384615,10,0,0,13
1,12,2014,16,393736,8,5,12,11.8125,13,0,0,16
1,12,2014,17,393737,6,4,13.5,13.2142857142857,14,0,0,14
1,12,2014,18,393738,5,6,13,12.6875,11,0,0,16
1,12,2014,19,393739,5,3,11.5,11.5714285714286,14,0,0,14
1,12,2014,20,393740,4,6,13,12.9166666666667,11,0,0,12
1,12,2014,21,393741,2,2,12,12,12,0,0,8
1,12,2014,22,393742,3,2,12,12.1818181818182,12,0,0,11
1,12,2014,23,393743,1,5,11.5,11,8,0,0,12
2,12,2014,0,393744,2,1,7,7.69230769230769,9,0,0,13
2,12,2014,1,393745,1,0,10,9.57142857142857,10,0,0,7
2,12,2014,2,393746,0,0,10,10,10,0,0,7
2,12,2014,3,393747,0,0,10,10,10,0,0,6
2,12,2014,4,393748,1,0,10,10.4285714285714,11,0,0,7
2,12,2014,5,393749,1,0,12,11.6666666666667,12,0,0,6
2,12,2014,6,393750,4,6,12,12.2307692307692,10,0,0,13
2,12,2014,7,393751,8,9,10,9.8,10,0,0,20
2,12,2014,8,393752,10,16,3,3.58620689655172,3,0,0,29
2,12,2014,9,393753,16,4,8,8.45454545454546,14,0,0,22
2,12,2014,10,393754,4,3,14,13.6153846153846,14,0,0,13
2,12,2014,11,393755,6,8,13,12.875,12,0,0,16
2,12,2014,12,393756,4,5,13,13.2142857142857,12,0,0,14
2,12,2014,13,393757,7,5,12,12.3125,13,0,0,16
2,12,2014,14,393758,3,6,13,12.75,11,0,0,12
2,12,2014,15,393759,3,3,13,12.9,12,0,0,10
2,12,2014,16,393760,7,5,11,11.5,14,0,0,14
2,12,2014,17,393761,11,18,10,8.19354838709677,7,0,0,31
2,12,2014,18,393762,9,8,10,9.81818181818182,9,0,0,22
2,12,2014,19,393763,8,6,12,12.2352941176471,14,0,0,17
2,12,2014,20,393764,3,6,13,13.1538461538462,11,0,0,13
2,12,2014,21,393765,4,1,13,12.3333333333333,14,0,0,9
2,12,2014,22,393766,0,2,12,12.5833333333333,12,0,0,12
2,12,2014,23,393767,0,3,12,11.5555555555556,10,0,0,9
3,12,2014,0,393768,1,1,11,11.2857142857143,11,0,0,7
3,12,2014,1,393769,0,0,11,11,11,0,0,6
3,12,2014,2,393770,0,1,11,10.5714285714286,10,0,0,7
3,12,2014,3,393771,0,0,10,10,10,0,0,6
3,12,2014,4,393772,0,0,10,10,10,0,0,6
3,12,2014,5,393773,1,0,10,10.1666666666667,11,0,0,6
3,12,2014,6,393774,3,1,12,12.25,13,0,0,8
3,12,2014,7,393775,5,11,12,10.5294117647059,6,0,0,17
3,12,2014,8,393776,9,8,4,3.73684210526316,6,0,0,19
3,12,2014,9,393777,9,2,10.5,9.92857142857143,12,0,0,14
3,12,2014,10,393778,3,2,13.5,13.375,13,0,0,8
3,12,2014,11,393779,1,5,13,12.5833333333333,10,0,0,12
3,12,2014,12,393780,5,5,10,10.1666666666667,11,0,0,18
3,12,2014,13,393781,4,4,11.5,11.5,11,0,0,12
3,12,2014,14,393782,3,2,12,12.5454545454545,13,0,0,11
3,12,2014,15,393783,2,3,13,13.2,12,0,0,10
3,12,2014,16,393784,5,4,13,13,14,0,0,12
3,12,2014,17,393785,7,11,12,12.1304347826087,10,0,0,23
3,12,2014,18,393786,12,7,11,10.8571428571429,14,0,0,21
3,12,2014,19,393787,8,15,11,9.88888888888889,7,0,0,27
3,12,2014,20,393788,8,3,10,9.6,12,0,0,15
3,12,2014,21,393789,1,2,12.5,12.375,12,0,0,8
3,12,2014,22,393790,3,6,11,10.4,8,0,0,15
3,12,2014,23,393791,3,3,8.5,8.8,8,0,0,10
4,12,2014,0,393792,3,2,8,8,9,0,0,9
4,12,2014,1,393793,0,0,9,9,9,0,0,6
4,12,2014,2,393794,0,0,9,9,9,0,0,7
4,12,2014,3,393795,0,0,9,9,9,0,0,6
4,12,2014,4,393796,1,1,9,9.125,9,0,0,8
4,12,2014,5,393797,1,0,10,9.83333333333333,10,0,0,6
4,12,2014,6,393798,3,1,13,12.875,13,0,0,8
4,12,2014,7,393799,4,14,13,11.4210526315789,4,0,0,19
4,12,2014,8,393800,15,8,6,6.53846153846154,12,0,0,26
4,12,2014,9,393801,1,0,14,13.8571428571429,14,0,0,7
4,12,2014,10,393802,2,4,14,13.5,12,0,0,10
4,12,2014,11,393803,5,4,13,13.2666666666667,14,0,0,15
4,12,2014,12,393804,7,7,13,12.9411764705882,14,0,0,17
4,12,2014,13,393805,4,5,14,13.5384615384615,13,0,0,13
4,12,2014,14,393806,1,4,11,11.6,10,0,0,10
4,12,2014,15,393807,6,10,9,9.22727272727273,7,0,0,22
4,12,2014,16,393808,8,4,11,11.05,12,0,0,20
4,12,2014,17,393809,11,10,13,13,14,0,0,24
4,12,2014,18,393810,2,8,12.5,11.5555555555556,7,0,0,18
4,12,2014,19,393811,13,8,7,7.25,11,0,0,28
4,12,2014,20,393812,5,2,13,13.0666666666667,14,0,0,15
4,12,2014,21,393813,2,2,14,13.75,14,0,0,8
4,12,2014,22,393814,2,2,14,13.6666666666667,14,0,0,12
4,12,2014,23,393815,1,3,12,12.125,12,0,0,8
5,12,2014,0,393816,0,1,11,11.2857142857143,11,0,0,7
5,12,2014,1,393817,1,0,12,11.8571428571429,12,0,0,7
5,12,2014,2,393818,0,0,13,13,13,0,0,7
5,12,2014,3,393819,0,0,13,13,13,0,0,6
5,12,2014,4,393820,0,0,13,13,13,0,0,6
5,12,2014,5,393821,0,2,12.5,12.375,11,0,0,8
5,12,2014,6,393822,4,2,13,13,14,0,0,11
5,12,2014,7,393823,2,5,13,13.1666666666667,11,0,0,12
5,12,2014,8,393824,10,8,9,9.04347826086956,12,0,0,23
5,12,2014,9,393825,6,6,13,13.1,14,0,0,20
5,12,2014,10,393826,2,2,14,13.8461538461538,14,0,0,13
5,12,2014,11,393827,2,2,14,13.7272727272727,14,0,0,11
5,12,2014,12,393828,4,3,13,13.3571428571429,14,0,0,14
5,12,2014,13,393829,1,2,14,13.6,12,0,0,10
5,12,2014,14,393830,3,2,13,13.1666666666667,14,0,0,12
5,12,2014,15,393831,2,3,14,13.6923076923077,13,0,0,13
5,12,2014,16,393832,5,11,10.5,10.65,8,0,0,20
5,12,2014,17,393833,11,6,13,12.5263157894737,14,0,0,19
5,12,2014,18,393834,4,7,14,13.2142857142857,10,0,0,14
5,12,2014,19,393835,0,8,5,6.26666666666667,3,0,0,15
5,12,2014,20,393836,12,0,9,8.73333333333333,14,0,0,15
5,12,2014,21,393837,1,1,14,13.8,14,0,0,10
5,12,2014,22,393838,1,2,14,13.7,13,0,0,10
5,12,2014,23,393839,3,1,13,12.7777777777778,14,0,0,9
6,12,2014,0,393840,3,5,13,12.8181818181818,12,0,0,11
6,12,2014,1,393841,3,5,13,13.1428571428571,11,0,0,14
6,12,2014,2,393842,1,1,10.5,10.5,11,0,0,8
6,12,2014,3,393843,1,8,6.5,6.25,2,0,0,12
6,12,2014,4,393844,0,0,2,2,2,0,0,6
6,12,2014,5,393845,0,0,2,2,2,0,0,7
6,12,2014,6,393846,1,0,3,2.85714285714286,3,0,0,7
6,12,2014,7,393847,2,0,4.5,4.66666666666667,6,0,0,6
6,12,2014,8,393848,5,5,6,6.13333333333333,6,0,0,15
6,12,2014,9,393849,6,2,8,7.25,9,0,0,12
6,12,2014,10,393850,3,4,9,9.07142857142857,9,0,0,14
6,12,2014,11,393851,8,4,12,11.6875,14,0,0,16
6,12,2014,12,393852,5,8,12.5,11.875,11,0,0,16
6,12,2014,13,393853,6,4,12,12.0666666666667,13,0,0,15
6,12,2014,14,393854,1,2,13,13.1111111111111,12,0,0,9
6,12,2014,15,393855,5,8,10,10,9,0,0,14
6,12,2014,16,393856,6,1,11,11.4545454545455,14,0,0,11
6,12,2014,17,393857,3,4,13,12.6666666666667,13,0,0,12
6,12,2014,18,393858,6,6,13,13.4705882352941,13,0,0,17
6,12,2014,19,393859,3,8,10.5,10.5625,8,0,0,16
6,12,2014,20,393860,9,3,11,11.3529411764706,14,0,0,17
6,12,2014,21,393861,1,1,14,13.875,14,0,0,8
6,12,2014,22,393862,0,0,14,14,14,0,0,5
6,12,2014,23,393863,1,3,13,12.9166666666667,12,0,0,12
7,12,2014,0,393864,3,4,10,10,10,0,0,14
7,12,2014,1,393865,1,4,9,9,8,0,0,9
7,12,2014,2,393866,4,3,9,9.41666666666667,9,0,0,12
7,12,2014,3,393867,1,4,7,6.76923076923077,5,0,0,13
7,12,2014,4,393868,1,0,6,6.375,7,0,0,8
7,12,2014,5,393869,1,0,7.5,7.5,8,0,0,6
7,12,2014,6,393870,1,1,7,7.375,7,0,0,8
7,12,2014,7,393871,0,1,6,6.28571428571429,6,0,0,7
7,12,2014,8,393872,0,1,6,5.66666666666667,5,0,0,6
7,12,2014,9,393873,0,2,4,4,3,0,0,8
7,12,2014,10,393874,1,2,3,3.36363636363636,3,0,0,11
7,12,2014,11,393875,6,4,5,4.46153846153846,6,0,0,13
7,12,2014,12,393876,2,4,4,3.72727272727273,3,0,0,11
7,12,2014,13,393877,7,1,7,7.55555555555556,10,0,0,9
7,12,2014,14,393878,3,1,12,11.8888888888889,13,0,0,9
7,12,2014,15,393879,1,3,14,13.4545454545455,12,0,0,11
7,12,2014,16,393880,2,2,12,12.375,12,0,0,8
7,12,2014,17,393881,2,0,14,13.7142857142857,14,0,0,7
7,12,2014,18,393882,2,2,13,13.2222222222222,14,0,0,9
7,12,2014,19,393883,0,5,12,11.2222222222222,8,0,0,9
7,12,2014,20,393884,3,3,9,8.66666666666667,8,0,0,9
7,12,2014,21,393885,1,0,7,7.14285714285714,8,0,0,7
7,12,2014,22,393886,0,1,7,6.71428571428571,6,0,0,7
7,12,2014,23,393887,3,1,8,7.71428571428571,9,0,0,7
8,12,2014,0,393888,1,0,10,9.66666666666667,10,0,0,6
8,12,2014,1,393889,0,0,10,10,10,0,0,6
8,12,2014,2,393890,1,0,10,10.2857142857143,11,0,0,7
8,12,2014,3,393891,0,0,11,11,11,0,0,6
8,12,2014,4,393892,0,0,11,11,11,0,0,6
8,12,2014,5,393893,0,1,11,10.625,10,0,0,8
8,12,2014,6,393894,2,3,11,10.4444444444444,10,0,0,9
8,12,2014,7,393895,9,5,10,11.1666666666667,14,0,0,18
8,12,2014,8,393896,9,18,6,6.2,4,0,0,25
8,12,2014,9,393897,9,2,7,7.07142857142857,11,0,0,14
8,12,2014,10,393898,3,3,11,10.6363636363636,10,0,0,11
8,12,2014,11,393899,5,7,10,9.86666666666667,8,0,0,15
8,12,2014,12,393900,5,7,9,9.35714285714286,7,0,0,14
8,12,2014,13,393901,3,6,5,5,4,0,0,13
8,12,2014,14,393902,2,2,5,4.6,4,0,0,10
8,12,2014,15,393903,4,4,5,5.18181818181818,5,0,0,11
8,12,2014,16,393904,5,6,4,3.85714285714286,4,0,0,14
8,12,2014,17,393905,13,11,11,10.6071428571429,7,0,0,28
8,12,2014,18,393906,9,7,9,9.11111111111111,9,0,0,27
8,12,2014,19,393907,8,6,12,11.5789473684211,12,0,0,19
8,12,2014,20,393908,1,1,13,12.8888888888889,13,0,0,9
8,12,2014,21,393909,4,4,12,12.2307692307692,13,0,0,13
8,12,2014,22,393910,5,4,13,12.4615384615385,13,0,0,13
8,12,2014,23,393911,2,2,12,12.375,12,0,0,8
9,12,2014,0,393912,1,2,11,11.6666666666667,11,0,0,9
9,12,2014,1,393913,0,1,11,10.7142857142857,10,0,0,7
9,12,2014,2,393914,0,0,10,10,10,0,0,7
9,12,2014,3,393915,0,1,9,9.42857142857143,9,0,0,7
9,12,2014,4,393916,1,1,9,9.28571428571429,9,0,0,7
9,12,2014,5,393917,1,1,9,8.7,9,0,0,10
9,12,2014,6,393918,1,2,8.5,8.375,8,0,0,8
9,12,2014,7,393919,5,11,3,3.33333333333333,1,0,0,21
9,12,2014,8,393920,10,6,2,2.47058823529412,5,0,0,17
9,12,2014,9,393921,9,2,12.5,11.1428571428571,13,0,0,14
9,12,2014,10,393922,5,5,12,12.2,13,0,0,15
9,12,2014,11,393923,4,5,12,12.4705882352941,12,0,0,17
9,12,2014,12,393924,4,6,12,12.3125,11,0,0,16
9,12,2014,13,393925,5,3,13,12.4615384615385,13,0,0,13
9,12,2014,14,393926,7,9,10,10.6111111111111,10,0,0,18
9,12,2014,15,393927,6,5,10,10.4285714285714,11,0,0,14
9,12,2014,16,393928,4,3,11.5,11.5,12,0,0,10
9,12,2014,17,393929,6,6,13,12.4444444444444,13,0,0,18
9,12,2014,18,393930,5,6,12,12.2941176470588,12,0,0,17
9,12,2014,19,393931,11,9,12,11.8181818181818,13,0,0,22
9,12,2014,20,393932,3,7,12,12,9,0,0,13
9,12,2014,21,393933,7,2,11,10.1538461538462,12,0,0,13
9,12,2014,22,393934,4,6,9.5,9.5,10,0,0,12
9,12,2014,23,393935,3,2,9,9.5,11,0,0,10
10,12,2014,0,393936,2,1,11,11.4444444444444,12,0,0,9
10,12,2014,1,393937,1,0,12,12.1666666666667,13,0,0,6
10,12,2014,2,393938,0,0,13,13,13,0,0,7
10,12,2014,3,393939,0,0,13,13,13,0,0,6
10,12,2014,4,393940,0,0,13,13,13,0,0,6
10,12,2014,5,393941,0,0,13,13,13,0,0,9
10,12,2014,6,393942,2,5,11,11.3333333333333,10,0,0,12
10,12,2014,7,393943,6,7,12,11.7647058823529,10,0,0,17
10,12,2014,8,393944,12,10,9,9.51724137931035,13,0,0,29
10,12,2014,9,393945,2,2,13,12.7777777777778,13,0,0,9
10,12,2014,10,393946,3,5,11.5,11.5833333333333,10,0,0,12
10,12,2014,11,393947,4,5,10,9.75,9,0,0,12
10,12,2014,12,393948,5,8,9,9.05882352941176,7,0,0,17
10,12,2014,13,393949,7,3,11,10.5384615384615,11,0,0,13
10,12,2014,14,393950,5,3,9,9.5,12,0,0,12
10,12,2014,15,393951,2,3,12,12.25,11,0,0,8
10,12,2014,16,393952,4,3,12.5,12.4166666666667,12,0,0,12
10,12,2014,17,393953,8,9,11,11.1052631578947,11,0,0,19
10,12,2014,18,393954,8,6,12,11.8421052631579,13,0,0,19
10,12,2014,19,393955,5,11,10,9.68181818181818,7,0,0,22
10,12,2014,20,393956,4,4,9.5,9.08333333333333,7,0,0,12
10,12,2014,21,393957,4,4,7,7.3,7,0,0,10
10,12,2014,22,393958,9,3,8,9.33333333333333,13,0,0,15
10,12,2014,23,393959,2,2,13,12.7777777777778,13,0,0,9
11,12,2014,0,393960,0,0,13,13,13,0,0,6
11,12,2014,1,393961,1,0,13,12.8333333333333,13,0,0,6
11,12,2014,2,393962,0,0,13,13,13,0,0,7
11,12,2014,3,393963,0,0,13,13,13,0,0,6
11,12,2014,4,393964,0,0,13,13,13,0,0,6
11,12,2014,5,393965,0,2,12,12,11,0,0,8
11,12,2014,6,393966,2,1,12.5,12.5,13,0,0,8
11,12,2014,7,393967,5,6,12,11.3684210526316,11,0,0,19
11,12,2014,8,393968,10,10,12,11.5555555555556,13,0,0,27
11,12,2014,9,393969,6,6,13,12.5,13,0,0,18
11,12,2014,10,393970,5,6,12,11.5294117647059,11,0,0,17
11,12,2014,11,393971,4,7,12,12.2352941176471,9,0,0,17
11,12,2014,12,393972,8,4,11,11.4,14,0,0,15
11,12,2014,13,393973,2,2,14,13.8181818181818,14,0,0,11
11,12,2014,14,393974,3,3,14,13.6428571428571,14,0,0,14
11,12,2014,15,393975,3,3,14,13.5,13,0,0,10
11,12,2014,16,393976,7,7,12,11.3333333333333,12,0,0,15
11,12,2014,17,393977,7,7,13,13.2857142857143,13,0,0,21
11,12,2014,18,393978,11,11,13,12.9259259259259,14,0,0,27
11,12,2014,19,393979,6,6,14,13.5263157894737,14,0,0,19
11,12,2014,20,393980,3,3,14,13.5833333333333,14,0,0,12
11,12,2014,21,393981,1,1,14,13.625,14,0,0,8
11,12,2014,22,393982,5,6,14,13.5,13,0,0,14
11,12,2014,23,393983,1,1,14,13.8571428571429,14,0,0,7
12,12,2014,0,393984,2,2,13,13.3846153846154,14,0,0,13
12,12,2014,1,393985,0,1,13.5,13.5,13,0,0,8
12,12,2014,2,393986,0,0,13,13,13,0,0,7
12,12,2014,3,393987,0,0,13,13,13,0,0,6
12,12,2014,4,393988,0,0,13,13,13,0,0,6
12,12,2014,5,393989,1,0,13,13.3333333333333,14,0,0,6
12,12,2014,6,393990,2,2,14,13.4444444444444,14,0,0,9
12,12,2014,7,393991,2,3,14,13.6363636363636,13,0,0,11
12,12,2014,8,393992,12,12,12,11.7083333333333,14,0,0,24
12,12,2014,9,393993,3,3,14,13.4545454545455,14,0,0,11
12,12,2014,10,393994,2,2,14,13.8,14,0,0,10
12,12,2014,11,393995,2,2,14,13.5454545454545,14,0,0,11
12,12,2014,12,393996,3,4,13,13.2727272727273,13,0,0,11
12,12,2014,13,393997,6,7,12,11.7058823529412,12,0,0,17
12,12,2014,14,393998,2,1,12,12,12,0,0,9
12,12,2014,15,393999,3,3,11,10.5833333333333,11,0,0,12
12,12,2014,16,394000,8,9,12,11.8823529411765,11,0,0,17
12,12,2014,17,394001,4,7,10,10.2857142857143,8,0,0,14
12,12,2014,18,394002,7,1,13,11.9166666666667,14,0,0,12
12,12,2014,19,394003,1,3,13.5,13.375,12,0,0,8
12,12,2014,20,394004,4,2,12,12,14,0,0,10
12,12,2014,21,394005,1,4,14,13.1,11,0,0,10
12,12,2014,22,394006,1,1,12,12.1428571428571,12,0,0,7
12,12,2014,23,394007,2,2,12,12.1111111111111,13,0,0,9
13,12,2014,0,394008,1,1,13,13.375,13,0,0,8
13,12,2014,1,394009,5,6,12,11.6363636363636,13,0,0,11
13,12,2014,2,394010,1,3,14,13.2222222222222,11,0,0,9
13,12,2014,3,394011,0,4,10,9.44444444444444,7,0,0,9
13,12,2014,4,394012,2,2,8,8,8,0,0,8
13,12,2014,5,394013,1,1,8,7.875,8,0,0,8
13,12,2014,6,394014,0,0,8,8,8,0,0,6
13,12,2014,7,394015,1,0,8,8.16666666666667,9,0,0,6
13,12,2014,8,394016,2,4,7,7.36363636363636,7,0,0,11
13,12,2014,9,394017,3,3,6,5.7,7,0,0,10
13,12,2014,10,394018,2,0,8,8.5,10,0,0,6
13,12,2014,11,394019,6,2,10,10.3333333333333,14,0,0,12
13,12,2014,12,394020,1,1,14,14.1428571428571,14,0,0,7
13,12,2014,13,394021,2,3,12,12.4166666666667,13,0,0,12
13,12,2014,14,394022,4,1,14,14,16,0,0,9
13,12,2014,15,394023,2,3,16,15.4545454545455,15,0,0,11
13,12,2014,16,394024,4,4,14,14.2307692307692,14,0,0,13
13,12,2014,17,394025,4,2,15,15.1111111111111,16,0,0,9
13,12,2014,18,394026,4,6,15,15.0625,14,0,0,16
13,12,2014,19,394027,5,2,14,14.4444444444444,16,0,0,9
13,12,2014,20,394028,4,4,15.5,15.4285714285714,16,0,0,14
13,12,2014,21,394029,0,0,16,16,16,0,0,6
13,12,2014,22,394030,2,4,15,15,14,0,0,11
13,12,2014,23,394031,4,3,14,14,16,0,0,12
14,12,2014,0,394032,1,6,13,13.4285714285714,11,0,0,14
14,12,2014,1,394033,1,5,9,9.2,7,0,0,10
14,12,2014,2,394034,3,0,8,8.22222222222222,10,0,0,9
14,12,2014,3,394035,1,5,11,10.3846153846154,7,0,0,13
14,12,2014,4,394036,1,0,7,7.14285714285714,8,0,0,7
14,12,2014,5,394037,2,0,9,9.125,10,0,0,8
14,12,2014,6,394038,2,0,11,10.875,12,0,0,8
14,12,2014,7,394039,1,0,13,12.6666666666667,13,0,0,6
14,12,2014,8,394040,1,2,13,12.8571428571429,12,0,0,7
14,12,2014,9,394041,2,2,11,11.1,12,0,0,10
14,12,2014,10,394042,3,1,14.5,14.375,15,0,0,8
14,12,2014,11,394043,2,2,14.5,14.2,15,0,0,10
14,12,2014,12,394044,3,6,14,13.9166666666667,12,0,0,12
14,12,2014,13,394045,1,5,10,10.0833333333333,8,0,0,12
14,12,2014,14,394046,2,4,7,6.77777777777778,6,0,0,9
14,12,2014,15,394047,2,2,7,7.11111111111111,7,0,0,9
14,12,2014,16,394048,10,4,10,9.77777777777778,12,0,0,18
14,12,2014,17,394049,3,4,11,10.4166666666667,10,0,0,12
14,12,2014,18,394050,1,5,9,8.21428571428571,6,0,0,14
14,12,2014,19,394051,3,4,6,5.46153846153846,6,0,0,13
14,12,2014,20,394052,7,1,8,8.44444444444444,12,0,0,9
14,12,2014,21,394053,1,0,12,12.1666666666667,13,0,0,6
14,12,2014,22,394054,1,3,12,12.125,11,0,0,8
14,12,2014,23,394055,3,1,13,12.4444444444444,13,0,0,9
15,12,2014,0,394056,0,2,12.5,12.875,12,0,0,8
15,12,2014,1,394057,0,2,10,10.5555555555556,10,0,0,9
15,12,2014,2,394058,0,0,10,10,10,0,0,6
15,12,2014,3,394059,0,0,10,10,10,0,0,6
15,12,2014,4,394060,0,0,10,10,10,0,0,6
15,12,2014,5,394061,0,1,11,10.875,10,0,0,8
15,12,2014,6,394062,2,2,9,9.33333333333333,10,0,0,9
15,12,2014,7,394063,6,4,11,10.7142857142857,13,0,0,14
15,12,2014,8,394064,10,13,8.5,8.78571428571429,9,0,0,28
15,12,2014,9,394065,9,2,12,11.5384615384615,16,0,0,13
15,12,2014,10,394066,3,2,16,15.5454545454545,16,0,0,11
15,12,2014,11,394067,2,2,16,15.6666666666667,16,0,0,9
15,12,2014,12,394068,2,1,16,15.75,16,0,0,12
15,12,2014,13,394069,3,8,15,14.7058823529412,11,0,0,17
15,12,2014,14,394070,6,4,12,12.3076923076923,14,0,0,13
15,12,2014,15,394071,4,3,15,14.6666666666667,15,0,0,12
15,12,2014,16,394072,3,6,14,14.1428571428571,13,0,0,14
15,12,2014,17,394073,3,10,12,10.4166666666667,6,0,0,12
15,12,2014,18,394074,4,4,5,4.66666666666667,5,0,0,15
15,12,2014,19,394075,3,3,5.5,5.4,5,0,0,10
15,12,2014,20,394076,4,4,6,6.21428571428571,6,0,0,14
15,12,2014,21,394077,1,1,6,6.28571428571429,6,0,0,7
15,12,2014,22,394078,4,4,6.5,6.14285714285714,7,0,0,14
15,12,2014,23,394079,7,1,10,9.4,12,0,0,10
16,12,2014,0,394080,1,0,13,12.6666666666667,13,0,0,6
16,12,2014,1,394081,3,1,15,14.9,15,0,0,10
16,12,2014,2,394082,0,0,14,14,14,0,0,8
16,12,2014,3,394083,0,0,14,14,14,0,0,10
16,12,2014,4,394084,0,0,14,14,14,0,0,7
16,12,2014,5,394085,2,3,14,13.6666666666667,13,0,0,9
16,12,2014,6,394086,2,7,12,11.2,8,0,0,15
16,12,2014,7,394087,10,8,9,8.7,8,0,0,20
16,12,2014,8,394088,12,7,8,7.33333333333333,11,0,0,21
16,12,2014,9,394089,6,4,14,14.0666666666667,14,0,0,15
16,12,2014,10,394090,3,6,13,12.7142857142857,11,0,0,14
16,12,2014,11,394091,8,9,11,11.2,11,0,0,20
16,12,2014,12,394092,7,10,10,9.4375,8,0,0,16
16,12,2014,13,394093,7,3,10,10.7142857142857,14,0,0,14
16,12,2014,14,394094,6,5,13,13,13,0,0,13
16,12,2014,15,394095,5,9,10,10.3333333333333,10,0,0,15
16,12,2014,16,394096,7,8,10,10.05,10,0,0,20
16,12,2014,17,394097,9,11,11,11.1904761904762,9,0,0,21
16,12,2014,18,394098,10,4,11,10.5714285714286,14,0,0,21
16,12,2014,19,394099,9,8,13,12.8181818181818,14,0,0,22
16,12,2014,20,394100,6,7,13,13.25,13,0,0,20
16,12,2014,21,394101,3,2,13,13,14,0,0,9
16,12,2014,22,394102,5,6,13,13.3076923076923,13,0,0,13
16,12,2014,23,394103,2,2,12,12.1111111111111,12,0,0,9
17,12,2014,0,394104,2,3,11,10.875,10,0,0,8
17,12,2014,1,394105,2,1,10,10.1818181818182,11,0,0,11
17,12,2014,2,394106,0,0,11,11,11,0,0,7
17,12,2014,3,394107,0,1,11,10.875,10,0,0,8
17,12,2014,4,394108,0,0,10,10,10,0,0,6
17,12,2014,5,394109,0,0,10,10,10,0,0,6
17,12,2014,6,394110,2,1,10.5,10.75,11,0,0,8
17,12,2014,7,394111,1,9,9.5,8.5,4,0,0,14
17,12,2014,8,394112,5,5,4,3.93333333333333,5,0,0,15
17,12,2014,9,394113,5,2,6,6.08333333333333,7,0,0,12
17,12,2014,10,394114,2,4,7,6.27272727272727,5,0,0,11
17,12,2014,11,394115,6,3,7,6.66666666666667,8,0,0,15
17,12,2014,12,394116,5,1,11,10.6666666666667,12,0,0,9
17,12,2014,13,394117,3,3,11,11.1538461538462,12,0,0,13
17,12,2014,14,394118,4,2,13,12.6,14,0,0,10
17,12,2014,15,394119,3,3,13,13.2307692307692,14,0,0,13
17,12,2014,16,394120,3,5,13,13.3636363636364,12,0,0,11
17,12,2014,17,394121,5,5,12,11.6875,11,0,0,16
17,12,2014,18,394122,6,5,12,12.4666666666667,12,0,0,15
17,12,2014,19,394123,3,5,11,11.0769230769231,10,0,0,13
17,12,2014,20,394124,3,3,13,12.75,11,0,0,12
17,12,2014,21,394125,5,6,11.5,11.5,11,0,0,14
17,12,2014,22,394126,5,3,12,12.5454545454545,14,0,0,11
17,12,2014,23,394127,1,0,15,14.6666666666667,15,0,0,6
18,12,2014,0,394128,1,4,14,13.75,12,0,0,8
18,12,2014,1,394129,3,1,13,13.3,14,0,0,10
18,12,2014,2,394130,0,0,14,14,14,0,0,7
18,12,2014,3,394131,0,1,13,13.25,13,0,0,8
18,12,2014,4,394132,0,1,12,12.1428571428571,12,0,0,7
18,12,2014,5,394133,0,0,12,12,12,0,0,6
18,12,2014,6,394134,3,2,13,12.5714285714286,13,0,0,7
18,12,2014,7,394135,4,9,8,8.47368421052632,8,0,0,19
18,12,2014,8,394136,10,10,9,9.22727272727273,8,0,0,22
18,12,2014,9,394137,9,2,13.5,12.9285714285714,15,0,0,14
18,12,2014,10,394138,3,2,15,14.8333333333333,16,0,0,12
18,12,2014,11,394139,7,8,14,14.2631578947368,14,0,0,19
18,12,2014,12,394140,5,6,15,15.3125,14,0,0,16
18,12,2014,13,394141,6,3,15,14.5384615384615,15,0,0,13
18,12,2014,14,394142,3,3,15,15.2727272727273,16,0,0,11
18,12,2014,15,394143,4,7,15,14.7333333333333,13,0,0,15
18,12,2014,16,394144,11,8,12,12.1666666666667,16,0,0,18
18,12,2014,17,394145,11,11,15,14.9310344827586,15,0,0,29
18,12,2014,18,394146,8,7,16,15.5238095238095,16,0,0,21
18,12,2014,19,394147,4,5,15.5,15.4375,15,0,0,16
18,12,2014,20,394148,6,5,15.5,15.1111111111111,16,0,0,18
18,12,2014,21,394149,5,3,16,15.4705882352941,16,0,0,17
18,12,2014,22,394150,7,8,14.5,14.2777777777778,15,0,0,18
18,12,2014,23,394151,4,4,15.5,15.3571428571429,15,0,0,14
19,12,2014,0,394152,4,7,14,13.8125,12,0,0,16
19,12,2014,1,394153,0,4,9.5,9.8,8,0,0,10
19,12,2014,2,394154,2,6,5,4.46666666666667,3,0,0,15
19,12,2014,3,394155,1,1,3,2.875,3,0,0,8
19,12,2014,4,394156,0,0,3,3,3,0,0,6
19,12,2014,5,394157,0,0,4,4,4,0,0,6
19,12,2014,6,394158,2,2,4,4.27272727272727,4,0,0,11
19,12,2014,7,394159,4,3,4,3.64285714285714,4,0,0,14
19,12,2014,8,394160,10,6,5,4.8,7,0,0,20
19,12,2014,9,394161,12,4,10,9.66666666666667,14,0,0,21
19,12,2014,10,394162,3,4,14,13.5454545454545,14,0,0,11
19,12,2014,11,394163,3,2,16,15.625,16,0,0,8
19,12,2014,12,394164,5,6,15,15,15,0,0,15
19,12,2014,13,394165,2,5,13,13.2727272727273,12,0,0,11
19,12,2014,14,394166,1,1,14,13.7142857142857,13,0,0,7
19,12,2014,15,394167,1,1,13,12.75,13,0,0,8
19,12,2014,16,394168,6,3,15,14.8,16,0,0,10
19,12,2014,17,394169,7,7,15,14.5,15,0,0,18
19,12,2014,18,394170,8,7,16,15.4736842105263,16,0,0,19
19,12,2014,19,394171,6,8,14.5,14.4375,14,0,0,16
19,12,2014,20,394172,6,5,15.5,15.25,15,0,0,16
19,12,2014,21,394173,2,2,16,15.5454545454545,16,0,0,11
19,12,2014,22,394174,3,3,16,15.25,16,0,0,12
19,12,2014,23,394175,0,0,16,16,16,0,0,8
20,12,2014,0,394176,1,10,12,11.5,7,0,0,16
20,12,2014,1,394177,1,6,3,4.38461538461539,2,0,0,13
20,12,2014,2,394178,4,2,5,4.36363636363636,4,0,0,11
20,12,2014,3,394179,2,3,5,5,4,0,0,11
20,12,2014,4,394180,1,3,3.5,3.33333333333333,2,0,0,12
20,12,2014,5,394181,1,0,4,3.71428571428571,4,0,0,7
20,12,2014,6,394182,1,2,4,4,3,0,0,7
20,12,2014,7,394183,0,0,3,3,3,0,0,7
20,12,2014,8,394184,1,4,1.5,1.875,1,0,0,8
20,12,2014,9,394185,5,5,1,1.22222222222222,1,0.0555555555555556,0,18
20,12,2014,10,394186,10,7,3,2.72222222222222,5,0,0,18
20,12,2014,11,394187,15,10,8,7.57692307692308,11,0,0,26
20,12,2014,12,394188,14,13,14,13.4230769230769,14,0,0,26
20,12,2014,13,394189,5,5,15,15,16,0,0,16
20,12,2014,14,394190,5,11,14,14,10,0,0,21
20,12,2014,15,394191,5,8,11,10.45,8,0,0,20
20,12,2014,16,394192,12,5,14,12.96,16,0,0,25
20,12,2014,17,394193,3,4,16,15.3846153846154,14,0,0,13
20,12,2014,18,394194,9,8,15,14.4736842105263,16,0,0,19
20,12,2014,19,394195,3,2,15,15.3636363636364,16,0,0,11
20,12,2014,20,394196,4,4,14,14.3076923076923,16,0,0,13
20,12,2014,21,394197,2,2,16,15.5,16,0,0,8
20,12,2014,22,394198,3,6,15,15.2,13,0,0,15
20,12,2014,23,394199,4,5,13,13.1428571428571,13,0,0,14
21,12,2014,0,394200,9,9,15,15,13,0,0,20
21,12,2014,1,394201,10,8,13,13.1111111111111,16,0,0,18
21,12,2014,2,394202,4,4,16,15.6363636363636,16,0,0,11
21,12,2014,3,394203,0,6,14,13.8,10,0,0,10
21,12,2014,4,394204,4,2,9,9.16666666666667,10,0,0,12
21,12,2014,5,394205,1,3,7,7.77777777777778,8,0,0,9
21,12,2014,6,394206,0,1,8,7.85714285714286,7,0,0,7
21,12,2014,7,394207,1,0,8,7.85714285714286,8,0,0,7
21,12,2014,8,394208,1,4,8,7.25,5,0,0,12
21,12,2014,9,394209,2,6,3,3.2,1,0,0,10
21,12,2014,10,394210,5,4,2,1.69230769230769,2,0,0,13
21,12,2014,11,394211,7,5,3,2.92857142857143,5,0,0,14
21,12,2014,12,394212,7,8,5,4.90476190476191,4,0,0,21
21,12,2014,13,394213,4,7,4,3.91666666666667,1,0,0,12
21,12,2014,14,394214,9,6,3,3.05,4,0,0,20
21,12,2014,15,394215,9,7,5.5,5.45,7,0,0,20
21,12,2014,16,394216,12,5,11,9.44,12,0,0,25
21,12,2014,17,394217,9,4,12,12.9411764705882,15,0,0,17
21,12,2014,18,394218,9,8,14,13.6190476190476,15,0,0,21
21,12,2014,19,394219,4,4,16,15.4615384615385,16,0,0,13
21,12,2014,20,394220,0,0,16,16,16,0,0,8
21,12,2014,21,394221,1,3,14,14.4444444444444,14,0,0,9
21,12,2014,22,394222,4,1,15,15,16,0,0,11
21,12,2014,23,394223,1,1,16,15.8571428571429,16,0,0,7
22,12,2014,0,394224,1,1,16,15.8888888888889,16,0,0,9
22,12,2014,1,394225,0,0,16,16,16,0,0,6
22,12,2014,2,394226,1,2,15,15,15,0,0,12
22,12,2014,3,394227,0,1,14,14.3,14,0,0,10
22,12,2014,4,394228,0,1,14,13.7142857142857,13,0,0,7
22,12,2014,5,394229,3,1,14,13.875,15,0,0,8
22,12,2014,6,394230,1,3,14,13.7272727272727,13,0,0,11
22,12,2014,7,394231,4,8,12,11.4705882352941,8,0,0,17
22,12,2014,8,394232,14,8,14,13.6,15,0,0,35
22,12,2014,9,394233,7,6,16,15.3529411764706,16,0,0,17
22,12,2014,10,394234,5,7,15,14.5,14,0,0,18
22,12,2014,11,394235,6,10,11,11.7096774193548,10,0,0,31
22,12,2014,12,394236,5,9,9,8.80952380952381,7,0,0,21
22,12,2014,13,394237,8,4,9,8.57142857142857,11,0,0,14
22,12,2014,14,394238,5,1,12,12.2,15,0,0,10
22,12,2014,15,394239,2,3,15,15.2,14,0,0,10
22,12,2014,16,394240,4,8,10.5,11,11,0,0,18
22,12,2014,17,394241,9,9,12.5,12.3888888888889,11,0,0,18
22,12,2014,18,394242,10,6,14,13.7272727272727,15,0,0,22
22,12,2014,19,394243,5,5,15.5,14.7857142857143,16,0,0,14
22,12,2014,20,394244,2,2,16,15.625,16,0,0,8
22,12,2014,21,394245,3,10,14,12.8823529411765,8,0,0,17
22,12,2014,22,394246,2,3,7,7.6,6,0,0,10
22,12,2014,23,394247,7,1,9,8.92857142857143,12,0,0,14
23,12,2014,0,394248,4,1,15,14.6,16,0,0,10
23,12,2014,1,394249,2,2,15,15.2727272727273,15,0,0,11
23,12,2014,2,394250,1,0,16,15.75,16,0,0,8
23,12,2014,3,394251,0,0,16,16,16,0,0,6
23,12,2014,4,394252,0,0,16,16,16,0,0,6
23,12,2014,5,394253,0,1,16,15.7142857142857,15,0,0,7
23,12,2014,6,394254,3,1,16,15.5555555555556,16,0,0,9
23,12,2014,7,394255,3,6,15,15,13,0,0,13
23,12,2014,8,394256,10,10,14,13.6666666666667,14,0,0,24
23,12,2014,9,394257,7,5,15,14.625,14,0,0,16
23,12,2014,10,394258,5,3,15,14.7272727272727,16,0,0,11
23,12,2014,11,394259,0,0,16,16,16,0,0,6
23,12,2014,12,394260,3,3,15,14.9230769230769,16,0,0,13
23,12,2014,13,394261,6,9,13,12.9565217391304,12,0,0,23
23,12,2014,14,394262,6,10,10,10.1111111111111,8,0,0,18
23,12,2014,15,394263,8,3,8,8.86666666666667,13,0,0,15
23,12,2014,16,394264,7,3,13,13.3529411764706,16,0,0,17
23,12,2014,17,394265,7,6,16,16.1176470588235,17,0,0.117647058823529,17
23,12,2014,18,394266,3,2,18,18.0714285714286,18,0,0.214285714285714,14
23,12,2014,19,394267,6,10,18,17.85,15,0,0.4,20
23,12,2014,20,394268,5,1,16.5,16.875,19,0,0.125,8
23,12,2014,21,394269,2,2,19,18.8,19,0,0.8,10
23,12,2014,22,394270,2,3,19,18.5555555555556,18,0,0.666666666666667,9
23,12,2014,23,394271,2,3,18,17.5,17,0,0,14
24,12,2014,0,394272,3,4,17,17.0769230769231,16,0,0,13
24,12,2014,1,394273,0,4,14.5,14.125,12,0,0,8
24,12,2014,2,394274,0,0,12,12,12,0,0,8
24,12,2014,3,394275,0,0,12,12,12,0,0,6
24,12,2014,4,394276,1,1,12,12.25,12,0,0,8
24,12,2014,5,394277,0,0,12,12,12,0,0,6
24,12,2014,6,394278,3,0,14,13.5714285714286,15,0,0,7
24,12,2014,7,394279,2,1,16,15.7142857142857,16,0,0,7
24,12,2014,8,394280,4,10,13,13.2,11,0,0,20
24,12,2014,9,394281,4,4,13,12.7272727272727,12,0,0,11
24,12,2014,10,394282,6,1,16,16.0769230769231,18,0,0,13
24,12,2014,11,394283,6,5,17,17.25,19,0,0.125,16
24,12,2014,12,394284,3,5,18,18.2666666666667,16,0,0.466666666666667,15
24,12,2014,13,394285,2,8,11.5,11.875,10,0,0,16
24,12,2014,14,394286,5,3,11,11.4615384615385,13,0,0,13
24,12,2014,15,394287,9,8,14,14.25,15,0,0,20
24,12,2014,16,394288,3,2,16,16.1818181818182,16,0,0,11
24,12,2014,17,394289,2,2,17,17.25,17,0,0,8
24,12,2014,18,394290,4,5,18,17.7857142857143,17,0,0.214285714285714,14
24,12,2014,19,394291,1,1,17,17.375,17,0,0,8
24,12,2014,20,394292,0,1,16,16.375,16,0,0,8
24,12,2014,21,394293,1,0,17,16.6666666666667,17,0,0,6
24,12,2014,22,394294,0,0,17,17,17,0,0,6
24,12,2014,23,394295,2,0,19,18.5,19,0,0.666666666666667,6
25,12,2014,0,394296,0,0,19,19,19,0,1,6
25,12,2014,1,394297,0,0,19,19,19,0,1,6
25,12,2014,2,394298,0,0,19,19,19,0,1,10
25,12,2014,3,394299,0,0,19,19,19,0,1,6
25,12,2014,4,394300,0,2,17,17.75,17,0,0.375,8
25,12,2014,5,394301,1,0,17,17.375,18,0,0,8
25,12,2014,6,394302,1,0,18,17.6666666666667,18,0,0,6
25,12,2014,7,394303,0,0,18,18,18,0,0,6
25,12,2014,8,394304,0,0,18,18,18,0,0,6
25,12,2014,9,394305,1,2,17.5,17.5,17,0,0,8
25,12,2014,10,394306,0,0,16,16,16,0,0,6
25,12,2014,11,394307,1,3,14.5,14.75,14,0,0,8
25,12,2014,12,394308,2,0,16,15.7142857142857,16,0,0,7
25,12,2014,13,394309,3,3,17,16.7,16,0,0,10
25,12,2014,14,394310,2,0,17,17.1428571428571,18,0,0,7
25,12,2014,15,394311,0,0,18,18,18,0,0,6
25,12,2014,16,394312,3,1,17.5,17.8,19,0,0.4,10
25,12,2014,17,394313,1,1,19,18.875,19,0,0.875,8
25,12,2014,18,394314,0,0,19,19,19,0,1,6
25,12,2014,19,394315,0,1,19,18.7142857142857,18,0,0.714285714285714,7
25,12,2014,20,394316,3,4,17,17,17,0,0,12
25,12,2014,21,394317,0,0,17,17,17,0,0,6
25,12,2014,22,394318,3,1,18.5,18.2,19,0,0.5,10
25,12,2014,23,394319,0,0,19,19,19,0,1,6
26,12,2014,0,394320,0,0,19,19,19,0,1,6
26,12,2014,1,394321,0,0,19,19,19,0,1,6
26,12,2014,2,394322,0,0,19,19,19,0,1,7
26,12,2014,3,394323,0,0,19,19,19,0,1,6
26,12,2014,4,394324,0,0,19,19,19,0,1,6
26,12,2014,5,394325,0,0,19,19,19,0,1,6
26,12,2014,6,394326,1,1,19,18.75,19,0,0.75,8
26,12,2014,7,394327,0,1,19,18.7777777777778,18,0,0.777777777777778,9
26,12,2014,8,394328,6,5,18,17.95,19,0,0.15,20
26,12,2014,9,394329,2,4,19,18.3636363636364,17,0,0.545454545454545,11
26,12,2014,10,394330,4,3,17,16.9230769230769,18,0,0,13
26,12,2014,11,394331,3,1,19,18.6,19,0,0.7,10
26,12,2014,12,394332,2,2,19,18.8,19,0,0.8,10
26,12,2014,13,394333,0,4,17,16.5454545454545,15,0,0.0909090909090909,11
26,12,2014,14,394334,0,3,13.5,13.5,12,0,0,8
26,12,2014,15,394335,10,3,17,16.5714285714286,19,0,0.142857142857143,14
26,12,2014,16,394336,0,6,16.5,16.4,13,0,0.1,10
26,12,2014,17,394337,3,3,12,12.1818181818182,13,0,0,11
26,12,2014,18,394338,4,0,16,16.5454545454545,18,0,0,11
26,12,2014,19,394339,2,1,19,18.75,19,0,0.75,8
26,12,2014,20,394340,2,1,17,17.5,19,0,0.125,8
26,12,2014,21,394341,0,1,19,18.6666666666667,18,0,0.666666666666667,6
26,12,2014,22,394342,1,2,16.5,16.625,16,0,0,8
26,12,2014,23,394343,2,0,17,17,18,0,0,7
27,12,2014,0,394344,0,1,19,18.6666666666667,18,0,0.666666666666667,6
27,12,2014,1,394345,1,0,19,18.7142857142857,19,0,0.714285714285714,7
27,12,2014,2,394346,0,0,19,19,19,0,1,7
27,12,2014,3,394347,0,0,19,19,19,0,1,6
27,12,2014,4,394348,0,0,19,19,19,0,1,6
27,12,2014,5,394349,0,0,19,19,19,0,1,6
27,12,2014,6,394350,0,0,19,19,19,0,1,6
27,12,2014,7,394351,0,0,19,19,19,0,1,6
27,12,2014,8,394352,0,0,19,19,19,0,1,6
27,12,2014,9,394353,1,1,19,18.875,19,0,0.875,8
27,12,2014,10,394354,0,0,19,19,19,0,1,7
27,12,2014,11,394355,1,2,18,18.125,18,0,0.375,8
27,12,2014,12,394356,3,2,19,18.5454545454545,19,0,0.545454545454545,11
27,12,2014,13,394357,4,5,18,18.3076923076923,18,0,0.461538461538462,13
27,12,2014,14,394358,1,1,19,18.5714285714286,18,0,0.571428571428571,7
27,12,2014,15,394359,3,4,18,17.6923076923077,17,0,0.230769230769231,13
27,12,2014,16,394360,6,5,15,15.4285714285714,18,0,0,14
27,12,2014,17,394361,1,0,19,18.875,19,0,0.875,8
27,12,2014,18,394362,2,3,19,18.5454545454545,18,0,0.636363636363636,11
27,12,2014,19,394363,0,0,19,19,19,0,1,6
27,12,2014,20,394364,0,2,19,18.5,17,0,0.625,8
27,12,2014,21,394365,2,1,18,17.875,18,0,0.125,8
27,12,2014,22,394366,1,1,19,18.8571428571429,19,0,0.857142857142857,7
27,12,2014,23,394367,1,1,19,18.8888888888889,19,0,0.888888888888889,9
28,12,2014,0,394368,1,1,19,18.7142857142857,19,0,0.714285714285714,7
28,12,2014,1,394369,0,0,19,19,19,0,1,6
28,12,2014,2,394370,0,0,19,19,19,0,1,7
28,12,2014,3,394371,0,1,19,18.6666666666667,18,0,0.666666666666667,6
28,12,2014,4,394372,1,0,19,18.8333333333333,19,0,0.833333333333333,6
28,12,2014,5,394373,0,0,19,19,19,0,1,6
28,12,2014,6,394374,0,0,19,19,19,0,1,6
28,12,2014,7,394375,0,0,19,19,19,0,1,6
28,12,2014,8,394376,0,0,19,19,19,0,1,8
28,12,2014,9,394377,1,0,18.5,18.5,19,0,0.5,6
28,12,2014,10,394378,0,0,19,19,19,0,1,6
28,12,2014,11,394379,0,1,19,18.8571428571429,18,0,0.857142857142857,7
28,12,2014,12,394380,1,3,16,16.2,15,0,0,10
28,12,2014,13,394381,2,4,15,14.5,14,0,0,10
28,12,2014,14,394382,2,3,12,12.5,12,0,0,10
28,12,2014,15,394383,1,0,13,12.8571428571429,13,0,0,7
28,12,2014,16,394384,4,2,15,15,15,0,0,11
28,12,2014,17,394385,3,4,15,15.1666666666667,14,0,0,12
28,12,2014,18,394386,3,4,15,14.5833333333333,13,0,0,12
28,12,2014,19,394387,3,1,13.5,13.3,14,0,0,10
28,12,2014,20,394388,1,1,13,12.8571428571429,13,0,0,7
28,12,2014,21,394389,0,0,13,13,13,0,0,6
28,12,2014,22,394390,3,0,15.5,15.1666666666667,16,0,0,6
28,12,2014,23,394391,3,0,17,17.25,19,0,0.25,8
29,12,2014,0,394392,0,0,19,19,19,0,1,6
29,12,2014,1,394393,0,1,18,18.375,18,0,0.375,8
29,12,2014,2,394394,0,1,17,17.125,17,0,0,8
29,12,2014,3,394395,0,0,17,17,17,0,0,6
29,12,2014,4,394396,0,0,17,17,17,0,0,6
29,12,2014,5,394397,0,0,17,17,17,0,0,6
29,12,2014,6,394398,1,1,18,17.75,18,0,0,8
29,12,2014,7,394399,2,3,17,16.7777777777778,17,0,0,9
29,12,2014,8,394400,4,9,12,12.5789473684211,12,0,0,19
29,12,2014,9,394401,5,9,8,7.61111111111111,8,0,0,18
29,12,2014,10,394402,1,2,7,7.22222222222222,7,0,0,9
29,12,2014,11,394403,3,0,9.5,9.5,11,0,0,6
29,12,2014,12,394404,3,1,18,18.3333333333333,19,0,0.444444444444444,9
29,12,2014,13,394405,1,4,18,18,16,0,0.416666666666667,12
29,12,2014,14,394406,3,3,18,17.9,17,0,0.3,10
29,12,2014,15,394407,1,2,19,18.75,18,0,0.75,8
29,12,2014,16,394408,7,5,18,17.75,19,0,0.3125,16
29,12,2014,17,394409,2,2,19,18.6363636363636,19,0,0.636363636363636,11
29,12,2014,18,394410,6,6,18,17.8,19,0,0.466666666666667,15
29,12,2014,19,394411,1,1,19,18.9,19,0,0.9,10
29,12,2014,20,394412,0,0,19,19,19,0,1,6
29,12,2014,21,394413,1,1,19,18.8333333333333,19,0,0.833333333333333,6
29,12,2014,22,394414,1,1,19,18.6666666666667,19,0,0.666666666666667,9
29,12,2014,23,394415,0,0,19,19,19,0,1,2
30,12,2014,0,394416,0,0,19,19,19,0,1,6
30,12,2014,1,394417,0,1,18.5,18.5,18,0,0.5,6
30,12,2014,2,394418,0,1,17,17.3333333333333,17,0,0,9
30,12,2014,3,394419,1,0,18,17.7142857142857,18,0,0,7
30,12,2014,4,394420,0,0,18,18,18,0,0,6
30,12,2014,5,394421,1,0,18,18.3333333333333,19,0,0.333333333333333,6
30,12,2014,6,394422,0,1,19,18.5714285714286,18,0,0.571428571428571,7
30,12,2014,7,394423,1,5,17,16.7142857142857,15,0,0.142857142857143,14
30,12,2014,8,394424,6,9,13,13.1666666666667,12,0,0,18
30,12,2014,9,394425,6,10,12,11.5238095238095,9,0,0,21
30,12,2014,10,394426,1,3,7,7.5,7,0,0,8
30,12,2014,11,394427,9,0,14,13.1666666666667,17,0,0,12
30,12,2014,12,394428,2,0,18,18,19,0,0.285714285714286,7
30,12,2014,13,394429,3,10,15,15.2222222222222,12,0,0.111111111111111,18
30,12,2014,14,394430,9,4,10,10.8888888888889,16,0,0,18
30,12,2014,15,394431,2,4,15,14.7692307692308,13,0,0,13
30,12,2014,16,394432,0,0,15,15,15,0,0,2
30,12,2014,19,394435,0,0,19,19,19,0,1,2
30,12,2014,20,394436,0,0,19,19,19,0,1,9
30,12,2014,21,394437,2,2,18.5,18.375,19,0,0.5,8
30,12,2014,22,394438,2,2,19,18.7,19,0,0.7,10
30,12,2014,23,394439,1,2,18,18.1111111111111,18,0,0.222222222222222,9
31,12,2014,0,394440,4,3,17,17.3636363636364,19,0,0.181818181818182,11
31,12,2014,1,394441,1,1,19,18.5714285714286,19,0,0.571428571428571,7
31,12,2014,2,394442,1,2,17,17.5555555555556,18,0,0.222222222222222,9
31,12,2014,3,394443,0,0,18,18,18,0,0,8
31,12,2014,4,394444,0,0,18,18,18,0,0,6
31,12,2014,5,394445,0,0,18,18,18,0,0,6
31,12,2014,6,394446,0,0,19,19,19,0,1,6
31,12,2014,7,394447,2,1,19,18.625,19,0,0.625,8
31,12,2014,8,394448,3,3,18,18,19,0,0.461538461538462,13
31,12,2014,9,394449,0,0,19,19,19,0,1,6
31,12,2014,10,394450,2,4,17.5,17.375,17,0,0.375,8
31,12,2014,11,394451,2,1,19,18.5714285714286,18,0,0.714285714285714,7
31,12,2014,12,394452,3,4,17,17,17,0,0.2,10
31,12,2014,13,394453,3,2,18,18.125,18,0,0.375,8
31,12,2014,14,394454,3,5,18,18.0714285714286,17,0,0.428571428571429,14
31,12,2014,15,394455,7,6,18.5,18.05,17,0,0.5,20
31,12,2014,16,394456,1,1,19,18.9166666666667,19,0,0.916666666666667,12
31,12,2014,17,394457,1,2,18,18.375,18,0,0.375,8
31,12,2014,18,394458,2,1,19,18.5833333333333,19,0,0.583333333333333,12
31,12,2014,19,394459,2,2,19,18.7272727272727,19,0,0.727272727272727,11
31,12,2014,20,394460,2,2,19,18.6666666666667,19,0,0.666666666666667,9
31,12,2014,21,394461,5,5,18,18,19,0,0.266666666666667,15
31,12,2014,22,394462,0,0,19,19,19,0,1,5
31,12,2014,23,394463,0,3,19,18.2222222222222,16,0,0.666666666666667,9
1,1,2015,0,394464,2,1,16,16.375,17,0,0,8
1,1,2015,1,394465,7,5,17,17.0833333333333,19,0,0.333333333333333,12
1,1,2015,2,394466,4,4,19,18.4210526315789,18,0,0.526315789473684,19
1,1,2015,3,394467,3,1,18,18.2,19,0,0.3,10
1,1,2015,4,394468,0,0,19,19,19,0,1,7
1,1,2015,5,394469,0,0,19,19,19,0,1,6
1,1,2015,6,394470,0,0,19,19,19,0,1,6
1,1,2015,7,394471,0,0,19,19,19,0,1,6
1,1,2015,8,394472,0,0,19,19,19,0,1,6
1,1,2015,9,394473,0,0,19,19,19,0,1,6
1,1,2015,10,394474,0,2,18,18.1428571428571,17,0,0.428571428571429,7
1,1,2015,11,394475,1,1,18,17.5714285714286,17,0,0,7
1,1,2015,12,394476,2,2,17,16.625,17,0,0,8
1,1,2015,13,394477,2,0,17,17.4285714285714,19,0,0.142857142857143,7
1,1,2015,14,394478,0,3,18,18,16,0,0.25,8
1,1,2015,15,394479,4,1,18.5,17.9166666666667,19,0,0.5,12
1,1,2015,16,394480,1,6,17.5,17,14,0,0.4,10
1,1,2015,17,394481,2,2,16,15.8,15,0,0,10
1,1,2015,18,394482,0,0,16,16,16,0,0,6
1,1,2015,19,394483,0,1,16,15.75,15,0,0,8
1,1,2015,20,394484,2,1,15,15,15,0,0,13
1,1,2015,21,394485,4,3,17,17,18,0,0.222222222222222,9
1,1,2015,22,394486,0,2,16,16.7142857142857,16,0,0,7
1,1,2015,23,394487,1,0,17,16.7142857142857,17,0,0,7
2,1,2015,0,394488,0,1,17,16.7142857142857,16,0,0,7
2,1,2015,1,394489,0,0,17,17,17,0,0,6
2,1,2015,2,394490,0,0,17,17,17,0,0,7
2,1,2015,3,394491,0,0,17,17,17,0,0,6
2,1,2015,4,394492,0,0,17,17,17,0,0,6
2,1,2015,5,394493,0,0,17,17,17,0,0,6
2,1,2015,6,394494,1,1,17,17.4285714285714,17,0,0,7
2,1,2015,7,394495,1,0,17,17.25,18,0,0,8
2,1,2015,8,394496,3,3,17.5,17.4166666666667,18,0,0,12
2,1,2015,9,394497,0,1,18,17.8333333333333,17,0,0,6
2,1,2015,10,394498,1,0,18,17.8571428571429,18,0,0,7
2,1,2015,11,394499,5,5,17,17.1538461538462,18,0,0,13
2,1,2015,12,394500,9,9,16,16.2727272727273,18,0,0,22
2,1,2015,13,394501,3,6,17,17,15,0,0,13
2,1,2015,14,394502,4,5,14,14,14,0,0,13
2,1,2015,15,394503,6,3,17,16.8571428571429,17,0,0,14
2,1,2015,16,394504,3,4,17,17.0909090909091,16,0,0,11
2,1,2015,17,394505,2,0,18,17.5714285714286,18,0,0,7
2,1,2015,18,394506,1,0,18,17.8888888888889,18,0,0,9
2,1,2015,19,394507,3,3,18,17.75,18,0,0,12
2,1,2015,20,394508,0,0,18,18,18,0,0,6
2,1,2015,21,394509,3,3,17,17.1111111111111,18,0,0,9
2,1,2015,22,394510,2,2,18,17.5555555555556,18,0,0,9
2,1,2015,23,394511,2,2,18,17.7777777777778,18,0,0,9
3,1,2015,0,394512,3,3,17,17.3846153846154,18,0,0,13
3,1,2015,1,394513,0,0,18,18,18,0,0,6
3,1,2015,2,394514,0,0,18,18,18,0,0,8
3,1,2015,3,394515,0,1,17.5,17.5,17,0,0,6
3,1,2015,4,394516,0,0,17,17,17,0,0,6
3,1,2015,5,394517,2,1,17,17,18,0,0,9
3,1,2015,6,394518,0,0,18,18,18,0,0,6
3,1,2015,7,394519,0,0,18,18,18,0,0,6
3,1,2015,8,394520,1,1,18,17.625,18,0,0,8
3,1,2015,9,394521,0,0,18,18,18,0,0,6
3,1,2015,10,394522,0,3,16.5,16.3,15,0,0,10
3,1,2015,11,394523,4,3,14,14.0909090909091,15,0,0,11
3,1,2015,12,394524,3,2,17,17.1,17,0,0,10
3,1,2015,13,394525,1,2,17,16.7777777777778,16,0,0,9
3,1,2015,14,394526,2,5,14,14.375,13,0,0,16
3,1,2015,15,394527,6,2,17,16.1818181818182,17,0,0,11
3,1,2015,16,394528,8,7,17,17.1578947368421,18,0,0,19
3,1,2015,17,394529,3,4,17,17.3333333333333,17,0,0,15
3,1,2015,18,394530,3,2,17,17.2727272727273,18,0,0,11
3,1,2015,19,394531,3,5,17,16.9090909090909,16,0,0,11
3,1,2015,20,394532,2,0,18,17.5714285714286,18,0,0,7
3,1,2015,21,394533,0,0,18,18,18,0,0,6
3,1,2015,22,394534,1,1,18,17.7777777777778,18,0,0,9
3,1,2015,23,394535,1,5,17,16.5454545454545,14,0,0,11
4,1,2015,0,394536,1,7,12,11.6923076923077,8,0,0,13
4,1,2015,1,394537,5,2,8,8.33333333333333,11,0,0,12
4,1,2015,2,394538,5,4,10,10.0714285714286,12,0,0,14
4,1,2015,3,394539,0,5,10,9.63636363636364,7,0,0,11
4,1,2015,4,394540,0,1,6,6.42857142857143,6,0,0,7
4,1,2015,5,394541,3,1,6,5.75,7,0,0,8
4,1,2015,6,394542,1,0,8,7.71428571428571,8,0,0,7
4,1,2015,7,394543,1,0,8,8.28571428571429,9,0,0,7
4,1,2015,8,394544,0,3,6,6.11111111111111,5,0,0,9
4,1,2015,9,394545,1,0,6,5.83333333333333,6,0,0,6
4,1,2015,10,394546,5,3,8,8.125,9,0,0,16
4,1,2015,11,394547,4,6,8.5,8.41666666666667,7,0,0,12
4,1,2015,12,394548,10,3,10,9.92857142857143,13,0,0,14
4,1,2015,13,394549,3,2,14,14.1818181818182,14,0,0,11
4,1,2015,14,394550,0,5,10.5,10.8333333333333,9,0,0,12
4,1,2015,15,394551,2,3,9,8.76923076923077,8,0,0,13
4,1,2015,16,394552,6,1,9,9.8,13,0,0,10
4,1,2015,17,394553,5,3,15,14.8461538461538,15,0,0,13
4,1,2015,18,394554,4,4,14,14,15,0,0,15
4,1,2015,19,394555,2,0,16,16.3333333333333,18,0,0,9
4,1,2015,20,394556,0,0,18,18,18,0,0,7
4,1,2015,21,394557,0,2,17.5,17.25,16,0,0,8
4,1,2015,22,394558,2,0,17,17.2222222222222,18,0,0,9
4,1,2015,23,394559,0,0,18,18,18,0,0,6
5,1,2015,0,394560,1,1,18,17.8571428571429,18,0,0,7
5,1,2015,1,394561,0,0,18,18,18,0,0,6
5,1,2015,2,394562,0,0,18,18,18,0,0,8
5,1,2015,3,394563,0,0,18,18,18,0,0,6
5,1,2015,4,394564,0,0,18,18,18,0,0,6
5,1,2015,5,394565,0,0,18,18,18,0,0,6
5,1,2015,6,394566,2,3,17,17.2,17,0,0,10
5,1,2015,7,394567,5,8,15,14.7857142857143,15,0,0,14
5,1,2015,8,394568,8,10,11,11.96,15,0,0,25
5,1,2015,9,394569,9,8,16,16.4285714285714,16,0,0,21
5,1,2015,10,394570,4,3,16,15.7142857142857,17,0,0,14
5,1,2015,11,394571,4,4,16,16.0666666666667,17,0,0,15
5,1,2015,12,394572,5,5,16,16.125,17,0,0,16
5,1,2015,13,394573,5,5,17,16.4736842105263,17,0,0,19
5,1,2015,14,394574,3,3,17,16.6,17,0,0,10
5,1,2015,15,394575,6,6,15,15.1428571428571,17,0,0,14
5,1,2015,16,394576,7,7,16,16.1764705882353,17,0,0,17
5,1,2015,17,394577,6,7,16,15.952380952381,16,0,0,21
5,1,2015,18,394578,5,5,17,16.3529411764706,17,0,0,17
5,1,2015,19,394579,2,3,17,16.7272727272727,16,0,0,11
5,1,2015,20,394580,4,7,14.5,14.6875,13,0,0,16
5,1,2015,21,394581,4,3,14,13.9285714285714,15,0,0,14
5,1,2015,22,394582,0,6,11,11.7,9,0,0,10
5,1,2015,23,394583,0,0,9,9,9,0,0,6
6,1,2015,0,394584,0,0,9,9,9,0,0,6
6,1,2015,1,394585,0,0,9,9,9,0,0,6
6,1,2015,2,394586,0,0,9,9,9,0,0,8
6,1,2015,3,394587,0,0,9,9,9,0,0,6
6,1,2015,4,394588,0,1,9,8.83333333333333,8,0,0,6
6,1,2015,5,394589,0,0,8,8,8,0,0,6
6,1,2015,6,394590,2,5,6,6.07692307692308,5,0,0,13
6,1,2015,7,394591,7,10,3.5,3.65,2,0,0,20
6,1,2015,8,394592,18,11,4,4.24,8,0,0,25
6,1,2015,9,394593,12,6,15,14.5217391304348,15,0,0,23
6,1,2015,10,394594,3,2,17,16.6363636363636,17,0,0,11
6,1,2015,11,394595,4,4,17,16.6153846153846,17,0,0,13
6,1,2015,12,394596,7,6,16,15.8421052631579,17,0,0,19
6,1,2015,13,394597,1,1,17,16.875,17,0,0,8
6,1,2015,14,394598,3,2,17,16.6666666666667,17,0,0,12
6,1,2015,15,394599,5,4,16,15.4545454545455,17,0,0,11
6,1,2015,16,394600,6,6,15,15.1875,17,0,0,16
6,1,2015,17,394601,8,11,15,15.25,14,0,0,20
6,1,2015,18,394602,6,5,16,16.3333333333333,16,0,0,18
6,1,2015,19,394603,5,5,17,16.3846153846154,17,0,0,13
6,1,2015,20,394604,1,2,16,16.0909090909091,16,0,0,11
6,1,2015,21,394605,1,1,15,15.375,16,0,0,8
6,1,2015,22,394606,2,2,16,15.8,16,0,0,10
6,1,2015,23,394607,1,1,16,15.9090909090909,16,0,0,11
7,1,2015,0,394608,1,1,16,15.5555555555556,16,0,0,9
7,1,2015,1,394609,0,0,16,16,16,0,0,8
7,1,2015,2,394610,0,0,16,16,16,0,0,9
7,1,2015,3,394611,0,0,16,16,16,0,0,8
7,1,2015,4,394612,0,0,16,16,16,0,0,7
7,1,2015,5,394613,0,0,16,16,16,0,0,10
7,1,2015,6,394614,1,2,15.5,15.4,15,0,0,10
7,1,2015,7,394615,3,6,14.5,14.5,12,0,0,12
7,1,2015,8,394616,14,9,11,12.3478260869565,16,0,0,23
7,1,2015,9,394617,2,5,16,15.0625,12,0,0,16
7,1,2015,10,394618,6,0,15,15.6363636363636,19,0,0.0909090909090909,11
7,1,2015,11,394619,4,4,19,18.6,19,0,0.666666666666667,15
7,1,2015,12,394620,5,5,18,17.5833333333333,19,0,0.416666666666667,12
7,1,2015,13,394621,4,4,18,18,19,0,0.307692307692308,13
7,1,2015,14,394622,2,2,19,18.7777777777778,19,0,0.777777777777778,9
7,1,2015,15,394623,1,1,19,18.8888888888889,19,0,0.888888888888889,9
7,1,2015,16,394624,4,3,19,18.4615384615385,19,0,0.538461538461538,13
7,1,2015,17,394625,6,5,19,18.6818181818182,19,0,0.681818181818182,22
7,1,2015,18,394626,7,7,18,18.2941176470588,18,0,0.411764705882353,17
7,1,2015,19,394627,3,3,19,18.6923076923077,19,0,0.692307692307692,13
7,1,2015,20,394628,2,2,18,18.4444444444444,18,0,0.444444444444444,9
7,1,2015,21,394629,3,4,19,18.5454545454545,18,0,0.545454545454545,11
7,1,2015,22,394630,3,4,17,16.5,17,0,0,12
7,1,2015,23,394631,2,5,14,14.2222222222222,14,0,0,9
8,1,2015,0,394632,1,4,13,13,11,0,0,9
8,1,2015,1,394633,0,1,11,10.6666666666667,10,0,0,6
8,1,2015,2,394634,1,0,11,10.8181818181818,11,0,0,11
8,1,2015,3,394635,2,2,11.5,11.875,11,0,0,8
8,1,2015,4,394636,1,0,11,11.2857142857143,12,0,0,7
8,1,2015,5,394637,0,0,12,12,12,0,0,6
8,1,2015,6,394638,2,1,13,12.8,13,0,0,10
8,1,2015,7,394639,4,7,11,11.2352941176471,11,0,0,17
8,1,2015,8,394640,10,18,4,5.93103448275862,2,0,0,29
8,1,2015,9,394641,9,4,4,4,8,0,0,17
8,1,2015,10,394642,9,3,8,8.125,13,0,0,16
8,1,2015,11,394643,5,6,13,12.7857142857143,12,0,0,14
8,1,2015,12,394644,6,3,17,17,19,0,0.266666666666667,15
8,1,2015,13,394645,1,3,18,18,17,0,0.4,10
8,1,2015,14,394646,2,1,18,18.4444444444444,19,0,0.444444444444444,9
8,1,2015,15,394647,3,5,18,18.2727272727273,17,0,0.363636363636364,11
8,1,2015,16,394648,5,6,17,17.2666666666667,16,0,0.2,15
8,1,2015,17,394649,6,7,17,16.8125,16,0,0,16
8,1,2015,18,394650,11,9,18,18.1818181818182,19,0,0.454545454545455,22
8,1,2015,19,394651,5,5,18,18,19,0,0.428571428571429,14
8,1,2015,20,394652,0,0,19,19,19,0,1,6
8,1,2015,21,394653,1,3,19,18.5454545454545,17,0,0.636363636363636,11
8,1,2015,22,394654,3,3,18,18.2,18,0,0.3,10
8,1,2015,23,394655,2,2,18.5,18.375,19,0,0.5,8
9,1,2015,0,394656,0,1,19,18.75,18,0,0.75,8
9,1,2015,1,394657,1,2,18,17.5714285714286,17,0,0,7
9,1,2015,2,394658,1,0,18,17.8888888888889,18,0,0,9
9,1,2015,3,394659,0,0,18,18,18,0,0,6
9,1,2015,4,394660,1,0,18,18.1428571428571,19,0,0.142857142857143,7
9,1,2015,5,394661,0,0,19,19,19,0,1,6
9,1,2015,6,394662,1,1,18.5,18.5,19,0,0.5,8
9,1,2015,7,394663,5,5,17,17.25,19,0,0.25,12
9,1,2015,8,394664,6,8,17,16.9,16,0,0.1,20
9,1,2015,9,394665,3,2,19,18.4444444444444,18,0,0.555555555555556,9
9,1,2015,10,394666,5,6,17,17.1428571428571,17,0,0.142857142857143,14
9,1,2015,11,394667,6,4,17.5,17.5714285714286,19,0,0.357142857142857,14
9,1,2015,12,394668,5,5,18.5,18.3571428571429,19,0,0.5,14
9,1,2015,13,394669,5,4,18,17.9,19,0,0.3,10
9,1,2015,14,394670,5,5,18,18.3529411764706,19,0,0.470588235294118,17
9,1,2015,15,394671,5,10,17,16.5625,12,0,0.0625,16
9,1,2015,16,394672,10,6,17,15.8947368421053,17,0,0.105263157894737,19
9,1,2015,17,394673,11,11,13,13.0384615384615,16,0,0,26
9,1,2015,18,394674,10,6,17,17.1578947368421,19,0,0.210526315789474,19
9,1,2015,19,394675,8,7,18,18.047619047619,19,0,0.428571428571429,21
9,1,2015,20,394676,5,4,19,18.4705882352941,19,0,0.588235294117647,17
9,1,2015,21,394677,3,3,19,18.75,19,0,0.75,12
9,1,2015,22,394678,5,8,16,16.2,16,0,0.266666666666667,15
9,1,2015,23,394679,5,3,17,16.75,17,0,0,12
10,1,2015,0,394680,3,10,14,13.625,9,0,0,16
10,1,2015,1,394681,4,8,8,8.05555555555556,5,0,0,18
10,1,2015,2,394682,2,1,6,6,6,0,0,10
10,1,2015,3,394683,4,5,5.5,5.28571428571429,5,0,0,14
10,1,2015,4,394684,2,2,6,5.66666666666667,5,0,0,9
10,1,2015,5,394685,0,0,5,5,5,0,0,6
10,1,2015,6,394686,2,0,5.5,5.875,7,0,0,8
10,1,2015,7,394687,2,2,7,7.33333333333333,7,0,0,9
10,1,2015,8,394688,4,2,8,7.81818181818182,9,0,0,11
10,1,2015,9,394689,3,5,11,10.6,8,0,0,10
10,1,2015,10,394690,7,6,8,8.29411764705882,9,0,0,17
10,1,2015,11,394691,9,6,12,11.8421052631579,12,0,0,19
10,1,2015,12,394692,3,6,8,7.76923076923077,7,0,0,13
10,1,2015,13,394693,8,4,10,10.2857142857143,13,0,0,14
10,1,2015,14,394694,10,16,7,7.77777777777778,6,0,0,27
10,1,2015,15,394695,4,5,8,8.07692307692308,6,0,0,13
10,1,2015,16,394696,4,5,5.5,5.78571428571429,5,0,0,14
10,1,2015,17,394697,7,4,9,8.58333333333333,9,0,0,12
10,1,2015,18,394698,8,7,12.5,12.1875,10,0,0,16
10,1,2015,19,394699,9,6,12,12.0526315789474,14,0,0,19
10,1,2015,20,394700,4,1,15,15,17,0,0,9
10,1,2015,21,394701,2,2,18.5,18.375,18,0,0.5,8
10,1,2015,22,394702,5,3,18,18.2727272727273,19,0,0.454545454545455,11
10,1,2015,23,394703,3,5,18,17.6363636363636,17,0,0.181818181818182,11
11,1,2015,0,394704,6,4,18,18,18,0,0.266666666666667,15
11,1,2015,1,394705,3,8,18,17.0588235294118,14,0,0.352941176470588,17
11,1,2015,2,394706,5,5,15,15.25,14,0,0,16
11,1,2015,3,394707,0,5,12,11.5833333333333,9,0,0,12
11,1,2015,4,394708,1,2,9,9.125,8,0,0,8
11,1,2015,5,394709,0,1,7,7.22222222222222,7,0,0,9
11,1,2015,6,394710,0,1,7,6.85714285714286,6,0,0,7
11,1,2015,7,394711,1,1,6,6.375,6,0,0,8
11,1,2015,8,394712,2,4,4,3.75,4,0,0,8
11,1,2015,9,394713,0,1,4,3.66666666666667,3,0,0,9
11,1,2015,10,394714,4,1,4,4.1,6,0,0,10
11,1,2015,11,394715,5,6,4,4,5,0,0,15
11,1,2015,12,394716,15,4,10,11.3478260869565,18,0,0,23
11,1,2015,13,394717,3,2,19,18.4545454545455,19,0,0.727272727272727,11
11,1,2015,14,394718,12,12,19,18.1111111111111,19,0,0.555555555555556,27
11,1,2015,15,394719,16,22,16,16.1,13,0,0.15,40
11,1,2015,16,394720,7,18,6,7.57692307692308,4,0,0,26
11,1,2015,17,394721,3,3,5,4.7,4,0,0,10
11,1,2015,18,394722,13,2,8,9.2,15,0,0,15
11,1,2015,19,394723,2,5,14,13.7777777777778,12,0,0,9
11,1,2015,20,394724,1,2,10,10.25,10,0,0,8
11,1,2015,21,394725,2,4,9,9.27272727272727,8,0,0,11
11,1,2015,22,394726,1,2,7,6.625,6,0,0,8
11,1,2015,23,394727,2,1,7,6.5,7,0,0,6
12,1,2015,0,394728,0,1,7,6.85714285714286,6,0,0,7
12,1,2015,1,394729,0,1,5,5.14285714285714,5,0,0,7
12,1,2015,2,394730,0,0,5,5,5,0,0,8
12,1,2015,3,394731,0,0,5,5,5,0,0,6
12,1,2015,4,394732,0,0,5,5,5,0,0,6
12,1,2015,5,394733,0,1,5,4.71428571428571,4,0,0,7
12,1,2015,6,394734,4,3,4,3.81818181818182,5,0,0,11
12,1,2015,7,394735,5,6,4,3.8,3,0,0,15
12,1,2015,8,394736,11,5,7,6.63157894736842,9,0,0,19
12,1,2015,9,394737,2,7,9,8.92307692307692,6,0,0,13
12,1,2015,10,394738,7,10,5,4.63157894736842,2,0,0,19
12,1,2015,11,394739,7,4,1,1.3125,4,0.25,0,16
12,1,2015,12,394740,8,6,4,4.42105263157895,5,0,0,19
12,1,2015,13,394741,5,4,6,5.90909090909091,7,0,0,11
12,1,2015,14,394742,4,6,5,4.8125,5,0,0,16
12,1,2015,15,394743,2,3,4.5,4.6,4,0,0,10
12,1,2015,16,394744,3,7,3,2.69230769230769,0,0.153846153846154,0,13
12,1,2015,17,394745,9,7,2,1.84210526315789,2,0.105263157894737,0,19
12,1,2015,18,394746,8,9,1,1.0952380952381,1,0.285714285714286,0,21
12,1,2015,19,394747,5,2,2,2.13333333333333,4,0,0,15
12,1,2015,20,394748,1,4,4.5,4.2,2,0,0,10
12,1,2015,21,394749,0,2,2,2,1,0,0,7
12,1,2015,22,394750,2,2,2,1.72727272727273,1,0,0,11
12,1,2015,23,394751,2,1,2,1.63636363636364,2,0,0,11
13,1,2015,0,394752,0,1,1,1.44444444444444,1,0,0,9
13,1,2015,1,394753,0,0,1,1,1,0,0,5
13,1,2015,2,394754,0,0,1,1,1,0,0,8
13,1,2015,3,394755,1,0,1,1.14285714285714,2,0,0,7
13,1,2015,4,394756,0,0,3,3,3,0,0,6
13,1,2015,5,394757,1,0,3,3.14285714285714,4,0,0,7
13,1,2015,6,394758,5,2,6,6.18181818181818,8,0,0,11
13,1,2015,7,394759,3,6,6,6.15384615384615,5,0,0,13
13,1,2015,8,394760,12,9,4,4.37037037037037,7,0,0,27
13,1,2015,9,394761,5,4,6,6.35714285714286,8,0,0,14
13,1,2015,10,394762,6,7,10,10.05,8,0,0,20
13,1,2015,11,394763,6,4,10,9.76470588235294,11,0,0,17
13,1,2015,12,394764,9,9,11.5,11.45,12,0,0,20
13,1,2015,13,394765,8,6,13.5,13.375,15,0,0,16
13,1,2015,14,394766,6,3,15,15.4545454545455,17,0,0,11
13,1,2015,15,394767,3,5,15,15.3076923076923,14,0,0,13
13,1,2015,16,394768,10,8,14,14.0454545454545,15,0,0,22
13,1,2015,17,394769,6,6,17,16.9375,16,0,0.0625,16
13,1,2015,18,394770,11,9,18,17.52,18,0,0.2,25
13,1,2015,19,394771,7,6,17.5,17.2777777777778,19,0,0.277777777777778,18
13,1,2015,20,394772,2,2,19,18.8,19,0,0.8,10
13,1,2015,21,394773,7,7,16,16.4444444444444,19,0,0.111111111111111,18
13,1,2015,22,394774,6,5,16,16.4,19,0,0.0666666666666667,15
13,1,2015,23,394775,1,1,19,18.625,18,0,0.625,8
14,1,2015,0,394776,1,0,19,18.8333333333333,19,0,0.833333333333333,6
14,1,2015,1,394777,0,1,19,18.875,18,0,0.875,8
14,1,2015,2,394778,1,0,18,18.25,19,0,0.25,8
14,1,2015,3,394779,0,0,19,19,19,0,1,6
14,1,2015,4,394780,0,0,19,19,19,0,1,6
14,1,2015,5,394781,0,0,19,19,19,0,1,6
14,1,2015,6,394782,5,5,18,18.3333333333333,19,0,0.388888888888889,18
14,1,2015,7,394783,4,13,15,14.1739130434783,10,0,0.173913043478261,23
14,1,2015,8,394784,18,10,14,14.0625,19,0,0.03125,32
14,1,2015,9,394785,2,2,19,18.7,18,0,0.7,10
14,1,2015,10,394786,3,3,18.5,18.4166666666667,18,0,0.5,12
14,1,2015,11,394787,7,5,18.5,18.2142857142857,19,0,0.5,14
14,1,2015,12,394788,3,5,18,17.8181818181818,17,0,0.181818181818182,11
14,1,2015,13,394789,7,7,18,17.4444444444444,18,0,0.166666666666667,18
14,1,2015,14,394790,4,5,18,17.75,18,0,0.166666666666667,12
14,1,2015,15,394791,5,5,18,17.7857142857143,18,0,0.285714285714286,14
14,1,2015,16,394792,3,4,18,18.3,18,0,0.4,10
14,1,2015,17,394793,7,12,16.5,16.5,14,0,0.15,20
14,1,2015,18,394794,12,9,17,17.2,18,0,0.15,20
14,1,2015,19,394795,7,6,19,18.5294117647059,19,0,0.588235294117647,17
14,1,2015,20,394796,3,4,18,17.9090909090909,18,0,0.363636363636364,11
14,1,2015,21,394797,7,6,18,18,19,0,0.307692307692308,13
14,1,2015,22,394798,4,6,17,16.6923076923077,17,0,0.153846153846154,13
14,1,2015,23,394799,1,2,16,16.25,16,0,0,8
15,1,2015,0,394800,1,0,17,17.1666666666667,18,0,0,6
15,1,2015,1,394801,0,1,18,17.75,17,0,0,8
15,1,2015,2,394802,1,0,17,17.4444444444444,18,0,0,9
15,1,2015,3,394803,0,0,18,18,18,0,0,5
15,1,2015,4,394804,0,0,18,18,18,0,0,6
15,1,2015,5,394805,0,0,18,18,18,0,0,6
15,1,2015,6,394806,4,5,18,18.1666666666667,17,0,0.333333333333333,12
15,1,2015,7,394807,5,7,16,16.3125,15,0,0,16
15,1,2015,8,394808,14,11,15.5,15.9285714285714,17,0,0.142857142857143,28
15,1,2015,9,394809,7,4,18,18.2666666666667,19,0,0.466666666666667,15
15,1,2015,10,394810,4,7,17,17.2307692307692,16,0,0.153846153846154,13
15,1,2015,11,394811,8,7,16,15.8333333333333,17,0,0.111111111111111,18
15,1,2015,12,394812,4,5,17,17.4285714285714,17,0,0.0714285714285714,14
15,1,2015,13,394813,5,4,18,18.1666666666667,19,0,0.416666666666667,12
15,1,2015,14,394814,1,4,19,18.2222222222222,16,0,0.555555555555556,9
15,1,2015,15,394815,7,5,18,17.75,19,0,0.125,16
15,1,2015,16,394816,6,8,18,17.4666666666667,16,0,0.133333333333333,15
15,1,2015,17,394817,6,2,16.5,16.9166666666667,19,0,0.25,12
15,1,2015,18,394818,6,5,18,17.65,19,0,0.4,20
15,1,2015,19,394819,5,4,19,18.6363636363636,19,0,0.636363636363636,22
15,1,2015,20,394820,4,5,18.5,18.3571428571429,18,0,0.5,14
15,1,2015,21,394821,3,3,18.5,18.5,19,0,0.5,12
15,1,2015,22,394822,6,11,16,16,14,0,0.0909090909090909,22
15,1,2015,23,394823,4,5,13,13,13,0,0,12
16,1,2015,0,394824,6,1,13,13.7692307692308,17,0,0,13
16,1,2015,1,394825,1,1,16,15.7142857142857,16,0,0,7
16,1,2015,2,394826,0,0,16,16,16,0,0,8
16,1,2015,3,394827,0,0,16,16,16,0,0,6
16,1,2015,4,394828,0,0,16,16,16,0,0,6
16,1,2015,5,394829,1,1,15,15.3333333333333,16,0,0,9
16,1,2015,6,394830,3,1,17,16.7142857142857,18,0,0,7
16,1,2015,7,394831,4,4,18,17.9285714285714,17,0,0.285714285714286,14
16,1,2015,8,394832,12,13,16,15.6,16,0,0.04,25
16,1,2015,9,394833,7,3,18,17.6875,19,0,0.25,16
16,1,2015,10,394834,5,5,18,18.0769230769231,19,0,0.384615384615385,13
16,1,2015,11,394835,3,3,19,18.5,19,0,0.583333333333333,12
16,1,2015,12,394836,3,3,18,17.9166666666667,18,0,0.25,12
16,1,2015,13,394837,5,3,17.5,17.6428571428571,19,0,0.214285714285714,14
16,1,2015,14,394838,4,11,17,16.6875,11,0,0.1875,16
16,1,2015,15,394839,7,8,11,11.5294117647059,11,0,0,17
16,1,2015,16,394840,13,10,15,15.5909090909091,15,0,0.0909090909090909,22
16,1,2015,17,394841,8,8,15,14.6190476190476,16,0,0,21
16,1,2015,18,394842,4,4,18,17.8,17,0,0.266666666666667,15
16,1,2015,19,394843,4,3,18,17.8181818181818,19,0,0.363636363636364,11
16,1,2015,20,394844,0,0,19,19,19,0,1,6
16,1,2015,21,394845,1,2,18.5,18.5,18,0,0.5,10
16,1,2015,22,394846,4,5,18,18.2307692307692,18,0,0.461538461538462,13
16,1,2015,23,394847,3,5,18,17.5,16,0,0,12
17,1,2015,0,394848,2,2,15,15.25,16,0,0,8
17,1,2015,1,394849,4,1,18,17.8888888888889,19,0,0.333333333333333,9
17,1,2015,2,394850,1,7,14,14.8461538461538,13,0,0.153846153846154,13
17,1,2015,3,394851,0,8,8,9,5,0,0,17
17,1,2015,4,394852,3,2,6,6.44444444444444,6,0,0,9
17,1,2015,5,394853,0,0,6,6,6,0,0,6
17,1,2015,6,394854,0,0,6,6,6,0,0,6
17,1,2015,7,394855,0,2,5,5.14285714285714,4,0,0,7
17,1,2015,8,394856,5,3,5,5.3,6,0,0,10
17,1,2015,9,394857,5,5,7,7,6,0,0,14
17,1,2015,10,394858,2,6,6,5.26666666666667,3,0,0,15
17,1,2015,11,394859,8,7,5,4.58823529411765,4,0,0,17
17,1,2015,12,394860,5,1,4,4.92307692307692,7,0,0,13
17,1,2015,13,394861,9,7,9,9.38095238095238,10,0,0,21
17,1,2015,14,394862,7,8,7,7.23529411764706,8,0,0,17
17,1,2015,15,394863,7,2,9,10,13,0,0,11
17,1,2015,16,394864,7,6,12,12.2142857142857,14,0,0,14
17,1,2015,17,394865,9,5,16,15.1764705882353,18,0,0,17
17,1,2015,18,394866,5,5,18,18.0769230769231,18,0,0.307692307692308,13
17,1,2015,19,394867,6,5,18,18,19,0,0.357142857142857,14
17,1,2015,20,394868,2,3,19,18.7272727272727,18,0,0.727272727272727,11
17,1,2015,21,394869,0,0,19,19,19,0,1,6
17,1,2015,22,394870,0,1,19,18.8333333333333,18,0,0.833333333333333,6
17,1,2015,23,394871,1,0,18,18.1,19,0,0.1,10
18,1,2015,0,394872,4,7,17,17.2142857142857,16,0,0.142857142857143,14
18,1,2015,1,394873,4,4,18,17.3333333333333,18,0,0,9
18,1,2015,2,394874,2,2,18.5,18.5,18,0,0.5,12
18,1,2015,3,394875,1,10,13,13.5882352941176,9,0,0,17
18,1,2015,4,394876,1,5,7.5,6.7,5,0,0,10
18,1,2015,5,394877,0,0,5,5,5,0,0,7
18,1,2015,6,394878,1,0,5,4.75,5,0,0,8
18,1,2015,7,394879,0,0,5,5,5,0,0,6
18,1,2015,8,394880,3,1,6,5.66666666666667,7,0,0,9
18,1,2015,9,394881,0,1,6.5,6.5,6,0,0,6
18,1,2015,10,394882,4,3,4,4.18181818181818,6,0,0,11
18,1,2015,11,394883,6,1,9,9.27272727272727,12,0,0,11
18,1,2015,12,394884,5,6,11,10.4,12,0,0,15
18,1,2015,13,394885,0,1,13,12.5714285714286,12,0,0,7
18,1,2015,14,394886,5,2,14,13.8571428571429,15,0,0,14
18,1,2015,15,394887,4,5,15,14.8333333333333,14,0,0,12
18,1,2015,16,394888,9,6,16,16.1666666666667,18,0,0,18
18,1,2015,17,394889,5,6,17,16.8461538461538,16,0,0.230769230769231,13
18,1,2015,18,394890,6,4,17,17.1764705882353,18,0,0,17
18,1,2015,19,394891,1,3,17,17.5,17,0,0.3,10
18,1,2015,20,394892,3,6,16,15.3076923076923,14,0,0,13
18,1,2015,21,394893,1,2,15,14.75,14,0,0,8
18,1,2015,22,394894,1,0,13,13.4285714285714,14,0,0,7
18,1,2015,23,394895,2,0,15,15.2857142857143,16,0,0,7
19,1,2015,0,394896,2,3,16,16.2222222222222,16,0,0,9
19,1,2015,1,394897,0,1,15,15.1428571428571,15,0,0,7
19,1,2015,2,394898,1,1,15,15.125,15,0,0,8
19,1,2015,3,394899,0,0,15,15,15,0,0,6
19,1,2015,4,394900,0,0,15,15,15,0,0,6
19,1,2015,5,394901,0,0,15,15,15,0,0,6
19,1,2015,6,394902,1,3,14,13.8888888888889,13,0,0,9
19,1,2015,7,394903,2,9,10,10.2105263157895,6,0,0,19
19,1,2015,8,394904,12,10,6,6.25925925925926,8,0,0,27
19,1,2015,9,394905,4,6,7,7.1875,7,0,0,16
19,1,2015,10,394906,3,4,8,7.92307692307692,7,0,0,13
19,1,2015,11,394907,4,7,5,5.2,5,0,0,15
19,1,2015,12,394908,10,1,11,10.4,15,0,0,15
19,1,2015,13,394909,4,6,14,13.9333333333333,12,0,0,15
19,1,2015,14,394910,1,7,9,9.25,7,0,0,16
19,1,2015,15,394911,2,5,5,5.5,5,0,0,12
19,1,2015,16,394912,6,5,7,6.78571428571429,7,0,0,14
19,1,2015,17,394913,10,6,11,10.75,12,0,0,16
19,1,2015,18,394914,12,10,15,14.875,17,0,0,24
19,1,2015,19,394915,4,2,18.5,17.9166666666667,19,0,0.5,12
19,1,2015,20,394916,3,2,18,18.125,19,0,0.375,8
19,1,2015,21,394917,4,9,15,15.7647058823529,14,0,0.0588235294117647,17
19,1,2015,22,394918,4,2,17,16.8,17,0,0,10
19,1,2015,23,394919,2,4,16.5,16.2,15,0,0,10
20,1,2015,0,394920,1,0,15,15.2857142857143,16,0,0,7
20,1,2015,1,394921,0,0,16,16,16,0,0,6
20,1,2015,2,394922,0,1,15,15.1428571428571,15,0,0,7
20,1,2015,3,394923,0,0,15,15,15,0,0,6
20,1,2015,4,394924,0,0,15,15,15,0,0,6
20,1,2015,5,394925,0,1,15,14.6666666666667,14,0,0,6
20,1,2015,6,394926,4,5,15,15.2307692307692,13,0,0,13
20,1,2015,7,394927,12,9,12,12.5769230769231,16,0,0,26
20,1,2015,8,394928,14,14,14,14.2647058823529,16,0,0,34
20,1,2015,9,394929,1,0,16,15.875,16,0,0,8
20,1,2015,10,394930,2,4,15,15.2727272727273,14,0,0,11
20,1,2015,11,394931,5,4,13,13.2857142857143,14,0,0,14
20,1,2015,12,394932,4,4,15,14.8,14,0,0,10
20,1,2015,13,394933,5,6,15,15,14,0,0,15
20,1,2015,14,394934,7,6,16,15.5,16,0,0,18
20,1,2015,15,394935,2,2,16,15.5833333333333,16,0,0,12
20,1,2015,16,394936,4,4,15,14.6153846153846,15,0,0,13
20,1,2015,17,394937,7,9,14,14.2272727272727,14,0,0,22
20,1,2015,18,394938,10,9,14,14.44,15,0,0,25
20,1,2015,19,394939,8,8,15,14.75,16,0,0,20
20,1,2015,20,394940,1,2,16,15.8181818181818,15,0,0,11
20,1,2015,21,394941,4,7,12,12.1111111111111,13,0,0,18
20,1,2015,22,394942,3,1,16,15.5555555555556,16,0,0,9
20,1,2015,23,394943,3,3,15,14.9,16,0,0,10
21,1,2015,0,394944,1,1,16,15.8571428571429,16,0,0,7
21,1,2015,1,394945,0,0,16,16,16,0,0,6
21,1,2015,2,394946,0,0,16,16,16,0,0,7
21,1,2015,3,394947,0,1,15,15.2857142857143,15,0,0,7
21,1,2015,4,394948,0,1,14,14.4285714285714,14,0,0,7
21,1,2015,5,394949,1,0,14.5,14.5,15,0,0,6
21,1,2015,6,394950,2,3,15.5,15.4166666666667,14,0,0,12
21,1,2015,7,394951,3,6,15,14.3846153846154,12,0,0,13
21,1,2015,8,394952,10,7,12,11.7916666666667,14,0,0,24
21,1,2015,9,394953,6,8,14,14.2777777777778,13,0,0,18
21,1,2015,10,394954,6,8,13,12.6666666666667,12,0,0,18
21,1,2015,11,394955,5,3,15,15.0769230769231,15,0,0,13
21,1,2015,12,394956,9,7,14,13.7619047619048,16,0,0,21
21,1,2015,13,394957,4,6,14.5,14.4285714285714,14,0,0,14
21,1,2015,14,394958,5,4,15,15.2307692307692,16,0,0,13
21,1,2015,15,394959,3,4,15,15.2857142857143,15,0,0,14
21,1,2015,16,394960,5,5,14,14.0833333333333,15,0,0,12
21,1,2015,17,394961,4,4,16,15.5333333333333,16,0,0,15
21,1,2015,18,394962,11,12,14,13.741935483871,15,0,0,31
21,1,2015,19,394963,10,8,15,14.5909090909091,16,0,0,22
21,1,2015,20,394964,3,2,16,15.6,16,0,0,10
21,1,2015,21,394965,1,1,16,15.6666666666667,16,0,0,9
21,1,2015,22,394966,6,5,15,15.2142857142857,16,0,0,14
21,1,2015,23,394967,1,3,15,15.2222222222222,14,0,0,9
22,1,2015,0,394968,3,2,13.5,13.4,15,0,0,10
22,1,2015,1,394969,0,2,15,14.8125,13,0,0,16
22,1,2015,2,394970,1,0,14,13.9090909090909,14,0,0,11
22,1,2015,3,394971,1,0,15,14.7142857142857,15,0,0,7
22,1,2015,4,394972,0,0,15,15,15,0,0,6
22,1,2015,5,394973,1,0,15,15.3333333333333,16,0,0,6
22,1,2015,6,394974,2,3,16,15.7272727272727,15,0,0,11
22,1,2015,7,394975,10,9,15,14.6363636363636,16,0,0,22
22,1,2015,8,394976,9,11,13,13.4545454545455,14,0,0,22
22,1,2015,9,394977,9,6,17,17.1785714285714,19,0,0.178571428571429,28
22,1,2015,10,394978,2,6,18,17.375,15,0,0.25,16
22,1,2015,11,394979,2,7,13.5,13.6875,11,0,0,16
22,1,2015,12,394980,16,10,13,13.2307692307692,18,0,0,26
22,1,2015,13,394981,5,3,18,17.7,19,0,0.2,10
22,1,2015,14,394982,2,3,19,18.75,18,0,0.75,12
22,1,2015,15,394983,2,5,16.5,16.75,16,0,0.25,12
22,1,2015,16,394984,6,10,17,15.9047619047619,13,0,0,21
22,1,2015,17,394985,7,3,18,17.7333333333333,19,0,0.333333333333333,15
22,1,2015,18,394986,9,9,18,18.2,19,0,0.44,25
22,1,2015,19,394987,4,4,19,18.7777777777778,19,0,0.777777777777778,18
22,1,2015,20,394988,2,5,18,18.1428571428571,16,0,0.428571428571429,14
22,1,2015,21,394989,5,3,19,18.4545454545455,19,0,0.545454545454545,11
22,1,2015,22,394990,1,2,18,18.25,18,0,0.375,8
22,1,2015,23,394991,3,3,18,17.9,19,0,0.3,10
23,1,2015,0,394992,3,3,18,18,19,0,0.181818181818182,11
23,1,2015,1,394993,0,1,18,18.125,18,0,0.125,8
23,1,2015,2,394994,2,0,17,17.75,19,0,0.375,8
23,1,2015,3,394995,0,0,19,19,19,0,1,5
23,1,2015,4,394996,0,0,19,19,19,0,1,6
23,1,2015,5,394997,0,0,19,19,19,0,1,6
23,1,2015,6,394998,2,4,18,17.8888888888889,17,0,0.333333333333333,9
23,1,2015,7,394999,3,10,12,13.3888888888889,10,0,0,18
23,1,2015,8,395000,16,14,9.5,9.03125,13,0,0,32
23,1,2015,9,395001,8,2,16,15.6153846153846,18,0,0,13
23,1,2015,10,395002,2,4,17,16.8,15,0,0,10
23,1,2015,11,395003,6,4,17,16.3333333333333,17,0,0,15
23,1,2015,12,395004,6,4,17.5,17.3571428571429,19,0,0.142857142857143,14
23,1,2015,13,395005,2,2,18,18.2857142857143,19,0,0.428571428571429,7
23,1,2015,14,395006,1,1,19,18.8333333333333,19,0,0.833333333333333,12
23,1,2015,15,395007,3,5,18,17.5833333333333,16,0,0.333333333333333,12
23,1,2015,16,395008,11,7,18,17.5833333333333,19,0,0.25,24
23,1,2015,17,395009,8,8,17,17.35,18,0,0.1,20
23,1,2015,18,395010,2,1,18,17.8666666666667,18,0,0,15
23,1,2015,19,395011,6,5,18,18.125,19,0,0.375,16
23,1,2015,20,395012,1,1,19,18.8888888888889,19,0,0.888888888888889,9
23,1,2015,21,395013,1,1,19,18.8571428571429,19,0,0.857142857142857,7
23,1,2015,22,395014,1,2,19,18.7777777777778,18,0,0.777777777777778,9
23,1,2015,23,395015,3,2,18,18.1818181818182,19,0,0.272727272727273,11
24,1,2015,0,395016,4,6,18,17.7894736842105,17,0,0.368421052631579,19
24,1,2015,1,395017,4,3,17,17.2727272727273,18,0,0.181818181818182,11
24,1,2015,2,395018,2,6,15,15.3125,14,0,0,16
24,1,2015,3,395019,1,4,11,10.8333333333333,10,0,0,12
24,1,2015,4,395020,0,0,11,11,11,0,0,6
24,1,2015,5,395021,2,1,12,11.75,12,0,0,8
24,1,2015,6,395022,0,0,12,12,12,0,0,6
24,1,2015,7,395023,0,2,11,11.2857142857143,10,0,0,7
24,1,2015,8,395024,2,4,9,9.33333333333333,8,0,0,12
24,1,2015,9,395025,6,3,10,9.57894736842105,11,0,0,19
24,1,2015,10,395026,2,8,7,7.75,5,0,0,16
24,1,2015,11,395027,4,3,6,5.84615384615385,6,0,0,13
24,1,2015,12,395028,5,3,8,7.92857142857143,8,0,0,14
24,1,2015,13,395029,3,5,9,9.18181818181818,7,0,0,11
24,1,2015,14,395030,0,4,5,4.72727272727273,3,0,0,11
24,1,2015,15,395031,9,3,8,7.23076923076923,9,0,0,13
24,1,2015,16,395032,5,5,9,9.23076923076923,10,0,0,13
24,1,2015,17,395033,6,5,12,12.0666666666667,12,0,0,15
24,1,2015,18,395034,15,10,17,16.8181818181818,18,0,0.272727272727273,22
24,1,2015,19,395035,4,5,18.5,18.4166666666667,18,0,0.5,12
24,1,2015,20,395036,4,4,18,17.75,17,0,0.166666666666667,12
24,1,2015,21,395037,5,3,17,17.4736842105263,19,0,0.105263157894737,19
24,1,2015,22,395038,1,2,18,17.875,17,0,0.25,8
24,1,2015,23,395039,4,3,17,17.6363636363636,19,0,0.272727272727273,11
25,1,2015,0,395040,0,1,18,18.4285714285714,18,0,0.428571428571429,7
25,1,2015,1,395041,4,5,18,17.8235294117647,17,0,0.117647058823529,17
25,1,2015,2,395042,2,5,15,15,14,0,0,14
25,1,2015,3,395043,1,1,14.5,14.5,14,0,0,6
25,1,2015,4,395044,3,3,14,14.6363636363636,14,0,0,11
25,1,2015,5,395045,1,0,14,13.8571428571429,14,0,0,7
25,1,2015,6,395046,0,1,13,13.3333333333333,13,0,0,6
25,1,2015,7,395047,2,0,12.5,12.875,14,0,0,8
25,1,2015,8,395048,2,0,15,15,16,0,0,7
25,1,2015,9,395049,3,1,16,16.25,18,0,0,8
25,1,2015,10,395050,3,5,16,16,16,0,0,13
25,1,2015,11,395051,1,3,14,14.2,14,0,0,10
25,1,2015,12,395052,5,5,15.5,15.3888888888889,14,0,0,18
25,1,2015,13,395053,5,0,15,14.8571428571429,18,0,0,7
25,1,2015,14,395054,4,2,17,17.1818181818182,19,0,0.0909090909090909,11
25,1,2015,15,395055,3,3,19,18.75,19,0,0.75,16
25,1,2015,16,395056,4,5,19,18.5,18,0,0.583333333333333,12
25,1,2015,17,395057,5,8,16.5,16.6428571428571,15,0,0.0714285714285714,14
25,1,2015,18,395058,5,1,17,16.7692307692308,19,0,0.0769230769230769,13
25,1,2015,19,395059,3,3,19,18.7,19,0,0.7,10
25,1,2015,20,395060,3,4,17.5,17.5,18,0,0.3,10
25,1,2015,21,395061,0,3,17.5,17,15,0,0,8
25,1,2015,22,395062,5,2,17,16.8,18,0,0,10
25,1,2015,23,395063,2,1,18,18.25,19,0,0.375,8
26,1,2015,0,395064,0,0,19,19,19,0,1,6
26,1,2015,1,395065,0,1,19,18.875,18,0,0.875,8
26,1,2015,2,395066,0,0,18,18,18,0,0,7
26,1,2015,3,395067,0,0,18,18,18,0,0,6
26,1,2015,4,395068,0,0,18,18,18,0,0,6
26,1,2015,5,395069,0,2,17,17,16,0,0,9
26,1,2015,6,395070,2,0,16,16.4285714285714,18,0,0,7
26,1,2015,7,395071,4,6,16,15.7647058823529,15,0,0,17
26,1,2015,8,395072,10,14,13,12.6060606060606,10,0,0,33
26,1,2015,9,395073,5,0,14,13.4444444444444,16,0,0,9
26,1,2015,10,395074,2,4,16,15.6666666666667,14,0,0,9
26,1,2015,11,395075,6,4,15,15.6923076923077,16,0,0,13
26,1,2015,12,395076,5,5,18,17.8235294117647,17,0,0.235294117647059,17
26,1,2015,13,395077,4,3,18,18.2727272727273,19,0,0.363636363636364,11
26,1,2015,14,395078,3,5,18,17.8125,17,0,0.4375,16
26,1,2015,15,395079,3,4,17,16.9285714285714,16,0,0,14
26,1,2015,16,395080,11,7,14,13.6666666666667,19,0,0.0476190476190476,21
26,1,2015,17,395081,4,4,19,18.5,19,0,0.7,10
26,1,2015,18,395082,5,4,19,18.5,19,0,0.555555555555556,18
26,1,2015,19,395083,1,1,19,18.75,19,0,0.75,8
26,1,2015,20,395084,4,5,18,18.2307692307692,18,0,0.384615384615385,13
26,1,2015,21,395085,2,3,18,17.9,18,0,0.4,10
26,1,2015,22,395086,4,3,18,18.1,19,0,0.3,10
26,1,2015,23,395087,3,3,18,18.2727272727273,19,0,0.454545454545455,11
27,1,2015,0,395088,0,0,19,19,19,0,1,6
27,1,2015,1,395089,0,0,19,19,19,0,1,6
27,1,2015,2,395090,0,0,19,19,19,0,1,7
27,1,2015,3,395091,0,0,19,19,19,0,1,6
27,1,2015,4,395092,0,0,19,19,19,0,1,6
27,1,2015,5,395093,0,1,19,18.5714285714286,18,0,0.571428571428571,7
27,1,2015,6,395094,2,2,17,17.375,18,0,0,8
27,1,2015,7,395095,5,4,18,18.125,19,0,0.375,16
27,1,2015,8,395096,5,4,18,17.5294117647059,19,0,0.176470588235294,17
27,1,2015,9,395097,1,1,19,18.7777777777778,19,0,0.777777777777778,9
27,1,2015,10,395098,2,2,19,18.6666666666667,19,0,0.666666666666667,9
27,1,2015,11,395099,1,1,18,17.9090909090909,18,0,0,11
27,1,2015,12,395100,4,6,17,16.6470588235294,15,0,0,17
27,1,2015,13,395101,7,11,10,10.7142857142857,10,0,0,21
27,1,2015,14,395102,5,8,8,8.06666666666667,7,0,0,15
27,1,2015,15,395103,14,1,14,13.0666666666667,19,0,0.0666666666666667,15
27,1,2015,16,395104,2,2,19,18.75,19,0,0.75,12
27,1,2015,17,395105,5,6,19,18.6896551724138,18,0,0.689655172413793,29
27,1,2015,18,395106,5,5,19,18.5263157894737,19,0,0.578947368421053,19
27,1,2015,19,395107,9,8,18,18.0769230769231,19,0,0.384615384615385,26
27,1,2015,20,395108,3,3,19,18.75,19,0,0.75,16
27,1,2015,21,395109,6,6,18,18.0555555555556,18,0,0.333333333333333,18
27,1,2015,22,395110,3,5,18,18.1818181818182,17,0,0.454545454545455,11
27,1,2015,23,395111,2,3,17,17.3,16,0,0,10
28,1,2015,0,395112,1,0,17,16.6666666666667,17,0,0,6
28,1,2015,1,395113,0,0,17,17,17,0,0,6
28,1,2015,2,395114,0,1,17.5,17.5,17,0,0,8
28,1,2015,3,395115,0,0,17,17,17,0,0,6
28,1,2015,4,395116,1,0,18,17.5714285714286,18,0,0,7
28,1,2015,5,395117,0,0,18,18,18,0,0,6
28,1,2015,6,395118,2,1,17,17.375,18,0,0,8
28,1,2015,7,395119,2,7,18,17,14,0,0.266666666666667,15
28,1,2015,8,395120,13,10,17,17.1290322580645,18,0,0.225806451612903,31
28,1,2015,9,395121,2,3,18,18.25,18,0,0.375,16
28,1,2015,10,395122,4,3,19,18.5833333333333,19,0,0.583333333333333,12
28,1,2015,11,395123,3,4,19,18.4545454545455,18,0,0.545454545454545,11
28,1,2015,12,395124,7,9,17,17.1578947368421,17,0,0.210526315789474,19
28,1,2015,13,395125,7,6,17,16.3809523809524,18,0,0,21
28,1,2015,14,395126,5,4,17,16.6923076923077,18,0,0,13
28,1,2015,15,395127,0,0,18,18,18,0,0,10
28,1,2015,16,395128,6,6,18,17.7272727272727,18,0,0,22
28,1,2015,17,395129,3,7,17,16.6111111111111,14,0,0,18
28,1,2015,18,395130,6,6,14,13.7058823529412,14,0,0,17
28,1,2015,19,395131,7,9,15,14.8076923076923,15,0,0,26
28,1,2015,20,395132,8,8,16,15.5,15,0,0,22
28,1,2015,21,395133,8,9,14,14.0434782608696,13,0,0,23
28,1,2015,22,395134,6,3,18,17.125,17,0,0,16
28,1,2015,23,395135,5,8,16,15.9,14,0,0,20
29,1,2015,0,395136,1,0,15,15.375,16,0,0,8
29,1,2015,1,395137,1,0,16,16.3333333333333,17,0,0,9
29,1,2015,2,395138,0,1,16,16.25,16,0,0,12
29,1,2015,3,395139,1,0,17,16.8888888888889,17,0,0,9
29,1,2015,4,395140,1,1,16.5,16.5,17,0,0,10
29,1,2015,5,395141,1,0,17,17.4,18,0,0,10
29,1,2015,6,395142,1,1,18,17.8571428571429,18,0,0,7
29,1,2015,7,395143,5,9,16,15.7391304347826,14,0,0,23
29,1,2015,8,395144,15,12,14,13.8387096774194,17,0,0,31
29,1,2015,9,395145,7,9,17,16.6363636363636,16,0,0,22
29,1,2015,10,395146,3,9,15,14.3333333333333,10,0,0,15
29,1,2015,11,395147,7,3,10.5,10.5714285714286,13,0,0,14
29,1,2015,12,395148,8,3,15,15.6470588235294,18,0,0,17
29,1,2015,13,395149,3,7,17.5,17.0625,14,0,0,16
29,1,2015,14,395150,3,3,14,13.7,14,0,0,10
29,1,2015,15,395151,4,1,16,15.4166666666667,17,0,0,12
29,1,2015,16,395152,5,8,17,16.5,15,0,0,18
29,1,2015,17,395153,8,6,17,16.125,16,0,0,24
29,1,2015,18,395154,3,2,18,17.4,18,0,0,15
29,1,2015,19,395155,6,6,17,16.6875,18,0,0,16
29,1,2015,20,395156,5,6,17,16.3125,17,0,0,16
29,1,2015,21,395157,2,1,18,17.8,18,0,0,10
29,1,2015,22,395158,3,2,18,17.7272727272727,18,0,0,11
29,1,2015,23,395159,0,0,18,18,18,0,0,7
30,1,2015,0,395160,0,1,18,17.8888888888889,17,0,0,9
30,1,2015,1,395161,0,1,18,17.9166666666667,17,0,0,12
30,1,2015,2,395162,1,0,18,17.7777777777778,18,0,0,9
30,1,2015,3,395163,0,0,18,18,18,0,0,9
30,1,2015,4,395164,0,0,18,18,18,0,0,10
30,1,2015,5,395165,0,0,18,18,18,0,0,6
30,1,2015,6,395166,0,0,18,18,18,0,0,8
30,1,2015,7,395167,3,9,15,15.1111111111111,12,0,0,18
30,1,2015,8,395168,14,9,15,15.1764705882353,18,0,0,34
30,1,2015,9,395169,0,0,18,18,18,0,0,9
30,1,2015,10,395170,0,0,18,18,18,0,0,8
30,1,2015,11,395171,0,0,18,18,18,0,0,9
30,1,2015,12,395172,2,2,18,17.8571428571429,18,0,0,14
30,1,2015,13,395173,2,2,18,17.6363636363636,18,0,0,11
30,1,2015,14,395174,1,3,17,17.2307692307692,16,0,0,13
30,1,2015,15,395175,7,7,17,16.6666666666667,17,0,0,18
30,1,2015,16,395176,6,5,17,16.45,18,0,0,20
30,1,2015,17,395177,6,5,17,16.7777777777778,18,0,0,18
30,1,2015,18,395178,3,6,18,17.4444444444444,15,0,0,18
30,1,2015,19,395179,6,3,18,17.25,18,0,0,20
30,1,2015,20,395180,3,3,18,17.6666666666667,18,0,0,15
30,1,2015,21,395181,0,2,18,17.7777777777778,16,0,0,9
30,1,2015,22,395182,2,4,15,15.4285714285714,14,0,0,14
30,1,2015,23,395183,7,4,14,14.4117647058824,17,0,0,17
31,1,2015,0,395184,0,0,18,18,18,0,0,8
31,1,2015,1,395185,2,3,17,16.6153846153846,17,0,0,13
31,1,2015,2,395186,2,4,16,15.5714285714286,15,0,0,14
31,1,2015,3,395187,1,7,10,10.4615384615385,9,0,0,13
31,1,2015,4,395188,1,0,9,8.90909090909091,9,0,0,11
31,1,2015,5,395189,0,1,9,8.55555555555556,8,0,0,9
31,1,2015,6,395190,0,0,7,7,7,0,0,9
31,1,2015,7,395191,1,0,8,7.75,8,0,0,8
31,1,2015,8,395192,2,1,9,8.84615384615385,9,0,0,13
31,1,2015,9,395193,3,4,10,9.85714285714286,9,0,0,14
31,1,2015,10,395194,1,4,8,8.4,7,0,0,10
31,1,2015,11,395195,5,3,5.5,5.78571428571429,8,0,0,14
31,1,2015,12,395196,9,7,6,6.35294117647059,9,0,0,17
31,1,2015,13,395197,4,7,9,9.52941176470588,6,0,0,17
31,1,2015,14,395198,4,0,9,8.11111111111111,10,0,0,9
31,1,2015,15,395199,7,3,13,12.6875,14,0,0,16
31,1,2015,16,395200,6,2,17,16.8,18,0,0,15
31,1,2015,17,395201,6,6,17,16.8823529411765,18,0,0,17
31,1,2015,18,395202,2,2,17,17.2727272727273,18,0,0,11
31,1,2015,19,395203,2,2,18,17.6923076923077,17,0,0,13
31,1,2015,20,395204,2,3,17,16.8461538461538,17,0,0,13
31,1,2015,21,395205,0,0,18,18,18,0,0,9
31,1,2015,22,395206,0,0,18,18,18,0,0,7
31,1,2015,23,395207,0,1,17,17.4444444444444,17,0,0,9
1,2,2015,0,395208,1,3,16,15.8571428571429,15,0,0,14
1,2,2015,1,395209,3,3,15,14.7272727272727,15,0,0,11
1,2,2015,2,395210,1,2,15,14.9230769230769,15,0,0,13
1,2,2015,3,395211,2,3,16,16.3333333333333,15,0,0,12
1,2,2015,4,395212,1,0,15,14.75,15,0,0,8
1,2,2015,5,395213,0,1,14,14.3,14,0,0,10
1,2,2015,6,395214,0,0,15,15,15,0,0,9
1,2,2015,7,395215,1,0,16,15.875,16,0,0,8
1,2,2015,8,395216,1,0,16,16.3333333333333,17,0,0,9
1,2,2015,9,395217,1,2,16,16.25,16,0,0,8
1,2,2015,10,395218,3,5,16,16.25,14,0,0,16
1,2,2015,11,395219,3,3,12,12.1111111111111,12,0,0,9
1,2,2015,12,395220,2,4,11.5,11.5,10,0,0,14
1,2,2015,13,395221,2,1,11,11.0909090909091,11,0,0,11
1,2,2015,14,395222,5,3,12,12.0714285714286,12,0,0,14
1,2,2015,15,395223,4,1,14,14,15,0,0,11
1,2,2015,16,395224,3,2,17,16.8181818181818,17,0,0,11
1,2,2015,17,395225,0,0,18,18,18,0,0,8
1,2,2015,18,395226,3,2,17,17,18,0,0,12
1,2,2015,19,395227,1,1,18,17.75,18,0,0,8
1,2,2015,20,395228,1,2,18,17.8,17,0,0,10
1,2,2015,21,395229,1,4,17,16.8571428571429,15,0,0,14
1,2,2015,22,395230,3,2,17,16.7,16,0,0,10
1,2,2015,23,395231,3,1,17.5,17.4166666666667,18,0,0,12
2,2,2015,0,395232,0,0,17,17,17,0,0,9
2,2,2015,1,395233,0,0,17,17,17,0,0,7
2,2,2015,2,395234,0,0,17,17,17,0,0,11
2,2,2015,3,395235,0,0,17,17,17,0,0,8
2,2,2015,4,395236,0,0,17,17,17,0,0,9
2,2,2015,5,395237,0,0,17,17,17,0,0,10
2,2,2015,6,395238,0,0,17,17,17,0,0,6
2,2,2015,7,395239,4,5,15,15.1052631578947,16,0,0,19
2,2,2015,8,395240,11,10,15,15.1470588235294,18,0,0,34
2,2,2015,9,395241,2,2,18,17.8,18,0,0,10
2,2,2015,10,395242,2,5,18,17.1176470588235,15,0,0,17
2,2,2015,11,395243,1,2,14,14.4166666666667,14,0,0,12
2,2,2015,12,395244,7,3,15,15.3,18,0,0.05,20
2,2,2015,13,395245,2,4,15,15.5333333333333,15,0,0,15
2,2,2015,14,395246,3,2,16,16.375,17,0,0,16
2,2,2015,15,395247,4,6,16.5,16.3125,15,0,0,16
2,2,2015,16,395248,5,6,15,15.1333333333333,14,0,0,15
2,2,2015,17,395249,9,6,16,15.6111111111111,17,0,0,18
2,2,2015,18,395250,4,4,17,16.7333333333333,17,0,0,15
2,2,2015,19,395251,2,2,17,16.5,17,0,0,12
2,2,2015,20,395252,2,3,17,16.6,16,0,0,10
2,2,2015,21,395253,1,3,16,16.125,15,0,0,8
2,2,2015,22,395254,3,4,15,15.5555555555556,15,0,0,9
2,2,2015,23,395255,3,2,16,15.7,16,0,0,10
3,2,2015,0,395256,1,0,17,16.8333333333333,17,0,0,6
3,2,2015,1,395257,0,0,17,17,17,0,0,6
3,2,2015,2,395258,0,0,17,17,17,0,0,6
3,2,2015,3,395259,0,0,17,17,17,0,0,8
3,2,2015,4,395260,0,0,17,17,17,0,0,6
3,2,2015,5,395261,0,0,17,17,17,0,0,5
3,2,2015,6,395262,0,3,15.5,15.4166666666667,14,0,0,12
3,2,2015,7,395263,6,10,12,12.1,10,0,0,20
3,2,2015,8,395264,20,13,14.5,14.3125,17,0,0,32
3,2,2015,9,395265,4,6,17,16.5,15,0,0,14
3,2,2015,10,395266,6,3,17,16.8125,19,0,0.125,16
3,2,2015,11,395267,3,5,19,18.3076923076923,17,0,0.538461538461538,13
3,2,2015,12,395268,8,8,16,15.9411764705882,16,0,0.0588235294117647,17
3,2,2015,13,395269,4,4,15,15.3333333333333,16,0,0,15
3,2,2015,14,395270,4,6,15,14.8947368421053,14,0,0,19
3,2,2015,15,395271,3,0,15.5,15.125,16,0,0,8
3,2,2015,16,395272,7,7,15,15.3888888888889,16,0,0,18
3,2,2015,17,395273,3,4,15.5,15.1428571428571,15,0,0,14
3,2,2015,18,395274,8,8,13,13.4210526315789,16,0,0,19
3,2,2015,19,395275,1,1,16,15.8888888888889,16,0,0,9
3,2,2015,20,395276,2,2,15,15.4444444444444,16,0,0,9
3,2,2015,21,395277,1,1,16,15.875,16,0,0,8
3,2,2015,22,395278,0,4,15,14.7,12,0,0,10
3,2,2015,23,395279,3,1,14,13.5,14,0,0,10
4,2,2015,0,395280,0,2,13,12.875,12,0,0,8
4,2,2015,1,395281,0,2,12,11.75,10,0,0,8
4,2,2015,2,395282,0,0,10,10,10,0,0,8
4,2,2015,3,395283,0,0,10,10,10,0,0,10
4,2,2015,4,395284,0,0,10,10,10,0,0,8
4,2,2015,5,395285,1,0,10,10.1428571428571,11,0,0,7
4,2,2015,6,395286,1,6,8,7.93333333333333,5,0,0,15
4,2,2015,7,395287,13,10,5,5.375,8,0,0,32
4,2,2015,8,395288,17,10,10,10.8235294117647,15,0,0,34
4,2,2015,9,395289,2,2,15,14.8461538461538,15,0,0,13
4,2,2015,10,395290,4,4,15,14.4666666666667,15,0,0,15
4,2,2015,11,395291,8,7,15,15,16,0,0,18
4,2,2015,12,395292,5,4,16.5,16.05,18,0,0,20
4,2,2015,13,395293,6,6,16,16.4705882352941,18,0,0,17
4,2,2015,14,395294,3,2,18,17.5,18,0,0,10
4,2,2015,15,395295,4,7,17,16.8636363636364,15,0,0,22
4,2,2015,16,395296,10,7,17,17.1428571428571,18,0,0.0952380952380952,21
4,2,2015,17,395297,6,9,16.5,16.0769230769231,15,0,0,26
4,2,2015,18,395298,8,6,17,16.5652173913043,18,0,0,23
4,2,2015,19,395299,1,1,18,17.9230769230769,18,0,0,13
4,2,2015,20,395300,0,2,18,17.5,16,0,0,10
4,2,2015,21,395301,5,3,17,17,18,0,0,13
4,2,2015,22,395302,1,0,18,17.7,18,0,0,10
4,2,2015,23,395303,0,1,18,17.9090909090909,17,0,0,11
5,2,2015,0,395304,1,0,17,17.3636363636364,18,0,0,11
5,2,2015,1,395305,0,0,18,18,18,0,0,8
5,2,2015,2,395306,0,0,18,18,18,0,0,10
5,2,2015,3,395307,0,0,18,18,18,0,0,10
5,2,2015,4,395308,0,0,18,18,18,0,0,9
5,2,2015,5,395309,0,0,18,18,18,0,0,9
5,2,2015,6,395310,1,1,18,17.6363636363636,18,0,0,11
5,2,2015,7,395311,6,5,17,17.3157894736842,18,0,0,19
5,2,2015,8,395312,13,13,16,15.4411764705882,18,0,0,34
5,2,2015,9,395313,2,3,18,17.75,17,0,0,12
5,2,2015,10,395314,2,4,16,16.4117647058824,15,0,0,17
5,2,2015,11,395315,4,7,12,12.5909090909091,12,0,0,22
5,2,2015,12,395316,13,4,17,16.1363636363636,19,0,0.136363636363636,22
5,2,2015,13,395317,2,2,19,18.5454545454545,19,0,0.636363636363636,11
5,2,2015,14,395318,3,3,19,18.7272727272727,19,0,0.727272727272727,11
5,2,2015,15,395319,2,2,19,18.6,18,0,0.7,10
5,2,2015,16,395320,5,4,18,18,19,0,0.230769230769231,13
5,2,2015,17,395321,4,5,19,18.5789473684211,18,0,0.631578947368421,19
5,2,2015,18,395322,10,10,18,17.8846153846154,19,0,0.346153846153846,26
5,2,2015,19,395323,5,6,18,17.8571428571429,17,0,0.214285714285714,14
5,2,2015,20,395324,4,6,15,15.3333333333333,15,0,0,15
5,2,2015,21,395325,4,4,16,16.0666666666667,16,0,0,15
5,2,2015,22,395326,6,7,17,16.75,15,0,0.0625,16
5,2,2015,23,395327,3,4,14,14.3636363636364,14,0,0,11
6,2,2015,0,395328,0,0,14,14,14,0,0,6
6,2,2015,1,395329,1,1,14,13.75,14,0,0,8
6,2,2015,2,395330,0,1,13,13.4285714285714,13,0,0,7
6,2,2015,3,395331,0,0,13,13,13,0,0,6
6,2,2015,4,395332,1,0,14,13.75,14,0,0,8
6,2,2015,5,395333,0,0,14,14,14,0,0,6
6,2,2015,6,395334,0,2,13,12.7142857142857,12,0,0,7
6,2,2015,7,395335,7,5,11,10.9333333333333,13,0,0,15
6,2,2015,8,395336,17,12,14,14.1935483870968,19,0,0.161290322580645,31
6,2,2015,9,395337,2,4,19,18.4545454545455,17,0,0.545454545454545,11
6,2,2015,10,395338,3,11,14,13.6666666666667,9,0,0,15
6,2,2015,11,395339,8,3,11.5,11.0833333333333,14,0,0,12
6,2,2015,12,395340,8,6,15,15.6666666666667,17,0,0.133333333333333,15
6,2,2015,13,395341,5,5,19,18.4,18,0,0.55,20
6,2,2015,14,395342,2,1,19,18.5555555555556,19,0,0.555555555555556,9
6,2,2015,15,395343,3,3,19,18.6,19,0,0.6,15
6,2,2015,16,395344,6,10,16,16.7368421052632,15,0,0.157894736842105,19
6,2,2015,17,395345,6,6,18,18.2222222222222,17,0,0.444444444444444,18
6,2,2015,18,395346,6,4,18,18.1052631578947,18,0,0.315789473684211,19
6,2,2015,19,395347,2,8,17.5,16.8333333333333,13,0,0.0833333333333333,12
6,2,2015,20,395348,4,2,17,16.4444444444444,17,0,0,9
6,2,2015,21,395349,5,3,19,18.2222222222222,19,0,0.555555555555556,9
6,2,2015,22,395350,1,1,19,18.875,19,0,0.875,8
6,2,2015,23,395351,0,2,18,17.75,17,0,0.125,8
7,2,2015,0,395352,1,1,18,17.625,18,0,0,8
7,2,2015,1,395353,2,4,18,17.8333333333333,16,0,0.166666666666667,12
7,2,2015,2,395354,4,1,18,17.5454545454545,19,0,0.363636363636364,11
7,2,2015,3,395355,0,5,18,17.2222222222222,14,0,0.444444444444444,9
7,2,2015,4,395356,0,0,13,13,13,0,0,6
7,2,2015,5,395357,0,0,13,13,13,0,0,6
7,2,2015,6,395358,2,0,13,13.5714285714286,15,0,0,7
7,2,2015,7,395359,1,0,15,15.1666666666667,16,0,0,6
7,2,2015,8,395360,1,5,16,15,12,0,0,11
7,2,2015,9,395361,2,3,12,12.3333333333333,11,0,0,9
7,2,2015,10,395362,7,5,11.5,11.5833333333333,13,0,0,12
7,2,2015,11,395363,6,3,13,13.0666666666667,16,0,0,15
7,2,2015,12,395364,5,7,18,17.4705882352941,15,0,0.117647058823529,17
7,2,2015,13,395365,3,3,15,14.7142857142857,15,0,0,14
7,2,2015,14,395366,7,4,18,17.5384615384615,19,0,0.384615384615385,13
7,2,2015,15,395367,5,5,18,18.1111111111111,19,0,0.333333333333333,18
7,2,2015,16,395368,5,5,19,18.4,19,0,0.533333333333333,15
7,2,2015,17,395369,5,5,19,18.5,19,0,0.571428571428571,14
7,2,2015,18,395370,2,3,18.5,18.4,18,0,0.5,10
7,2,2015,19,395371,4,2,18,17.9090909090909,19,0,0.363636363636364,11
7,2,2015,20,395372,0,0,19,19,19,0,1,6
7,2,2015,21,395373,3,3,19,18.6428571428571,19,0,0.642857142857143,14
7,2,2015,22,395374,0,0,19,19,19,0,1,6
7,2,2015,23,395375,5,5,18,18,19,0,0.4,15
8,2,2015,0,395376,6,8,16,16.1666666666667,16,0,0,18
8,2,2015,1,395377,4,1,17,17.125,19,0,0.25,8
8,2,2015,2,395378,2,6,16,15.6470588235294,14,0,0,17
8,2,2015,3,395379,2,6,12,12,10,0,0,14
8,2,2015,4,395380,5,1,12,12,14,0,0,11
8,2,2015,5,395381,1,1,14,14.3333333333333,14,0,0,6
8,2,2015,6,395382,0,0,14,14,14,0,0,6
8,2,2015,7,395383,1,0,14,13.8571428571429,14,0,0,7
8,2,2015,8,395384,1,0,15,14.8333333333333,15,0,0,6
8,2,2015,9,395385,1,1,15,15.3333333333333,16,0,0,9
8,2,2015,10,395386,1,1,16.5,16.5,16,0,0,6
8,2,2015,11,395387,6,3,16,16.7272727272727,19,0,0.0909090909090909,11
8,2,2015,12,395388,0,0,19,19,19,0,1,8
8,2,2015,13,395389,1,1,19,18.5714285714286,19,0,0.571428571428571,7
8,2,2015,14,395390,2,2,19,18.6363636363636,19,0,0.636363636363636,11
8,2,2015,15,395391,3,3,18,17.5384615384615,19,0,0.153846153846154,13
8,2,2015,16,395392,5,5,18,18,18,0,0.307692307692308,13
8,2,2015,17,395393,6,6,18,17.8421052631579,18,0,0.157894736842105,19
8,2,2015,18,395394,3,4,18,17.4615384615385,17,0,0.153846153846154,13
8,2,2015,19,395395,4,3,18,18.0769230769231,19,0,0.384615384615385,13
8,2,2015,20,395396,1,3,18.5,18.2,17,0,0.5,10
8,2,2015,21,395397,1,2,17,16.625,16,0,0,8
8,2,2015,22,395398,2,0,17,17,18,0,0,6
8,2,2015,23,395399,2,1,19,18.4285714285714,19,0,0.571428571428571,7
9,2,2015,0,395400,0,1,19,18.5714285714286,18,0,0.571428571428571,7
9,2,2015,1,395401,1,0,18,18.4285714285714,19,0,0.428571428571429,7
9,2,2015,2,395402,0,0,19,19,19,0,1,7
9,2,2015,3,395403,0,0,19,19,19,0,1,6
9,2,2015,4,395404,0,0,19,19,19,0,1,6
9,2,2015,5,395405,0,0,19,19,19,0,1,6
9,2,2015,6,395406,2,8,17,16.6,13,0,0.266666666666667,15
9,2,2015,7,395407,6,8,8,8.47368421052632,10,0,0,19
9,2,2015,8,395408,22,14,10,10.4,18,0,0,35
9,2,2015,9,395409,1,1,19,18.875,19,0,0.875,8
9,2,2015,10,395410,2,3,19,18.5454545454545,18,0,0.545454545454545,11
9,2,2015,11,395411,6,9,15,15.3157894736842,14,0,0.0526315789473684,19
9,2,2015,12,395412,11,8,14,14.1666666666667,18,0,0.0555555555555556,18
9,2,2015,13,395413,4,3,18,17.7142857142857,19,0,0.142857142857143,14
9,2,2015,14,395414,2,3,19,18.4444444444444,18,0,0.555555555555556,9
9,2,2015,15,395415,4,4,17,16.8571428571429,17,0,0,14
9,2,2015,16,395416,4,5,18,17.5833333333333,16,0,0.166666666666667,12
9,2,2015,17,395417,10,5,18,17.3636363636364,19,0,0.363636363636364,22
9,2,2015,18,395418,6,6,19,18.1764705882353,19,0,0.588235294117647,17
9,2,2015,19,395419,6,6,18,18.0588235294118,19,0,0.411764705882353,17
9,2,2015,20,395420,2,2,19,18.7,19,0,0.7,10
9,2,2015,21,395421,2,2,19,18.5555555555556,19,0,0.555555555555556,9
9,2,2015,22,395422,3,3,18.5,18.4,18,0,0.5,10
9,2,2015,23,395423,1,0,19,18.8571428571429,19,0,0.857142857142857,7
10,2,2015,0,395424,0,1,18,18.2857142857143,18,0,0.285714285714286,7
10,2,2015,1,395425,0,0,18,18,18,0,0,6
10,2,2015,2,395426,0,0,18,18,18,0,0,8
10,2,2015,3,395427,0,0,18,18,18,0,0,6
10,2,2015,4,395428,0,0,18,18,18,0,0,6
10,2,2015,5,395429,1,1,19,18.7142857142857,18,0,0.714285714285714,7
10,2,2015,6,395430,1,4,18,17.7,15,0,0.4,10
10,2,2015,7,395431,5,16,11.5,10.8846153846154,5,0,0,26
10,2,2015,8,395432,23,11,9.5,10.75,17,0,0.0277777777777778,36
10,2,2015,9,395433,6,5,18,18.3529411764706,19,0,0.411764705882353,17
10,2,2015,10,395434,2,3,17.5,17.5,18,0,0.1,10
10,2,2015,11,395435,1,1,18,17.9090909090909,18,0,0,11
10,2,2015,12,395436,5,5,18,17.4285714285714,18,0,0,21
10,2,2015,13,395437,5,4,18,17.5294117647059,18,0,0,17
10,2,2015,14,395438,5,5,18,17.5384615384615,18,0,0,13
10,2,2015,15,395439,3,2,18,17.5384615384615,18,0,0,13
10,2,2015,16,395440,5,7,17,17.1333333333333,16,0,0,15
10,2,2015,17,395441,10,12,15,15.1785714285714,15,0,0,28
10,2,2015,18,395442,11,7,16,15.7272727272727,18,0,0,22
10,2,2015,19,395443,8,8,16,15.9411764705882,18,0,0,17
10,2,2015,20,395444,3,3,18,17.6,17,0,0,10
10,2,2015,21,395445,4,4,17,16.9166666666667,17,0,0,12
10,2,2015,22,395446,2,10,14,13.7058823529412,10,0,0,17
10,2,2015,23,395447,2,0,12,11.375,12,0,0,8
11,2,2015,0,395448,1,4,9,9.66666666666667,9,0,0,9
11,2,2015,1,395449,1,0,9,9.33333333333333,10,0,0,6
11,2,2015,2,395450,0,0,10,10,10,0,0,7
11,2,2015,3,395451,0,0,10,10,10,0,0,6
11,2,2015,4,395452,0,0,10,10,10,0,0,6
11,2,2015,5,395453,0,0,10,10,10,0,0,6
11,2,2015,6,395454,5,2,11.5,11.3,13,0,0,10
11,2,2015,7,395455,6,4,17,16.875,17,0,0,16
11,2,2015,8,395456,12,13,18,17.3714285714286,17,0,0.0571428571428571,35
11,2,2015,9,395457,3,3,18,17.6666666666667,18,0,0,12
11,2,2015,10,395458,4,3,18,18.3846153846154,19,0,0.461538461538462,13
11,2,2015,11,395459,4,5,19,18.5882352941176,18,0,0.647058823529412,17
11,2,2015,12,395460,2,1,19,18.8,19,0,0.8,10
11,2,2015,13,395461,3,2,19,18.7142857142857,19,0,0.714285714285714,14
11,2,2015,14,395462,1,4,18,17.6,16,0,0.4,10
11,2,2015,15,395463,5,6,18,17.8,16,0,0.333333333333333,15
11,2,2015,16,395464,8,6,18,17.7894736842105,19,0,0.210526315789474,19
11,2,2015,17,395465,9,9,18,18.1111111111111,19,0,0.444444444444444,27
11,2,2015,18,395466,12,15,17.5,17.4411764705882,15,0,0.176470588235294,34
11,2,2015,19,395467,10,8,18,17.952380952381,18,0,0.333333333333333,21
11,2,2015,20,395468,5,5,18,17.7692307692308,19,0,0.384615384615385,13
11,2,2015,21,395469,6,5,17,17.2666666666667,19,0,0.133333333333333,15
11,2,2015,22,395470,7,14,13,13.9047619047619,12,0,0.0476190476190476,21
11,2,2015,23,395471,5,3,14,13.6666666666667,16,0,0,12
12,2,2015,0,395472,3,5,13,13.6923076923077,13,0,0,13
12,2,2015,1,395473,0,0,13,13,13,0,0,6
12,2,2015,2,395474,1,0,14,13.5714285714286,14,0,0,7
12,2,2015,3,395475,0,1,13,13.4285714285714,13,0,0,7
12,2,2015,4,395476,1,0,13,13.4285714285714,14,0,0,7
12,2,2015,5,395477,1,0,14,14.1666666666667,15,0,0,6
12,2,2015,6,395478,4,0,16.5,16.75,19,0,0.25,8
12,2,2015,7,395479,5,6,18,17.9375,18,0,0.3125,16
12,2,2015,8,395480,16,17,16,15.6944444444444,16,0,0.0555555555555556,36
12,2,2015,9,395481,7,5,18,17.6666666666667,19,0,0.222222222222222,18
12,2,2015,10,395482,3,4,19,18.5,18,0,0.583333333333333,12
12,2,2015,11,395483,3,2,19,18.5833333333333,19,0,0.666666666666667,12
12,2,2015,12,395484,8,7,18,17.8571428571429,19,0,0.285714285714286,21
12,2,2015,13,395485,4,8,17,16.8947368421053,15,0,0.0526315789473684,19
12,2,2015,14,395486,9,5,16,15.7777777777778,19,0,0.0555555555555556,18
12,2,2015,15,395487,4,4,18,17.8461538461538,18,0,0.0769230769230769,13
12,2,2015,16,395488,4,5,19,18.5384615384615,18,0,0.615384615384615,13
12,2,2015,17,395489,8,9,17,17,18,0,0.269230769230769,26
12,2,2015,18,395490,11,11,17,16.2857142857143,18,0,0,28
12,2,2015,19,395491,4,5,18,18.2307692307692,18,0,0.384615384615385,13
12,2,2015,20,395492,5,4,18,17.4615384615385,19,0,0.230769230769231,13
12,2,2015,21,395493,3,2,19,18.7857142857143,19,0,0.785714285714286,14
12,2,2015,22,395494,6,8,18,18.1666666666667,17,0,0.444444444444444,18
12,2,2015,23,395495,1,2,17,17,16,0,0,8
13,2,2015,0,395496,2,3,14.5,14.2,15,0,0,10
13,2,2015,1,395497,1,3,16,15.5555555555556,14,0,0,9
13,2,2015,2,395498,2,2,15.5,15.3,14,0,0,10
13,2,2015,3,395499,0,3,12.5,12.3,11,0,0,10
13,2,2015,4,395500,0,0,11,11,11,0,0,6
13,2,2015,5,395501,0,0,11,11,11,0,0,7
13,2,2015,6,395502,0,2,11,10.3333333333333,9,0,0,9
13,2,2015,7,395503,8,8,8,8.33333333333333,8,0,0,21
13,2,2015,8,395504,21,12,10.5,10.9736842105263,18,0,0,38
13,2,2015,9,395505,7,5,18,17.3809523809524,19,0,0.0476190476190476,21
13,2,2015,10,395506,2,2,19,18.625,19,0,0.625,8
13,2,2015,11,395507,5,6,18,17.4705882352941,18,0,0.352941176470588,17
13,2,2015,12,395508,6,5,18,18.2941176470588,19,0,0.470588235294118,17
13,2,2015,13,395509,5,8,18,17.7894736842105,16,0,0.315789473684211,19
13,2,2015,14,395510,5,3,19,18.5,19,0,0.571428571428571,14
13,2,2015,15,395511,6,6,18,17.9285714285714,19,0,0.214285714285714,14
13,2,2015,16,395512,5,6,19,18.4705882352941,18,0,0.529411764705882,17
13,2,2015,17,395513,4,4,19,18.3846153846154,19,0,0.538461538461538,13
13,2,2015,18,395514,7,6,18,17.9411764705882,19,0,0.235294117647059,17
13,2,2015,19,395515,0,0,19,19,19,0,1,6
13,2,2015,20,395516,0,0,19,19,19,0,1,8
13,2,2015,21,395517,1,1,19,18.6666666666667,19,0,0.666666666666667,9
13,2,2015,22,395518,4,4,18,18.2,19,0,0.4,15
13,2,2015,23,395519,0,1,19,18.7142857142857,18,0,0.714285714285714,7
14,2,2015,0,395520,9,8,16.5,16.0625,19,0,0.0625,16
14,2,2015,1,395521,2,3,18,18.0666666666667,18,0,0.333333333333333,15
14,2,2015,2,395522,1,4,18,17.9090909090909,16,0,0.181818181818182,11
14,2,2015,3,395523,0,2,15.5,15.125,14,0,0,8
14,2,2015,4,395524,0,1,13,13.2857142857143,13,0,0,7
14,2,2015,5,395525,0,0,12,12,12,0,0,6
14,2,2015,6,395526,0,0,12,12,12,0,0,6
14,2,2015,7,395527,1,0,12,12.1428571428571,13,0,0,7
14,2,2015,8,395528,2,1,14,13.5714285714286,14,0,0,7
14,2,2015,9,395529,4,3,14,14.8571428571429,15,0,0,14
14,2,2015,10,395530,3,1,17,17.2222222222222,18,0,0,9
14,2,2015,11,395531,5,4,18,18.3333333333333,19,0,0.4,15
14,2,2015,12,395532,3,3,19,18.5833333333333,19,0,0.583333333333333,12
14,2,2015,13,395533,6,7,17,17.1111111111111,16,0,0.0555555555555556,18
14,2,2015,14,395534,7,4,16,15.7857142857143,19,0,0.0714285714285714,14
14,2,2015,15,395535,7,9,16,16.7647058823529,16,0,0.0588235294117647,17
14,2,2015,16,395536,5,4,15,15.3333333333333,17,0,0,12
14,2,2015,17,395537,5,6,17,16.875,17,0,0.0625,16
14,2,2015,18,395538,3,2,19,18.7,19,0,0.7,10
14,2,2015,19,395539,4,3,18,18.1666666666667,19,0,0.416666666666667,12
14,2,2015,20,395540,2,3,18.5,18.3333333333333,18,0,0.5,12
14,2,2015,21,395541,1,0,18,18.4285714285714,19,0,0.428571428571429,7
14,2,2015,22,395542,4,4,18,18.1666666666667,19,0,0.333333333333333,12
14,2,2015,23,395543,3,4,18,17.75,18,0,0.333333333333333,12
15,2,2015,0,395544,1,3,17.5,17.7,17,0,0.4,10
15,2,2015,1,395545,4,11,11.5,12.4230769230769,9,0,0,26
15,2,2015,2,395546,4,1,10,9.90909090909091,12,0,0,11
15,2,2015,3,395547,3,11,8,8,5,0,0,22
15,2,2015,4,395548,0,0,6,6,6,0,0,8
15,2,2015,5,395549,0,1,5,5.125,5,0,0,8
15,2,2015,6,395550,0,0,5,5,5,0,0,6
15,2,2015,7,395551,2,1,5,5.25,6,0,0,8
15,2,2015,8,395552,6,4,8,7.23076923076923,8,0,0,13
15,2,2015,9,395553,1,1,8,8.33333333333333,8,0,0,6
15,2,2015,10,395554,6,3,10,9.85714285714286,11,0,0,14
15,2,2015,11,395555,1,4,11,10.6363636363636,9,0,0,11
15,2,2015,12,395556,6,2,9,9.27272727272727,12,0,0,11
15,2,2015,13,395557,3,3,11,11.1,12,0,0,10
15,2,2015,14,395558,9,6,13,13.4705882352941,15,0,0,17
15,2,2015,15,395559,3,5,17,16.5625,15,0,0,16
15,2,2015,16,395560,2,4,15,15.1428571428571,14,0,0,14
15,2,2015,17,395561,3,1,17.5,17.375,18,0,0,8
15,2,2015,18,395562,2,4,18,17.3076923076923,16,0,0,13
15,2,2015,19,395563,5,4,17.5,17.5,19,0,0.166666666666667,12
15,2,2015,20,395564,0,2,19,18.25,17,0,0.625,8
15,2,2015,21,395565,1,0,18,17.8333333333333,18,0,0,6
15,2,2015,22,395566,3,4,18,17.8333333333333,17,0,0.0833333333333333,12
15,2,2015,23,395567,1,3,17.5,17,16,0,0,10
16,2,2015,0,395568,0,1,15,15.2857142857143,15,0,0,7
16,2,2015,1,395569,1,0,16,15.7142857142857,16,0,0,7
16,2,2015,2,395570,0,0,17,17,17,0,0,7
16,2,2015,3,395571,0,0,17,17,17,0,0,6
16,2,2015,4,395572,0,0,17,17,17,0,0,6
16,2,2015,5,395573,1,0,18,17.7142857142857,18,0,0,7
16,2,2015,6,395574,1,2,18,17.8571428571429,17,0,0.142857142857143,7
16,2,2015,7,395575,5,7,15,15.1764705882353,14,0,0,17
16,2,2015,8,395576,24,20,13,12.9268292682927,16,0,0,41
16,2,2015,9,395577,7,4,18,17.4444444444444,18,0,0.388888888888889,18
16,2,2015,10,395578,4,4,19,18.4615384615385,19,0,0.538461538461538,13
16,2,2015,11,395579,4,4,19,18.2857142857143,19,0,0.571428571428571,14
16,2,2015,12,395580,5,6,18,17.9444444444444,18,0,0.277777777777778,18
16,2,2015,13,395581,4,7,18,17.8125,15,0,0.25,16
16,2,2015,14,395582,1,3,14,13.6666666666667,13,0,0,9
16,2,2015,15,395583,5,8,11,11.125,11,0,0,16
16,2,2015,16,395584,5,5,11,10.7333333333333,10,0,0,15
16,2,2015,17,395585,16,8,11,11.2173913043478,19,0,0.0434782608695652,23
16,2,2015,18,395586,3,8,18,17.1666666666667,14,0,0.277777777777778,18
16,2,2015,19,395587,10,5,12,13.0526315789474,18,0,0,19
16,2,2015,20,395588,1,5,18,17.6,15,0,0.4,10
16,2,2015,21,395589,5,3,18,17.5833333333333,17,0,0.25,12
16,2,2015,22,395590,3,4,17,16.8181818181818,16,0,0,11
16,2,2015,23,395591,1,3,16.5,16.4,15,0,0,10
17,2,2015,0,395592,1,2,15,14.7777777777778,14,0,0,9
17,2,2015,1,395593,2,0,14,14.7142857142857,16,0,0,7
17,2,2015,2,395594,0,0,16,16,16,0,0,8
17,2,2015,3,395595,0,0,16,16,16,0,0,6
17,2,2015,4,395596,0,0,16,16,16,0,0,6
17,2,2015,5,395597,1,0,17,16.8333333333333,17,0,0,6
17,2,2015,6,395598,2,3,16,15.9166666666667,16,0,0,12
17,2,2015,7,395599,5,12,12,12.5882352941176,9,0,0,17
17,2,2015,8,395600,14,13,9,8.7,9,0,0,30
17,2,2015,9,395601,8,5,11,10.8666666666667,13,0,0,15
17,2,2015,10,395602,8,3,17,16.7894736842105,19,0,0.157894736842105,19
17,2,2015,11,395603,4,7,18,17.2941176470588,16,0,0.176470588235294,17
17,2,2015,12,395604,9,8,16,16.0952380952381,17,0,0,21
17,2,2015,13,395605,5,5,18,18.2666666666667,18,0,0.4,15
17,2,2015,14,395606,2,5,17,16.8333333333333,14,0,0,12
17,2,2015,15,395607,2,3,14,14.4615384615385,13,0,0,13
17,2,2015,16,395608,7,6,13,12.7058823529412,14,0,0,17
17,2,2015,17,395609,10,8,13,12.1851851851852,15,0,0,27
17,2,2015,18,395610,7,6,18,17.8888888888889,17,0,0.444444444444444,18
17,2,2015,19,395611,6,8,18,17.6842105263158,17,0,0.315789473684211,19
17,2,2015,20,395612,3,2,19,18.5555555555556,19,0,0.555555555555556,9
17,2,2015,21,395613,4,4,18,18.1666666666667,19,0,0.333333333333333,12
17,2,2015,22,395614,0,1,19,18.6666666666667,18,0,0.666666666666667,6
17,2,2015,23,395615,3,4,18,17.5384615384615,17,0,0,13
18,2,2015,0,395616,2,0,18,18.1428571428571,19,0,0.428571428571429,7
18,2,2015,1,395617,0,0,19,19,19,0,1,6
18,2,2015,2,395618,0,0,19,19,19,0,1,7
18,2,2015,3,395619,0,0,19,19,19,0,1,6
18,2,2015,4,395620,0,1,19,18.7142857142857,18,0,0.714285714285714,7
18,2,2015,5,395621,0,1,17,17.4285714285714,17,0,0,7
18,2,2015,6,395622,3,1,18,18,19,0,0.3,10
18,2,2015,7,395623,6,9,18,18.0555555555556,16,0,0.388888888888889,18
18,2,2015,8,395624,6,6,18,17.5238095238095,16,0,0.0952380952380952,21
18,2,2015,9,395625,5,4,18,17.3125,18,0,0,16
18,2,2015,10,395626,4,4,18,17.6363636363636,18,0,0,11
18,2,2015,11,395627,3,3,18,17.8,18,0,0,15
18,2,2015,12,395628,4,4,18,17.4615384615385,18,0,0,13
18,2,2015,13,395629,5,6,16,16.2,17,0,0,15
18,2,2015,14,395630,1,1,18,17.875,18,0,0,8
18,2,2015,15,395631,1,1,18,17.8,18,0,0,10
18,2,2015,16,395632,5,6,17,16.5789473684211,17,0,0,19
18,2,2015,17,395633,8,9,16,15.6666666666667,16,0,0,24
18,2,2015,18,395634,4,3,17,17.2142857142857,18,0,0,14
18,2,2015,19,395635,7,8,17,17,17,0,0,22
18,2,2015,20,395636,4,4,17,17.1428571428571,17,0,0,14
18,2,2015,21,395637,3,5,17,16.3846153846154,15,0,0,13
18,2,2015,22,395638,4,3,17,17.1538461538462,17,0,0,13
18,2,2015,23,395639,4,3,17,17,17,0,0,11
19,2,2015,0,395640,2,1,18,17.6153846153846,18,0,0,13
19,2,2015,1,395641,0,0,18,18,18,0,0,6
19,2,2015,2,395642,0,0,18,18,18,0,0,10
19,2,2015,3,395643,0,0,18,18,18,0,0,6
19,2,2015,4,395644,0,0,18,18,18,0,0,6
19,2,2015,5,395645,0,0,18,18,18,0,0,6
19,2,2015,6,395646,2,2,17.5,17.25,18,0,0,8
19,2,2015,7,395647,4,9,17,16.2631578947368,13,0,0,19
19,2,2015,8,395648,4,5,13,13.4444444444444,12,0,0,9
20,2,2015,3,395667,0,0,18,18,18,0,0,5
20,2,2015,4,395668,0,0,18,18,18,0,0,6
20,2,2015,5,395669,0,1,18,17.6666666666667,17,0,0,6
20,2,2015,6,395670,0,0,17,17,17,0,0,6
20,2,2015,7,395671,2,0,17,17.4285714285714,19,0,0.142857142857143,7
20,2,2015,8,395672,3,3,19,18.7272727272727,19,0,0.727272727272727,11
20,2,2015,9,395673,0,1,19,18.8888888888889,18,0,0.888888888888889,9
20,2,2015,10,395674,1,0,19,18.625,19,0,0.625,8
20,2,2015,11,395675,3,2,18,18.1818181818182,19,0,0.363636363636364,11
20,2,2015,12,395676,3,2,19,18.5555555555556,19,0,0.555555555555556,9
20,2,2015,13,395677,4,6,17.5,17.3571428571429,17,0,0.214285714285714,14
20,2,2015,14,395678,2,1,18,17.625,18,0,0,8
20,2,2015,15,395679,1,4,18,17.2222222222222,15,0,0,9
20,2,2015,16,395680,3,6,14,14.0714285714286,12,0,0,14
20,2,2015,17,395681,5,6,12.5,12.4375,11,0,0,16
20,2,2015,18,395682,5,2,12.5,12.4,14,0,0,10
20,2,2015,19,395683,2,2,13,12.4444444444444,13,0,0,9
20,2,2015,20,395684,5,3,16,15.9,16,0,0,10
20,2,2015,21,395685,3,0,19,18.4285714285714,19,0,0.714285714285714,7
20,2,2015,22,395686,0,3,19,18.25,16,0,0.625,8
20,2,2015,23,395687,3,2,18,17.6,17,0,0.1,10
21,2,2015,0,395688,2,3,18,18.0909090909091,17,0,0.363636363636364,11
21,2,2015,1,395689,3,4,17,17.0909090909091,17,0,0,11
21,2,2015,2,395690,1,0,16,16.4285714285714,17,0,0,7
21,2,2015,3,395691,2,3,17.5,17.75,16,0,0.375,8
21,2,2015,4,395692,0,2,14,14.2857142857143,14,0,0,7
21,2,2015,5,395693,1,0,15,14.7142857142857,15,0,0,7
21,2,2015,6,395694,0,1,15,14.8333333333333,14,0,0,6
21,2,2015,7,395695,1,0,14,14.1428571428571,15,0,0,7
21,2,2015,8,395696,2,2,15,15.4,16,0,0,10
21,2,2015,9,395697,5,7,17,16.9333333333333,15,0,0.0666666666666667,15
21,2,2015,10,395698,3,1,17,17.2,18,0,0,10
21,2,2015,11,395699,1,0,18.5,18.5,19,0,0.5,8
21,2,2015,12,395700,2,3,18.5,18.4,18,0,0.5,10
21,2,2015,13,395701,0,4,16,16.1111111111111,14,0,0,9
21,2,2015,14,395702,5,2,18,17.8333333333333,18,0,0.333333333333333,12
21,2,2015,15,395703,5,8,15,16,15,0,0.117647058823529,17
21,2,2015,16,395704,7,7,14.5,14.125,15,0,0,16
21,2,2015,17,395705,5,1,17.5,17.5,19,0,0.3,10
21,2,2015,18,395706,1,2,19,18.625,18,0,0.625,8
21,2,2015,19,395707,3,2,18.5,18.375,19,0,0.5,8
21,2,2015,20,395708,0,0,19,19,19,0,1,7
21,2,2015,21,395709,1,4,18,18.2,16,0,0.4,10
21,2,2015,22,395710,6,7,17,16.8666666666667,17,0,0.133333333333333,15
21,2,2015,23,395711,4,2,18,17.6,19,0,0.2,10
22,2,2015,0,395712,2,2,18,18.1428571428571,19,0,0.285714285714286,7
22,2,2015,1,395713,1,1,19,18.8181818181818,19,0,0.818181818181818,11
22,2,2015,2,395714,4,4,18,17.9285714285714,18,0,0.142857142857143,14
22,2,2015,3,395715,0,5,17,16.9230769230769,14,0,0.230769230769231,13
22,2,2015,4,395716,0,0,13,13,13,0,0,6
22,2,2015,5,395717,2,1,13,12.7142857142857,14,0,0,7
22,2,2015,6,395718,1,1,15,14.7142857142857,15,0,0,7
22,2,2015,7,395719,0,1,14,13.8333333333333,13,0,0,6
22,2,2015,8,395720,2,1,14,14.1111111111111,14,0,0,9
22,2,2015,9,395721,0,2,15,14.5,13,0,0,6
22,2,2015,10,395722,2,6,12,11.75,9,0,0,12
22,2,2015,11,395723,5,1,10,10.5555555555556,13,0,0,9
22,2,2015,12,395724,5,5,12,11.7222222222222,13,0,0,18
22,2,2015,13,395725,3,4,13,12.9,12,0,0,10
22,2,2015,14,395726,0,8,9,8.23076923076923,4,0,0,13
22,2,2015,15,395727,3,3,5,4.81818181818182,5,0,0,11
22,2,2015,16,395728,4,5,3.5,3.66666666666667,2,0,0,12
22,2,2015,17,395729,4,4,3,2.76923076923077,3,0,0,13
22,2,2015,18,395730,4,4,5,5.16666666666667,4,0,0,12
22,2,2015,19,395731,2,3,5,5.2,4,0,0,10
22,2,2015,20,395732,3,2,6,5.55555555555556,6,0,0,9
22,2,2015,21,395733,2,1,6.5,6.5,7,0,0,8
22,2,2015,22,395734,3,0,11,10.4285714285714,11,0,0,7
22,2,2015,23,395735,2,1,11.5,11.125,12,0,0,8
23,2,2015,0,395736,3,0,13,13.5,15,0,0,8
23,2,2015,1,395737,0,0,15,15,15,0,0,6
23,2,2015,2,395738,1,0,15,15.4444444444444,16,0,0,9
23,2,2015,3,395739,0,0,16,16,16,0,0,6
23,2,2015,4,395740,0,0,16,16,16,0,0,6
23,2,2015,5,395741,0,0,16,16,16,0,0,6
23,2,2015,6,395742,1,3,14.5,14.7,14,0,0,10
23,2,2015,7,395743,4,5,13,13.4666666666667,12,0,0,15
23,2,2015,8,395744,14,9,15,14.9117647058824,18,0,0,34
23,2,2015,9,395745,1,1,18,17.875,18,0,0,8
23,2,2015,10,395746,3,3,18,17.5,18,0,0,10
23,2,2015,11,395747,3,3,18,17.7272727272727,18,0,0,11
23,2,2015,12,395748,2,2,18,17.8,18,0,0,10
23,2,2015,13,395749,1,0,18,18.4,19,0,0.4,10
23,2,2015,14,395750,4,4,18,18.0833333333333,19,0,0.333333333333333,12
23,2,2015,15,395751,2,3,19,18.6,18,0,0.6,10
23,2,2015,16,395752,3,3,19,18.6,19,0,0.7,10
23,2,2015,17,395753,7,10,16,16.7142857142857,16,0,0.238095238095238,21
23,2,2015,18,395754,10,7,16,16.4583333333333,19,0,0.0833333333333333,24
23,2,2015,19,395755,2,4,19,18.5454545454545,17,0,0.636363636363636,11
23,2,2015,20,395756,8,8,18,17.9,18,0,0.35,20
23,2,2015,21,395757,5,6,18,17.6875,18,0,0.25,16
23,2,2015,22,395758,2,2,19,18.6,18,0,0.6,10
23,2,2015,23,395759,0,1,18,17.6666666666667,17,0,0,6
24,2,2015,0,395760,0,0,18,18,18,0,0,6
24,2,2015,1,395761,0,0,18,18,18,0,0,6
24,2,2015,2,395762,0,0,18,18,18,0,0,7
24,2,2015,3,395763,0,0,18,18,18,0,0,6
24,2,2015,4,395764,0,0,18,18,18,0,0,6
24,2,2015,5,395765,1,0,18,18.2857142857143,19,0,0.285714285714286,7
24,2,2015,6,395766,0,3,18,18,16,0,0.444444444444444,9
24,2,2015,7,395767,6,9,14,14.2941176470588,13,0,0,17
24,2,2015,8,395768,10,7,17,16.875,17,0,0.25,24
24,2,2015,9,395769,2,2,17,16.6666666666667,17,0,0,9
24,2,2015,10,395770,2,4,15,15.1538461538462,15,0,0,13
24,2,2015,11,395771,2,0,16,16.2222222222222,17,0,0,9
24,2,2015,12,395772,3,3,16,16.0666666666667,17,0,0,15
24,2,2015,13,395773,1,4,14,14.0909090909091,13,0,0,11
24,2,2015,14,395774,2,3,12,12.4,11,0,0,10
24,2,2015,15,395775,8,4,14,13.5333333333333,16,0,0,15
24,2,2015,16,395776,6,11,15,14.48,11,0,0,25
24,2,2015,17,395777,11,9,13,13.1428571428571,14,0,0,21
24,2,2015,18,395778,12,11,15,14.8333333333333,16,0,0,24
24,2,2015,19,395779,3,1,17,16.5555555555556,17,0,0,9
24,2,2015,20,395780,0,1,17,16.8571428571429,16,0,0,7
24,2,2015,21,395781,3,2,15,15.4444444444444,17,0,0,9
24,2,2015,22,395782,6,7,16,15.7333333333333,16,0,0,15
24,2,2015,23,395783,3,2,16,15.8,17,0,0,10
25,2,2015,0,395784,0,3,15,15.2857142857143,14,0,0,7
25,2,2015,1,395785,0,0,14,14,14,0,0,6
25,2,2015,2,395786,0,0,14,14,14,0,0,7
25,2,2015,3,395787,0,12,4,4.30769230769231,0,0.153846153846154,0,13
25,2,2015,4,395788,1,0,1,0.571428571428571,1,0.428571428571429,0,7
25,2,2015,5,395789,0,1,1,0.857142857142857,0,0.142857142857143,0,7
25,2,2015,6,395790,0,0,0,0,0,1,0,6
25,2,2015,7,395791,7,3,1,1.15384615384615,4,0.384615384615385,0,13
25,2,2015,8,395792,14,3,8,8.63157894736842,14,0,0,19
25,2,2015,9,395793,2,1,14,13.625,14,0,0,8
25,2,2015,10,395794,1,1,14,13.875,14,0,0,8
25,2,2015,11,395795,0,5,11,11.4,9,0,0,10
25,2,2015,12,395796,9,3,12,11.2142857142857,14,0,0,14
25,2,2015,13,395797,3,5,14,13.3846153846154,12,0,0,13
25,2,2015,14,395798,2,3,13,12.4545454545455,11,0,0,11
25,2,2015,15,395799,4,3,11,10.6363636363636,12,0,0,11
25,2,2015,16,395800,5,6,13,12.9285714285714,12,0,0,14
25,2,2015,17,395801,7,7,11,10.9375,12,0,0,16
25,2,2015,18,395802,6,7,13,13.1052631578947,12,0,0,19
25,2,2015,19,395803,6,6,14,13.3529411764706,13,0,0,17
25,2,2015,20,395804,3,3,14,13.7,14,0,0,10
25,2,2015,21,395805,7,9,11,11.2,10,0,0,15
25,2,2015,22,395806,3,2,13,12.75,12,0,0,8
25,2,2015,23,395807,4,4,12,12.2,12,0,0,10
26,2,2015,0,395808,1,1,12,12.25,12,0,0,8
26,2,2015,1,395809,0,0,12,12,12,0,0,6
26,2,2015,2,395810,1,0,12,12.4,13,0,0,10
26,2,2015,3,395811,0,0,13,13,13,0,0,6
26,2,2015,4,395812,0,0,13,13,13,0,0,5
26,2,2015,5,395813,1,1,13,12.875,13,0,0,8
26,2,2015,6,395814,2,3,13,13.1111111111111,12,0,0,9
26,2,2015,7,395815,5,6,10,9.85714285714286,10,0,0,14
26,2,2015,8,395816,10,6,13.5,13.1875,14,0,0,16
26,2,2015,9,395817,3,3,13,13.25,14,0,0,12
26,2,2015,10,395818,3,4,13,13.2,13,0,0,10
26,2,2015,11,395819,4,3,13,12.8571428571429,14,0,0,14
26,2,2015,12,395820,5,5,13,13.25,14,0,0,16
26,2,2015,13,395821,2,3,14,13.5454545454545,13,0,0,11
26,2,2015,14,395822,4,5,12,11.8,11,0,0,10
26,2,2015,15,395823,3,2,12,12,13,0,0,9
26,2,2015,16,395824,4,4,13,13.3076923076923,14,0,0,13
26,2,2015,17,395825,3,3,12,12.2,13,0,0,10
26,2,2015,18,395826,1,3,13.5,13.3,12,0,0,10
26,2,2015,19,395827,2,2,12,11.8,11,0,0,10
26,2,2015,20,395828,1,2,10.5,10.5,10,0,0,8
26,2,2015,21,395829,4,4,10,9.88888888888889,11,0,0,18
26,2,2015,22,395830,3,3,13,12.8461538461538,12,0,0,13
26,2,2015,23,395831,1,4,11,10.6666666666667,9,0,0,9
27,2,2015,0,395832,2,0,11,11,12,0,0,7
27,2,2015,1,395833,1,0,12.5,12.5,13,0,0,8
27,2,2015,2,395834,0,1,12,11.625,11,0,0,8
27,2,2015,3,395835,1,1,11,10.8571428571429,11,0,0,7
27,2,2015,4,395836,0,0,11,11,11,0,0,6
27,2,2015,5,395837,0,0,11,11,11,0,0,6
27,2,2015,6,395838,1,4,9,8.88888888888889,8,0,0,9
27,2,2015,7,395839,5,7,7,7.66666666666667,7,0,0,15
27,2,2015,8,395840,16,12,11,11.1851851851852,14,0,0,27
27,2,2015,9,395841,2,1,14,13.75,14,0,0,8
27,2,2015,10,395842,2,2,14,13.75,14,0,0,8
27,2,2015,11,395843,5,5,13,12.7142857142857,13,0,0,14
27,2,2015,12,395844,3,3,14,13.5384615384615,14,0,0,13
27,2,2015,13,395845,2,2,14,13.5833333333333,14,0,0,12
27,2,2015,14,395846,5,8,11.5,11.8,11,0,0,20
27,2,2015,15,395847,7,3,10,10.6153846153846,14,0,0,13
27,2,2015,16,395848,4,9,13,12.25,8,0,0,16
27,2,2015,17,395849,12,16,8,6.8,4,0,0,25
27,2,2015,18,395850,11,2,11,10.3529411764706,14,0,0,17
27,2,2015,19,395851,3,3,14,13.5555555555556,14,0,0,9
27,2,2015,20,395852,6,8,12,12.2941176470588,12,0,0,17
27,2,2015,21,395853,4,2,13,13.2727272727273,14,0,0,11
27,2,2015,22,395854,3,3,13,13.4444444444444,14,0,0,9
27,2,2015,23,395855,4,4,13,13.3571428571429,14,0,0,14
28,2,2015,0,395856,3,4,13,12.0909090909091,13,0,0,11
28,2,2015,1,395857,2,1,14,13.7,14,0,0,10
28,2,2015,2,395858,2,2,12,12.4444444444444,12,0,0,9
28,2,2015,3,395859,1,7,9,8.58333333333333,6,0,0,12
28,2,2015,4,395860,0,2,4,4.44444444444444,4,0,0,9
28,2,2015,5,395861,0,0,4,4,4,0,0,5
28,2,2015,6,395862,0,0,4,4,4,0,0,6
28,2,2015,7,395863,0,1,3,3.33333333333333,3,0,0,6
28,2,2015,8,395864,1,4,1,1.125,0,0.375,0,8
28,2,2015,9,395865,3,4,2,1.77777777777778,0,0.111111111111111,0,9
28,2,2015,10,395866,6,4,2,1.4,2,0.266666666666667,0,15
28,2,2015,11,395867,3,4,2,2.15384615384615,2,0,0,13
28,2,2015,12,395868,7,4,4,4.1875,5,0,0,16
28,2,2015,13,395869,4,6,8,7.33333333333333,6,0,0,15
28,2,2015,14,395870,8,3,11,10.4666666666667,12,0,0,15
28,2,2015,15,395871,6,3,13,12.9333333333333,14,0,0,15
28,2,2015,16,395872,2,7,14,13.2727272727273,11,0,0,11
28,2,2015,17,395873,4,2,13,13.1111111111111,14,0,0,9
28,2,2015,18,395874,3,3,13.5,13.6428571428571,13,0,0,14
28,2,2015,19,395875,12,12,15.5,15.5833333333333,13,0,0,24
28,2,2015,20,395876,7,2,18,17.5,19,0,0.357142857142857,14
28,2,2015,21,395877,2,1,19,18.5714285714286,19,0,0.571428571428571,7
28,2,2015,22,395878,3,4,18,18.3846153846154,18,0,0.461538461538462,13
28,2,2015,23,395879,1,4,16,16.25,15,0,0,8
1,3,2015,0,395880,5,1,16,16.3333333333333,19,0,0.111111111111111,9
1,3,2015,1,395881,0,11,14.5,13.7777777777778,8,0,0.166666666666667,18
1,3,2015,2,395882,1,0,10,9.75,10,0,0,4
1,3,2015,8,395888,7,1,16,15.2,16,0,0,5
1,3,2015,9,395889,4,4,16,16.7142857142857,16,0,0.142857142857143,14
1,3,2015,10,395890,4,3,16,15.7272727272727,17,0,0,11
1,3,2015,11,395891,6,8,16,15.8235294117647,15,0,0,17
1,3,2015,12,395892,3,5,13,12.75,11,0,0,12
1,3,2015,13,395893,3,0,11.5,12.125,14,0,0,8
1,3,2015,14,395894,4,5,14,14.2142857142857,13,0,0,14
1,3,2015,15,395895,9,6,14,14.2666666666667,16,0,0,15
1,3,2015,16,395896,6,4,18,17.3333333333333,19,0,0.133333333333333,15
1,3,2015,17,395897,2,3,19,18.6363636363636,18,0,0.636363636363636,11
1,3,2015,18,395898,5,4,18,18.3125,19,0,0.4375,16
1,3,2015,19,395899,2,2,18,18.2222222222222,19,0,0.444444444444444,9
1,3,2015,20,395900,0,0,19,19,19,0,1,5
1,3,2015,21,395901,0,0,19,19,19,0,1,6
1,3,2015,22,395902,1,1,19,18.875,19,0,0.875,8
1,3,2015,23,395903,1,1,19,18.5714285714286,19,0,0.571428571428571,7
2,3,2015,0,395904,1,0,18.5,18.5,19,0,0.5,8
2,3,2015,1,395905,0,0,19,19,19,0,1,6
2,3,2015,2,395906,0,0,19,19,19,0,1,3
2,3,2015,5,395909,0,1,19,18.6666666666667,18,0,0.666666666666667,3
2,3,2015,6,395910,2,5,18,17.6923076923077,15,0,0.307692307692308,13
2,3,2015,7,395911,12,12,15,14.7647058823529,16,0,0,34
2,3,2015,8,395912,15,13,18,17.6,19,0,0.257142857142857,35
2,3,2015,9,395913,4,3,19,18.4666666666667,19,0,0.533333333333333,15
2,3,2015,10,395914,2,3,19,18.7272727272727,18,0,0.727272727272727,11
2,3,2015,11,395915,4,4,18,17.9090909090909,18,0,0.272727272727273,11
2,3,2015,12,395916,9,9,16,15.4736842105263,17,0,0,19
2,3,2015,13,395917,2,2,17,16.625,17,0,0,8
2,3,2015,14,395918,1,1,17,16.8571428571429,17,0,0,7
2,3,2015,15,395919,4,4,16,15.6923076923077,17,0,0,13
2,3,2015,16,395920,1,1,17,16.875,17,0,0,8
2,3,2015,17,395921,7,9,16,16.3333333333333,15,0,0,24
2,3,2015,18,395922,10,14,14,14.0833333333333,13,0,0,24
2,3,2015,19,395923,8,3,16,15,17,0,0,16
2,3,2015,20,395924,1,1,17,16.8571428571429,17,0,0,7
2,3,2015,21,395925,2,1,16,16.2,17,0,0,10
2,3,2015,22,395926,0,1,16,16.1666666666667,16,0,0,6
2,3,2015,23,395927,0,3,15,14.6666666666667,13,0,0,9
3,3,2015,0,395928,0,0,12,12,12,0,0,6
3,3,2015,1,395929,0,0,12,12,12,0,0,6
3,3,2015,2,395930,0,0,12,12,12,0,0,3
3,3,2015,4,395932,0,0,13,13,13,0,0,3
3,3,2015,5,395933,1,2,12,12.4444444444444,12,0,0,9
3,3,2015,6,395934,1,3,10,10.5555555555556,10,0,0,9
3,3,2015,7,395935,8,10,9,8.82352941176471,9,0,0,17
3,3,2015,8,395936,17,10,12,12.8571428571429,17,0,0,21
3,3,2015,9,395937,0,1,17,16.5555555555556,16,0,0,9
3,3,2015,10,395938,1,0,17,16.875,17,0,0,8
3,3,2015,11,395939,1,1,17,16.7272727272727,17,0,0,11
3,3,2015,12,395940,5,6,15,15.1538461538462,15,0,0,13
3,3,2015,13,395941,8,4,17,16.8888888888889,19,0,0.111111111111111,18
3,3,2015,14,395942,6,5,18,18.25,19,0,0.375,16
3,3,2015,15,395943,4,4,17,17.1538461538462,18,0,0.0769230769230769,13
3,3,2015,16,395944,3,8,14,14.8,13,0,0,15
3,3,2015,17,395945,6,9,13,12.8,11,0,0,20
3,3,2015,18,395946,16,11,16,15.6333333333333,16,0,0.233333333333333,30
3,3,2015,19,395947,6,6,18,17.85,17,0,0.2,20
3,3,2015,20,395948,4,3,18,18.0833333333333,18,0,0.25,12
3,3,2015,21,395949,4,5,17,17.5333333333333,16,0,0.266666666666667,15
3,3,2015,22,395950,8,6,18,17.6111111111111,18,0,0.277777777777778,18
3,3,2015,23,395951,2,2,18,18.0833333333333,18,0,0.25,12
4,3,2015,0,395952,2,1,18,17.8571428571429,19,0,0.142857142857143,7
4,3,2015,1,395953,0,0,19,19,19,0,1,6
4,3,2015,2,395954,0,0,19,19,19,0,1,3
4,3,2015,6,395958,0,0,19,19,19,0,1,2
4,3,2015,8,395960,12,12,18,17.6206896551724,19,0,0.448275862068966,29
4,3,2015,9,395961,1,3,19,18.5454545454545,17,0,0.636363636363636,11
4,3,2015,10,395962,5,9,15,15.25,13,0,0.1,20
4,3,2015,11,395963,9,2,14,15.1875,19,0,0.1875,16
4,3,2015,12,395964,6,5,18,18.1666666666667,19,0,0.333333333333333,18
4,3,2015,13,395965,1,3,19,18.6363636363636,17,0,0.727272727272727,11
4,3,2015,14,395966,5,3,17,17.3076923076923,19,0,0.153846153846154,13
4,3,2015,15,395967,3,3,18,17.9090909090909,18,0,0.181818181818182,11
4,3,2015,16,395968,6,5,18,18.2666666666667,19,0,0.4,15
4,3,2015,17,395969,5,6,19,18.5294117647059,18,0,0.647058823529412,17
4,3,2015,18,395970,10,10,16.5,16.1428571428571,19,0,0.178571428571429,28
4,3,2015,19,395971,4,3,19,18.625,19,0,0.6875,16
4,3,2015,20,395972,6,11,17,16.7368421052632,13,0,0.210526315789474,19
4,3,2015,21,395973,7,4,17,17.3157894736842,17,0,0.210526315789474,19
4,3,2015,22,395974,0,0,17,17,17,0,0,1
5,3,2015,3,395979,0,2,17.5,17.6666666666667,17,0,0.166666666666667,6
5,3,2015,4,395980,1,0,17,17.1428571428571,18,0,0,7
5,3,2015,5,395981,1,0,18,18.1666666666667,19,0,0.166666666666667,6
5,3,2015,6,395982,1,2,18,18.4285714285714,18,0,0.428571428571429,7
5,3,2015,7,395983,3,2,18,17.6363636363636,19,0,0.363636363636364,11
5,3,2015,8,395984,6,6,19,18.625,19,0,0.708333333333333,24
5,3,2015,9,395985,4,4,19,18.6875,19,0,0.6875,16
5,3,2015,10,395986,1,4,18,18.1818181818182,16,0,0.454545454545455,11
5,3,2015,11,395987,8,6,17,17,17,0,0.133333333333333,15
5,3,2015,12,395988,6,6,19,18.5263157894737,18,0,0.526315789473684,19
5,3,2015,13,395989,5,8,18,17.7777777777778,16,0,0.388888888888889,18
5,3,2015,14,395990,6,3,15,15.8666666666667,19,0,0.0666666666666667,15
5,3,2015,15,395991,6,6,18,18.3684210526316,18,0,0.473684210526316,19
5,3,2015,16,395992,4,3,19,18.4666666666667,19,0,0.533333333333333,15
5,3,2015,17,395993,10,9,18,18.28,19,0,0.48,25
5,3,2015,18,395994,7,7,18,18.1764705882353,19,0,0.470588235294118,17
5,3,2015,19,395995,5,5,19,18.5333333333333,19,0,0.666666666666667,15
5,3,2015,20,395996,3,3,19,18.6666666666667,18,0,0.666666666666667,12
5,3,2015,21,395997,7,7,18,17.4,17,0,0.133333333333333,15
5,3,2015,22,395998,8,7,16,16.125,18,0,0,16
5,3,2015,23,395999,5,7,17,17.0769230769231,16,0,0.230769230769231,13
6,3,2015,0,396000,3,2,18,18.3333333333333,18,0,0.416666666666667,12
6,3,2015,1,396001,0,0,19,19,19,0,1,6
6,3,2015,2,396002,0,0,19,19,19,0,1,8
6,3,2015,3,396003,0,1,18,18.1666666666667,18,0,0.166666666666667,6
6,3,2015,4,396004,0,0,18,18,18,0,0,6
6,3,2015,5,396005,1,1,18,18.2222222222222,18,0,0.222222222222222,9
6,3,2015,6,396006,1,3,18,17.4444444444444,16,0,0,9
6,3,2015,7,396007,7,5,16,16.2857142857143,18,0,0,14
6,3,2015,8,396008,12,14,16,16.1290322580645,16,0,0.0967741935483871,31
6,3,2015,9,396009,4,2,19,18.5,19,0,0.6,10
6,3,2015,10,396010,3,8,17,16.2631578947368,14,0,0.105263157894737,19
6,3,2015,11,396011,8,4,18,17.2,18,0,0.133333333333333,15
6,3,2015,12,396012,5,4,18,18.1176470588235,19,0,0.294117647058824,17
6,3,2015,13,396013,2,2,19,18.7,19,0,0.8,10
6,3,2015,14,396014,3,4,19,18.3333333333333,17,0,0.533333333333333,15
6,3,2015,15,396015,5,4,18,18.3846153846154,19,0,0.461538461538462,13
6,3,2015,16,396016,6,10,15,15.5,15,0,0.0714285714285714,14
6,3,2015,17,396017,14,11,15,15,17,0,0,33
6,3,2015,18,396018,6,7,19,18.35,17,0,0.55,20
6,3,2015,19,396019,9,8,18,18.25,18,0,0.458333333333333,24
6,3,2015,20,396020,1,1,19,18.8,19,0,0.8,10
6,3,2015,21,396021,1,1,19,18.8888888888889,19,0,0.888888888888889,9
6,3,2015,22,396022,3,2,19,18.5454545454545,19,0,0.636363636363636,11
6,3,2015,23,396023,5,5,18,17.9230769230769,19,0,0.384615384615385,13
7,3,2015,0,396024,4,4,18,17.6666666666667,19,0,0.25,12
7,3,2015,1,396025,3,9,17,16.7368421052632,13,0,0.210526315789474,19
7,3,2015,2,396026,1,1,12,11.9,12,0,0,10
7,3,2015,3,396027,1,2,12,11.8571428571429,11,0,0,7
7,3,2015,4,396028,1,6,9,8.84615384615385,6,0,0,13
7,3,2015,5,396029,2,0,7,7.14285714285714,8,0,0,7
7,3,2015,6,396030,0,0,8,8,8,0,0,7
7,3,2015,7,396031,1,3,7,7.25,6,0,0,8
7,3,2015,8,396032,4,3,8,8.18181818181818,7,0,0,11
7,3,2015,9,396033,6,5,8,8.46153846153846,9,0,0,13
7,3,2015,10,396034,2,7,6.5,7,5,0,0,12
7,3,2015,11,396035,12,6,6,7,12,0,0,15
7,3,2015,12,396036,13,12,13,12.4782608695652,13,0,0,23
7,3,2015,13,396037,6,0,16,16.5454545454545,19,0,0.272727272727273,11
7,3,2015,14,396038,4,7,19,18.4444444444444,16,0,0.611111111111111,18
7,3,2015,15,396039,3,3,17.5,17.8,17,0,0.3,10
7,3,2015,16,396040,6,7,17.5,17.625,16,0,0.3125,16
7,3,2015,17,396041,6,8,17.5,17.3333333333333,15,0,0.222222222222222,18
7,3,2015,18,396042,6,3,18.5,18.25,19,0,0.5,16
7,3,2015,19,396043,6,5,19,18.4705882352941,19,0,0.588235294117647,17
7,3,2015,20,396044,1,1,19,18.7777777777778,19,0,0.777777777777778,9
7,3,2015,21,396045,3,3,19,18.5555555555556,19,0,0.666666666666667,9
7,3,2015,22,396046,3,3,19,18.3846153846154,19,0,0.538461538461538,13
7,3,2015,23,396047,2,2,19,18.75,19,0,0.75,8
8,3,2015,0,396048,3,3,18.5,18.4,19,0,0.5,10
8,3,2015,1,396049,2,3,18,18.3,18,0,0.4,10
8,3,2015,2,396050,1,4,18,17.6428571428571,15,0,0.428571428571429,14
8,3,2015,3,396051,3,9,12,13.24,10,0,0,25
8,3,2015,4,396052,0,2,8.5,8.25,7,0,0,8
8,3,2015,5,396053,2,1,7,6.85714285714286,8,0,0,7
8,3,2015,6,396054,1,1,8,7.66666666666667,8,0,0,6
8,3,2015,7,396055,0,2,7,7,6,0,0,7
8,3,2015,8,396056,6,0,10,9.66666666666667,13,0,0,9
8,3,2015,9,396057,3,6,14,13.3076923076923,10,0,0,13
8,3,2015,10,396058,3,3,10,10.3,10,0,0,10
8,3,2015,11,396059,6,9,9,8.38095238095238,6,0,0,21
8,3,2015,12,396060,10,13,6,6,3,0,0,24
8,3,2015,13,396061,6,8,1,1.52941176470588,1,0.117647058823529,0,17
8,3,2015,14,396062,1,1,1,1.22222222222222,1,0,0,9
8,3,2015,15,396063,5,4,2,2,2,0,0,11
8,3,2015,16,396064,8,10,5,4.57894736842105,1,0,0,19
8,3,2015,17,396065,11,3,7,7.2,10,0,0,15
8,3,2015,18,396066,12,5,15,14.6818181818182,17,0,0.0454545454545455,22
8,3,2015,19,396067,5,5,18,18.375,18,0,0.375,16
8,3,2015,20,396068,3,2,19,18.7272727272727,19,0,0.727272727272727,11
8,3,2015,21,396069,1,1,19,18.75,19,0,0.75,8
8,3,2015,22,396070,1,1,19,18.8571428571429,19,0,0.857142857142857,7
8,3,2015,23,396071,0,0,19,19,19,0,1,6
9,3,2015,0,396072,0,1,19,18.625,18,0,0.625,8
9,3,2015,1,396073,1,0,18,18.3333333333333,19,0,0.333333333333333,6
9,3,2015,2,396074,0,0,19,19,19,0,1,8
9,3,2015,3,396075,0,0,19,19,19,0,1,6
9,3,2015,4,396076,0,0,19,19,19,0,1,6
9,3,2015,5,396077,1,1,19,18.5714285714286,19,0,0.571428571428571,7
9,3,2015,6,396078,2,3,17,17.1818181818182,17,0,0,11
9,3,2015,7,396079,5,11,13,13.3181818181818,12,0,0,22
9,3,2015,8,396080,22,15,12.5,13.5,18,0,0,36
9,3,2015,9,396081,1,5,16.5,16.1,14,0,0,10
9,3,2015,10,396082,7,3,14,14.3571428571429,18,0,0,14
9,3,2015,11,396083,1,5,17,16.6153846153846,14,0,0,13
9,3,2015,12,396084,10,11,15,15.28,14,0,0,25
9,3,2015,13,396085,7,6,14,14.1875,16,0,0,16
9,3,2015,14,396086,5,5,16,16.3076923076923,16,0,0,13
9,3,2015,15,396087,3,4,17,16.2727272727273,14,0,0,11
9,3,2015,16,396088,8,6,16,16.0588235294118,16,0,0,17
9,3,2015,17,396089,16,15,17,17.2051282051282,18,0,0,39
9,3,2015,18,396090,6,10,18,17.16,14,0,0,25
9,3,2015,19,396091,11,7,16,15.7142857142857,18,0,0,21
9,3,2015,20,396092,2,2,18,17.7777777777778,18,0,0,9
9,3,2015,21,396093,3,3,18,17.6666666666667,18,0,0,18
9,3,2015,22,396094,7,8,17,17.1428571428571,16,0,0,21
9,3,2015,23,396095,7,8,15,15.1904761904762,15,0,0,21
10,3,2015,0,396096,0,7,11,11.5384615384615,8,0,0,13
10,3,2015,1,396097,2,4,6,6.18181818181818,5,0,0,11
10,3,2015,2,396098,0,0,5,5,5,0,0,8
10,3,2015,3,396099,1,0,6,5.71428571428571,6,0,0,7
10,3,2015,4,396100,0,0,6,6,6,0,0,6
10,3,2015,5,396101,1,1,5,4.55555555555556,5,0,0,9
10,3,2015,6,396102,0,3,4,3.875,2,0,0,8
10,3,2015,7,396103,13,4,7.5,6.88888888888889,11,0,0,18
10,3,2015,8,396104,22,15,15,14.2058823529412,17,0,0,34
10,3,2015,9,396105,1,0,18,17.8571428571429,18,0,0,7
10,3,2015,10,396106,6,9,16,15.9047619047619,15,0,0,21
10,3,2015,11,396107,3,8,14,13.5333333333333,10,0,0,15
10,3,2015,12,396108,11,4,16.5,15.3888888888889,18,0,0,18
10,3,2015,13,396109,1,2,18,17.625,17,0,0,8
10,3,2015,14,396110,2,4,16.5,16.8571428571429,16,0,0,14
10,3,2015,15,396111,6,8,17,17.047619047619,14,0,0,21
10,3,2015,16,396112,5,9,11,11.3809523809524,9,0,0,21
10,3,2015,17,396113,14,9,10,10.9285714285714,15,0,0,28
10,3,2015,18,396114,12,12,16,16.1212121212121,15,0,0,33
10,3,2015,19,396115,5,5,18,17.2380952380952,18,0,0,21
10,3,2015,20,396116,5,5,17,16.8823529411765,17,0,0,17
10,3,2015,21,396117,1,4,17,17,15,0,0,11
10,3,2015,22,396118,10,7,17,16.95,18,0,0,20
10,3,2015,23,396119,4,9,17,15.9411764705882,13,0,0,17
11,3,2015,0,396120,2,3,12,12.3846153846154,12,0,0,13
11,3,2015,1,396121,0,0,12,12,12,0,0,6
11,3,2015,2,396122,1,0,12,12.25,13,0,0,8
11,3,2015,3,396123,0,0,13,13,13,0,0,6
11,3,2015,4,396124,1,0,13,13.3333333333333,14,0,0,6
11,3,2015,5,396125,1,0,14,14.1666666666667,15,0,0,6
11,3,2015,6,396126,1,2,14,14.2222222222222,14,0,0,9
11,3,2015,7,396127,7,12,12,11.7692307692308,9,0,0,26
11,3,2015,8,396128,18,9,18,16.974358974359,19,0,0.307692307692308,39
11,3,2015,9,396129,2,3,18.5,18.2,18,0,0.5,10
11,3,2015,10,396130,2,1,19,18.5555555555556,19,0,0.555555555555556,9
11,3,2015,11,396131,4,7,18,17.4444444444444,16,0,0.166666666666667,18
11,3,2015,12,396132,4,6,18,17.6470588235294,15,0,0.294117647058824,17
11,3,2015,13,396133,8,8,15,15.0526315789474,15,0,0,19
11,3,2015,14,396134,4,4,13,12.9375,14,0,0,16
11,3,2015,15,396135,7,8,14,14.2857142857143,14,0,0,21
11,3,2015,16,396136,8,7,15,14.3684210526316,16,0,0,19
11,3,2015,17,396137,8,7,17,16.875,17,0,0,24
11,3,2015,18,396138,10,9,17,16.9565217391304,18,0,0,23
11,3,2015,19,396139,12,11,17,16.7727272727273,18,0,0,22
11,3,2015,20,396140,4,6,16,16,16,0,0,15
11,3,2015,21,396141,8,6,16,16.2142857142857,18,0,0,14
11,3,2015,22,396142,6,6,17,16.9411764705882,18,0,0,17
11,3,2015,23,396143,2,5,17,17.0909090909091,15,0,0,11
12,3,2015,0,396144,2,1,16,15.7777777777778,16,0,0,9
12,3,2015,1,396145,0,0,16,16,16,0,0,10
12,3,2015,2,396146,0,0,16,16,16,0,0,8
12,3,2015,3,396147,0,0,16,16,16,0,0,6
12,3,2015,4,396148,0,0,16,16,16,0,0,6
12,3,2015,5,396149,1,1,15.5,15.5,16,0,0,8
12,3,2015,6,396150,5,4,16,15.6666666666667,17,0,0,15
12,3,2015,7,396151,7,15,12.5,12.3846153846154,8,0,0,26
12,3,2015,8,396152,15,10,12,10.5483870967742,12,0,0,31
12,3,2015,9,396153,6,0,18,17.2727272727273,19,0,0.454545454545455,11
12,3,2015,10,396154,3,3,18,17.8,19,0,0.3,10
12,3,2015,11,396155,4,6,18,18.1875,17,0,0.375,16
12,3,2015,12,396156,9,11,16,15.9285714285714,16,0,0.107142857142857,28
12,3,2015,13,396157,2,10,13,12.5555555555556,9,0,0,18
12,3,2015,14,396158,8,2,15,14.4615384615385,16,0,0,13
12,3,2015,15,396159,7,8,16,15.8823529411765,15,0,0,17
12,3,2015,16,396160,11,12,16,15.5,14,0,0,30
12,3,2015,17,396161,12,10,18,17.5666666666667,17,0,0.233333333333333,30
12,3,2015,18,396162,8,10,18,17.28,15,0,0.36,25
12,3,2015,19,396163,11,14,17.5,16.6875,13,0,0.25,32
12,3,2015,20,396164,9,5,15,15.25,19,0,0.05,20
12,3,2015,21,396165,5,4,19,18.5,19,0,0.5625,16
12,3,2015,22,396166,2,2,19,18.6666666666667,19,0,0.666666666666667,9
12,3,2015,23,396167,1,1,19,18.8571428571429,19,0,0.857142857142857,7
13,3,2015,0,396168,0,4,16,16.2,15,0,0.1,10
13,3,2015,1,396169,3,0,18,17.375,18,0,0,8
13,3,2015,2,396170,0,0,18,18,18,0,0,8
13,3,2015,3,396171,1,0,18,18.2857142857143,19,0,0.285714285714286,7
13,3,2015,4,396172,0,0,19,19,19,0,1,6
13,3,2015,5,396173,0,0,19,19,19,0,1,6
13,3,2015,6,396174,1,2,18,18.4,18,0,0.4,10
13,3,2015,7,396175,4,8,18,16.9444444444444,14,0,0.277777777777778,18
13,3,2015,8,396176,12,9,17,16.7741935483871,18,0,0,31
13,3,2015,9,396177,2,2,18,17.7777777777778,18,0,0,9
13,3,2015,10,396178,3,6,16,15.5333333333333,14,0,0,15
13,3,2015,11,396179,8,6,16,15.1153846153846,16,0,0,26
13,3,2015,12,396180,8,7,17,16.6818181818182,17,0,0,22
13,3,2015,13,396181,3,5,18,17.2857142857143,16,0,0,14
13,3,2015,14,396182,5,2,17,17.125,18,0,0,16
13,3,2015,15,396183,4,8,16,15.7058823529412,14,0,0,17
13,3,2015,16,396184,6,2,18,16.9411764705882,18,0,0,17
13,3,2015,17,396185,7,7,18,17.4761904761905,18,0,0,21
13,3,2015,18,396186,4,5,18,17.5909090909091,17,0,0,22
13,3,2015,19,396187,11,11,17,16.6666666666667,17,0,0,24
13,3,2015,20,396188,2,2,18,17.6666666666667,18,0,0,12
13,3,2015,21,396189,3,3,18,17.625,18,0,0,16
13,3,2015,22,396190,1,1,18,17.9,18,0,0,10
13,3,2015,23,396191,2,3,17,17.4545454545455,17,0,0,11
14,3,2015,0,396192,4,6,17.5,17.45,16,0,0,20
14,3,2015,1,396193,4,4,16,16,15,0,0,11
14,3,2015,2,396194,2,4,15,14.7142857142857,13,0,0,14
14,3,2015,3,396195,0,3,11,11.3333333333333,10,0,0,9
14,3,2015,4,396196,2,0,10,10.5714285714286,12,0,0,7
14,3,2015,5,396197,1,0,12.5,12.5,13,0,0,6
14,3,2015,6,396198,0,0,13,13,13,0,0,6
14,3,2015,7,396199,1,0,13,13.3333333333333,14,0,0,6
14,3,2015,8,396200,4,5,13,13.4,13,0,0,15
14,3,2015,9,396201,5,4,15,15.0714285714286,15,0,0,14
14,3,2015,10,396202,5,2,16.5,16.4,18,0,0,10
14,3,2015,11,396203,8,8,17,16.8636363636364,18,0,0,22
14,3,2015,12,396204,5,8,16,16.1176470588235,14,0,0,17
14,3,2015,13,396205,4,3,14,14.3333333333333,14,0,0,12
14,3,2015,14,396206,6,7,13,12.7333333333333,14,0,0,15
14,3,2015,15,396207,8,10,15,15.3333333333333,12,0,0,21
14,3,2015,16,396208,6,5,14,13.5,12,0,0,20
14,3,2015,17,396209,7,6,15,14.9375,14,0,0,16
14,3,2015,18,396210,8,5,17,16.9285714285714,18,0,0,14
14,3,2015,19,396211,5,4,17.5,17.4285714285714,18,0,0,14
14,3,2015,20,396212,1,1,18,17.8571428571429,18,0,0,7
14,3,2015,21,396213,3,4,17,17.3333333333333,17,0,0,12
14,3,2015,22,396214,2,1,18,17.8,18,0,0,10
14,3,2015,23,396215,1,2,17,17.1818181818182,17,0,0,11
15,3,2015,0,396216,5,6,16,16.2857142857143,16,0,0,14
15,3,2015,1,396217,3,1,18,17.4444444444444,18,0,0,9
15,3,2015,2,396218,0,3,17,16.4166666666667,15,0,0,12
15,3,2015,3,396219,2,3,14,14.4444444444444,14,0,0,9
15,3,2015,4,396220,1,1,14,13.8888888888889,14,0,0,9
15,3,2015,5,396221,0,0,14,14,14,0,0,6
15,3,2015,6,396222,0,0,14,14,14,0,0,6
15,3,2015,7,396223,1,1,13.5,13.5,14,0,0,8
15,3,2015,8,396224,4,2,14,14,16,0,0,10
15,3,2015,9,396225,2,0,18,17.5714285714286,18,0,0,7
15,3,2015,10,396226,2,3,16,16.0833333333333,16,0,0,12
15,3,2015,11,396227,6,3,17,16.1818181818182,18,0,0,11
15,3,2015,12,396228,1,2,18,17.6363636363636,17,0,0,11
15,3,2015,13,396229,2,6,17,17,14,0,0,15
15,3,2015,14,396230,3,3,12,12,13,0,0,11
15,3,2015,15,396231,6,6,13,13,13,0,0,14
15,3,2015,16,396232,7,4,15,14.3125,16,0,0,16
15,3,2015,17,396233,1,5,17,16.9166666666667,14,0,0,12
15,3,2015,18,396234,4,2,15,14.9,16,0,0,10
15,3,2015,19,396235,6,3,17,16.9166666666667,18,0,0,12
15,3,2015,20,396236,1,2,17,17.1428571428571,17,0,0,7
15,3,2015,21,396237,1,0,17.5,17.5,18,0,0,6
15,3,2015,22,396238,2,2,18,17.5454545454545,18,0,0,11
15,3,2015,23,396239,0,0,18,18,18,0,0,6
16,3,2015,0,396240,0,0,18,18,18,0,0,6
16,3,2015,1,396241,0,0,18,18,18,0,0,6
16,3,2015,2,396242,0,0,18,18,18,0,0,7
16,3,2015,3,396243,0,0,18,18,18,0,0,6
16,3,2015,4,396244,0,0,18,18,18,0,0,6
16,3,2015,5,396245,0,0,18,18,18,0,0,6
16,3,2015,6,396246,1,1,17.5,17.5,18,0,0,8
16,3,2015,7,396247,5,4,17,17,18,0,0,14
16,3,2015,8,396248,14,16,15,14.5882352941176,15,0,0,34
16,3,2015,9,396249,12,13,16,16.1666666666667,16,0,0.0666666666666667,30
16,3,2015,10,396250,3,2,17,17.3636363636364,17,0,0,11
16,3,2015,11,396251,3,2,17,17.3,18,0,0,10
16,3,2015,12,396252,2,5,17,17.1538461538462,15,0,0,13
16,3,2015,13,396253,8,8,17,16.7727272727273,16,0,0,22
16,3,2015,14,396254,3,5,16,15.6153846153846,15,0,0,13
16,3,2015,15,396255,8,8,15.5,15.45,15,0,0.05,20
16,3,2015,16,396256,8,6,17,16.6,18,0,0,15
16,3,2015,17,396257,11,12,17,16.9,17,0,0.1,30
16,3,2015,18,396258,13,18,17,16.4545454545455,12,0,0.0909090909090909,33
16,3,2015,19,396259,12,5,18,17.32,19,0,0.48,25
16,3,2015,20,396260,4,4,18,18.3333333333333,18,0,0.466666666666667,15
16,3,2015,21,396261,4,5,18,17.7142857142857,18,0,0.214285714285714,14
16,3,2015,22,396262,3,5,18,17.9166666666667,16,0,0.333333333333333,12
16,3,2015,23,396263,3,3,17,17.1,17,0,0,10
17,3,2015,0,396264,0,0,16,16,16,0,0,6
17,3,2015,1,396265,1,0,15,15.1666666666667,16,0,0,6
17,3,2015,2,396266,0,0,16,16,16,0,0,7
17,3,2015,3,396267,0,0,16,16,16,0,0,6
17,3,2015,4,396268,0,0,16,16,16,0,0,6
17,3,2015,5,396269,0,2,14,14.4285714285714,14,0,0,7
17,3,2015,6,396270,1,3,12,12.4285714285714,12,0,0,7
17,3,2015,7,396271,12,9,13,12.8636363636364,15,0,0,22
17,3,2015,8,396272,13,11,16,16.52,16,0,0.16,25
17,3,2015,9,396273,5,9,14,14.0526315789474,13,0,0,19
17,3,2015,10,396274,6,1,16,16.6153846153846,19,0,0.153846153846154,13
17,3,2015,11,396275,3,4,18,18.0833333333333,18,0,0.333333333333333,12
17,3,2015,12,396276,5,5,18,17.625,18,0,0.125,16
17,3,2015,13,396277,7,7,18,17.7894736842105,19,0,0.368421052631579,19
17,3,2015,14,396278,4,5,18,18.2857142857143,17,0,0.428571428571429,14
17,3,2015,15,396279,10,11,15,14.9545454545455,17,0,0,22
17,3,2015,16,396280,15,13,15,14.8484848484848,19,0,0.121212121212121,33
17,3,2015,17,396281,17,24,13,13.9047619047619,11,0,0.0238095238095238,42
17,3,2015,18,396282,21,15,12,12.2553191489362,16,0,0,47
17,3,2015,19,396283,8,10,17,16.7857142857143,15,0,0,28
17,3,2015,20,396284,8,5,17,17.1666666666667,17,0,0,24
17,3,2015,21,396285,8,7,17,16.9130434782609,17,0,0,23
17,3,2015,22,396286,9,7,16.5,16.7272727272727,19,0,0.0909090909090909,22
17,3,2015,23,396287,8,8,17,17.2380952380952,18,0,0.142857142857143,21
18,3,2015,0,396288,0,5,15,14.7272727272727,13,0,0,11
18,3,2015,1,396289,2,0,13,13.7142857142857,15,0,0,7
18,3,2015,2,396290,0,1,15,14.625,14,0,0,8
18,3,2015,3,396291,1,1,14,13.625,14,0,0,8
18,3,2015,4,396292,0,0,14,14,14,0,0,6
18,3,2015,5,396293,1,0,14,14.1428571428571,15,0,0,7
18,3,2015,6,396294,3,2,16,16.3076923076923,16,0,0,13
18,3,2015,7,396295,15,14,16,16.2352941176471,16,0,0.0294117647058824,34
18,3,2015,8,396296,13,12,18,17.9642857142857,18,0,0.357142857142857,28
18,3,2015,9,396297,2,1,19,18.75,19,0,0.75,8
18,3,2015,10,396298,2,2,19,18.8571428571429,19,0,0.857142857142857,14
18,3,2015,11,396299,5,7,17,17.1875,17,0,0.125,16
18,3,2015,12,396300,9,9,18,17.3478260869565,18,0,0.217391304347826,23
18,3,2015,13,396301,1,3,19,18.5,17,0,0.666666666666667,12
18,3,2015,14,396302,4,2,18,18.2,19,0,0.4,10
18,3,2015,15,396303,2,2,19,18.7777777777778,19,0,0.777777777777778,9
18,3,2015,16,396304,6,5,17,17.2,19,0,0.266666666666667,15
18,3,2015,17,396305,15,15,18,17.7428571428571,18,0,0.285714285714286,35
18,3,2015,18,396306,16,15,15,15.4848484848485,19,0,0.212121212121212,33
18,3,2015,19,396307,9,9,18,18.2857142857143,19,0,0.392857142857143,28
18,3,2015,20,396308,6,6,18,18.4117647058824,18,0,0.470588235294118,17
18,3,2015,21,396309,3,3,19,18.6666666666667,19,0,0.666666666666667,12
18,3,2015,22,396310,1,2,19,18.8333333333333,18,0,0.833333333333333,12
18,3,2015,23,396311,1,1,19,18.7142857142857,18,0,0.714285714285714,7
19,3,2015,0,396312,3,2,18.5,18.3,19,0,0.5,10
19,3,2015,1,396313,0,0,19,19,19,0,1,13
19,3,2015,2,396314,0,0,19,19,19,0,1,7
19,3,2015,3,396315,0,0,19,19,19,0,1,6
19,3,2015,4,396316,0,2,19,18.4615384615385,17,0,0.538461538461538,13
19,3,2015,5,396317,1,0,17,17.1428571428571,18,0,0,7
19,3,2015,6,396318,1,2,19,18.7142857142857,18,0,0.714285714285714,7
19,3,2015,7,396319,7,6,17,16.9090909090909,19,0,0.272727272727273,22
19,3,2015,8,396320,12,11,18,17.9259259259259,19,0,0.333333333333333,27
19,3,2015,9,396321,3,3,19,18.5454545454545,19,0,0.545454545454545,11
19,3,2015,10,396322,2,2,19,18.8,19,0,0.8,10
19,3,2015,11,396323,7,10,17,16.5789473684211,16,0,0.105263157894737,19
19,3,2015,12,396324,7,3,18,17.8461538461538,19,0,0.461538461538462,13
19,3,2015,13,396325,6,6,18,17.875,19,0,0.3125,16
19,3,2015,14,396326,4,4,18,18.3846153846154,18,0,0.461538461538462,13
19,3,2015,15,396327,5,6,16,15.3846153846154,16,0,0,13
19,3,2015,16,396328,4,3,19,18.5714285714286,18,0,0.642857142857143,14
19,3,2015,17,396329,5,6,18.5,18.3181818181818,18,0,0.5,22
19,3,2015,18,396330,12,13,17,17.2352941176471,18,0,0.176470588235294,34
19,3,2015,19,396331,8,7,18,18,18,0,0.3,20
19,3,2015,20,396332,1,1,19,18.9090909090909,19,0,0.909090909090909,11
19,3,2015,21,396333,1,1,18.5,18.5,19,0,0.5,6
19,3,2015,22,396334,5,5,18,17.9411764705882,19,0,0.352941176470588,17
19,3,2015,23,396335,2,2,19,18.6666666666667,19,0,0.666666666666667,9
20,3,2015,0,396336,2,2,18,18.25,18,0,0.375,8
20,3,2015,1,396337,0,0,18,18,18,0,0,6
20,3,2015,2,396338,0,0,18,18,18,0,0,7
20,3,2015,3,396339,0,0,18,18,18,0,0,6
20,3,2015,4,396340,0,0,18,18,18,0,0,6
20,3,2015,5,396341,0,0,18,18,18,0,0,6
20,3,2015,6,396342,1,1,18,17.875,18,0,0,8
20,3,2015,7,396343,11,17,11,11.4827586206897,12,0,0,29
20,3,2015,8,396344,15,11,15,14.8235294117647,18,0,0,34
20,3,2015,9,396345,2,3,18,18.2727272727273,18,0,0.454545454545455,11
20,3,2015,10,396346,4,3,18,18.2142857142857,19,0,0.357142857142857,14
20,3,2015,11,396347,3,5,19,18.5333333333333,17,0,0.6,15
20,3,2015,12,396348,5,5,18.5,18.5,18,0,0.5,14
20,3,2015,13,396349,6,8,16,16.35,16,0,0,20
20,3,2015,14,396350,7,5,16,16.5,19,0,0.0625,16
20,3,2015,15,396351,2,9,16,15.4,12,0,0.0666666666666667,15
20,3,2015,16,396352,9,12,9,8.84848484848485,8,0,0,33
20,3,2015,17,396353,17,8,13.5,13.8,18,0,0.233333333333333,30
20,3,2015,18,396354,5,5,19,18.5416666666667,19,0,0.583333333333333,24
20,3,2015,19,396355,12,13,18,18,18,0,0.310344827586207,29
20,3,2015,20,396356,3,3,19,18.75,19,0,0.75,12
20,3,2015,21,396357,3,3,19,18,19,0,0.538461538461538,13
20,3,2015,22,396358,4,5,19,18.5333333333333,18,0,0.6,15
20,3,2015,23,396359,1,1,19,18.9090909090909,19,0,0.909090909090909,11
21,3,2015,0,396360,1,2,19,18.6666666666667,18,0,0.666666666666667,9
21,3,2015,1,396361,9,15,15,13.9310344827586,12,0,0,29
21,3,2015,2,396362,3,11,10,9.22727272727273,4,0,0,22
21,3,2015,3,396363,2,5,1,1.85714285714286,1,0.0714285714285714,0,14
21,3,2015,4,396364,0,0,1,1,1,0,0,6
21,3,2015,5,396365,0,0,1,1,1,0,0,6
21,3,2015,6,396366,1,0,1,1.28571428571429,2,0,0,7
21,3,2015,7,396367,0,0,2,2,2,0,0,6
21,3,2015,8,396368,1,1,1,1.375,1,0,0,8
21,3,2015,9,396369,4,1,2,2,4,0,0,11
21,3,2015,10,396370,7,3,6,5.84615384615385,8,0,0,13
21,3,2015,11,396371,10,2,9,10.4615384615385,16,0,0,13
21,3,2015,12,396372,5,6,18,17.7142857142857,16,0,0.357142857142857,14
21,3,2015,13,396373,5,5,17,17.4285714285714,17,0,0.214285714285714,14
21,3,2015,14,396374,3,1,16.5,16.375,18,0,0,8
21,3,2015,15,396375,4,4,18,17.8461538461538,18,0,0.153846153846154,13
21,3,2015,16,396376,2,1,19,18.6,19,0,0.6,10
21,3,2015,17,396377,4,5,18,17.9285714285714,18,0,0.357142857142857,14
21,3,2015,18,396378,9,10,18,17.6315789473684,18,0,0.210526315789474,19
21,3,2015,19,396379,6,8,19,17.8571428571429,17,0,0.571428571428571,14
21,3,2015,20,396380,3,1,17,17.4545454545455,19,0,0.181818181818182,11
21,3,2015,21,396381,6,8,18,17.8823529411765,17,0,0.411764705882353,17
21,3,2015,22,396382,4,4,18,18,17,0,0.416666666666667,12
21,3,2015,23,396383,6,4,18,18,18,0,0.428571428571429,14
22,3,2015,0,396384,1,1,16,16.375,17,0,0,8
22,3,2015,1,396385,3,3,18,18.1,18,0,0.3,10
22,3,2015,2,396386,2,7,18,17,13,0,0.25,16
22,3,2015,3,396387,0,5,10,9.72727272727273,7,0,0,11
22,3,2015,4,396388,0,0,7,7,7,0,0,6
22,3,2015,5,396389,3,1,7,7.11111111111111,8,0,0,9
22,3,2015,6,396390,0,0,8,8,8,0,0,6
22,3,2015,7,396391,3,2,8,7.88888888888889,9,0,0,9
22,3,2015,8,396392,1,0,10,9.83333333333333,10,0,0,6
22,3,2015,9,396393,1,1,11,10.5555555555556,10,0,0,9
22,3,2015,10,396394,4,4,11,11,10,0,0,12
22,3,2015,11,396395,3,7,7,7.15384615384615,6,0,0,13
22,3,2015,12,396396,1,4,4,3.88888888888889,3,0,0,9
22,3,2015,13,396397,5,4,4,4.16666666666667,5,0,0,12
22,3,2015,14,396398,5,2,7,6.76923076923077,8,0,0,13
22,3,2015,15,396399,4,7,7,7.2,5,0,0,15
22,3,2015,16,396400,5,5,5,4.76923076923077,5,0,0,13
22,3,2015,17,396401,3,5,5,4.4,3,0,0,10
22,3,2015,18,396402,9,6,7,6.6,7,0,0,20
22,3,2015,19,396403,6,1,8,8.88888888888889,12,0,0,9
22,3,2015,20,396404,7,2,14,14.2857142857143,16,0,0,14
22,3,2015,21,396405,1,3,15,15.1111111111111,14,0,0,9
22,3,2015,22,396406,0,1,13.5,13.5,13,0,0,6
22,3,2015,23,396407,3,2,13.5,13.625,14,0,0,8
23,3,2015,0,396408,2,0,15,15.25,16,0,0,8
23,3,2015,1,396409,0,0,16,16,16,0,0,6
23,3,2015,2,396410,0,0,16,16,16,0,0,7
23,3,2015,3,396411,0,0,16,16,16,0,0,6
23,3,2015,4,396412,0,0,16,16,16,0,0,6
23,3,2015,5,396413,1,1,16,16.375,16,0,0,8
23,3,2015,6,396414,2,0,16,16.4285714285714,18,0,0,7
23,3,2015,7,396415,8,14,16,15.52,12,0,0.12,25
23,3,2015,8,396416,16,11,16,15.9117647058824,18,0,0.117647058823529,34
23,3,2015,9,396417,1,6,18,16.9375,14,0,0.25,16
23,3,2015,10,396418,4,5,12,12.0833333333333,12,0,0,12
23,3,2015,11,396419,3,6,11,10.7692307692308,9,0,0,13
23,3,2015,12,396420,6,9,8,7.38888888888889,5,0,0,18
23,3,2015,13,396421,5,5,6,5.83333333333333,5,0,0,12
23,3,2015,14,396422,4,2,6.5,6.6,8,0,0,10
23,3,2015,15,396423,7,5,5,5.27272727272727,9,0,0,11
23,3,2015,16,396424,12,7,9,9.14285714285714,13,0,0,21
23,3,2015,17,396425,14,9,18,17.9666666666667,19,0,0.4,30
23,3,2015,18,396426,11,18,16,16.1142857142857,12,0,0.257142857142857,35
23,3,2015,19,396427,9,4,18,16.9375,18,0,0.3125,16
23,3,2015,20,396428,0,2,19,18.625,17,0,0.75,8
23,3,2015,21,396429,3,5,17,16.9230769230769,15,0,0.230769230769231,13
23,3,2015,22,396430,3,1,17.5,17.125,17,0,0,8
23,3,2015,23,396431,1,0,17.5,17.5,18,0,0,6
24,3,2015,0,396432,0,0,18,18,18,0,0,6
24,3,2015,1,396433,0,0,18,18,18,0,0,6
24,3,2015,2,396434,0,0,18,18,18,0,0,7
24,3,2015,3,396435,0,0,18,18,18,0,0,6
24,3,2015,4,396436,0,0,18,18,18,0,0,6
24,3,2015,5,396437,0,2,17,17.125,16,0,0,8
24,3,2015,6,396438,2,1,16,15.8888888888889,17,0,0,9
24,3,2015,7,396439,3,4,18,18.0625,16,0,0.375,16
24,3,2015,8,396440,11,10,19,18.5483870967742,18,0,0.612903225806452,31
24,3,2015,9,396441,0,1,19,18.875,18,0,0.875,8
24,3,2015,10,396442,3,2,18.5,18.3,19,0,0.5,10
24,3,2015,11,396443,4,7,18,17.1428571428571,16,0,0.285714285714286,14
24,3,2015,12,396444,7,6,16,16.1363636363636,16,0,0.0909090909090909,22
24,3,2015,13,396445,4,2,18,18,19,0,0.416666666666667,12
24,3,2015,14,396446,2,2,18.5,18.4,19,0,0.5,10
24,3,2015,15,396447,2,3,18,18,18,0,0.25,12
24,3,2015,16,396448,0,1,18,17.6666666666667,17,0,0,6
24,3,2015,17,396449,5,7,17,16.75,17,0,0.0625,16
24,3,2015,18,396450,5,7,17,17,15,0,0.125,16
24,3,2015,19,396451,6,2,17.5,17,19,0,0.166666666666667,12
24,3,2015,20,396452,4,4,19,18.5714285714286,19,0,0.571428571428571,14
24,3,2015,21,396453,2,3,18,18.4444444444444,18,0,0.444444444444444,9
24,3,2015,22,396454,1,1,19,18.6666666666667,19,0,0.666666666666667,9
24,3,2015,23,396455,0,0,19,19,19,0,1,7
25,3,2015,0,396456,2,2,18,18.1111111111111,19,0,0.333333333333333,9
25,3,2015,1,396457,0,0,19,19,19,0,1,6
25,3,2015,2,396458,0,0,19,19,19,0,1,7
25,3,2015,3,396459,0,0,19,19,19,0,1,6
25,3,2015,4,396460,0,0,19,19,19,0,1,6
25,3,2015,5,396461,0,0,19,19,19,0,1,6
25,3,2015,6,396462,0,0,19,19,19,0,1,6
25,3,2015,7,396463,4,4,19,18.6,19,0,0.6,15
25,3,2015,8,396464,8,7,19,18.4736842105263,19,0,0.578947368421053,19
25,3,2015,9,396465,7,7,16.5,16.5714285714286,19,0,0.214285714285714,14
25,3,2015,10,396466,3,5,18.5,18.2857142857143,17,0,0.5,14
25,3,2015,11,396467,6,6,16,15.5294117647059,18,0,0,17
25,3,2015,12,396468,6,6,17,16.9333333333333,18,0,0.0666666666666667,15
25,3,2015,13,396469,5,3,19,18.5384615384615,19,0,0.615384615384615,13
25,3,2015,14,396470,5,4,19,18.5714285714286,19,0,0.571428571428571,14
25,3,2015,15,396471,5,5,19,18.5333333333333,18,0,0.533333333333333,15
25,3,2015,16,396472,10,10,16,15.64,17,0,0,25
25,3,2015,17,396473,7,10,13,13.8461538461538,13,0,0,26
25,3,2015,18,396474,13,10,16,16.1071428571429,17,0,0.0357142857142857,28
25,3,2015,19,396475,6,5,18,18.3846153846154,19,0,0.461538461538462,13
25,3,2015,20,396476,1,7,17,16.0909090909091,13,0,0.363636363636364,11
25,3,2015,21,396477,6,5,16,16.0769230769231,15,0,0,13
25,3,2015,22,396478,6,4,17,16.6,16,0,0.1,10
25,3,2015,23,396479,2,3,18,17.7,16,0,0.2,10
26,3,2015,0,396480,1,3,14,14.4444444444444,14,0,0,9
26,3,2015,1,396481,0,0,14,14,14,0,0,6
26,3,2015,2,396482,0,0,14,14,14,0,0,8
26,3,2015,3,396483,0,0,14,14,14,0,0,6
26,3,2015,4,396484,0,1,14,13.8333333333333,13,0,0,6
26,3,2015,5,396485,1,0,13,13.1428571428571,14,0,0,7
26,3,2015,6,396486,6,3,14,13.9333333333333,17,0,0,15
26,3,2015,7,396487,8,7,17,17.2631578947368,18,0,0.210526315789474,19
26,3,2015,8,396488,7,9,18,18.2173913043478,17,0,0.434782608695652,23
26,3,2015,9,396489,5,5,18,17.8181818181818,17,0,0.363636363636364,11
26,3,2015,10,396490,3,5,18,17.9333333333333,16,0,0.4,15
26,3,2015,11,396491,1,6,14,14.5454545454545,12,0,0,11
26,3,2015,12,396492,5,3,12,11.6153846153846,14,0,0,13
26,3,2015,13,396493,3,1,17,16.7,17,0,0,10
26,3,2015,14,396494,1,1,18,17.8571428571429,18,0,0,7
26,3,2015,15,396495,4,7,15,14.6875,14,0,0,16
26,3,2015,16,396496,8,4,14,14.5,18,0,0,16
26,3,2015,17,396497,8,7,18,18.15,19,0,0.4,20
26,3,2015,18,396498,12,14,17,16.8620689655172,16,0,0.172413793103448,29
26,3,2015,19,396499,4,6,17.5,17.0555555555556,15,0,0.333333333333333,18
26,3,2015,20,396500,2,9,12,11.9090909090909,8,0,0,11
26,3,2015,21,396501,15,8,5,6.13636363636364,13,0,0,22
26,3,2015,22,396502,3,5,13,13.5,11,0,0,12
26,3,2015,23,396503,2,0,12.5,12.375,13,0,0,8
27,3,2015,0,396504,3,4,11.5,11.25,12,0,0,12
27,3,2015,1,396505,1,2,11,11,11,0,0,8
27,3,2015,2,396506,1,0,11,11.1428571428571,12,0,0,7
27,3,2015,3,396507,1,0,13,12.5714285714286,13,0,0,7
27,3,2015,4,396508,0,0,13,13,13,0,0,6
27,3,2015,5,396509,0,0,13,13,13,0,0,6
27,3,2015,6,396510,1,3,11.5,11.625,11,0,0,8
27,3,2015,7,396511,8,7,11,11.375,12,0,0,16
27,3,2015,8,396512,14,9,13.5,14.5,19,0,0.166666666666667,24
27,3,2015,9,396513,1,1,19,18.8571428571429,19,0,0.857142857142857,7
27,3,2015,10,396514,1,5,18,17.7857142857143,15,0,0.357142857142857,14
27,3,2015,11,396515,10,8,17,17.0416666666667,18,0,0.0416666666666667,24
27,3,2015,12,396516,3,5,18,18.2142857142857,16,0,0.428571428571429,14
27,3,2015,13,396517,4,14,15,13.4285714285714,8,0,0.0952380952380952,21
27,3,2015,14,396518,10,4,13,12.6315789473684,15,0,0,19
27,3,2015,15,396519,4,8,13,12.5238095238095,11,0,0,21
27,3,2015,16,396520,11,9,13,13.0952380952381,13,0,0,21
27,3,2015,17,396521,10,11,12,12,13,0,0,24
27,3,2015,18,396522,14,9,17,16.5833333333333,19,0,0.166666666666667,24
27,3,2015,19,396523,7,10,18,17.4,16,0,0.35,20
27,3,2015,20,396524,10,8,18,17.7272727272727,19,0,0.272727272727273,22
27,3,2015,21,396525,0,0,19,19,19,0,1,7
27,3,2015,22,396526,5,5,18,17.9285714285714,19,0,0.428571428571429,14
27,3,2015,23,396527,3,3,19,18.5555555555556,19,0,0.555555555555556,9
28,3,2015,0,396528,0,7,16,15.9090909090909,12,0,0.181818181818182,11
28,3,2015,1,396529,8,9,15,15,13,0,0,24
28,3,2015,2,396530,1,6,10,10.3333333333333,8,0,0,15
28,3,2015,3,396531,1,4,6,5.93333333333333,4,0,0,15
28,3,2015,4,396532,2,0,5.5,5.125,6,0,0,8
28,3,2015,5,396533,0,0,7,7,7,0,0,6
28,3,2015,6,396534,2,0,8,7.71428571428571,9,0,0,7
28,3,2015,7,396535,1,3,10.5,10,8,0,0,8
28,3,2015,8,396536,0,1,8,7.85714285714286,7,0,0,7
28,3,2015,9,396537,7,3,10,9.72727272727273,11,0,0,11
28,3,2015,10,396538,7,3,11,11.8181818181818,15,0,0,11
28,3,2015,11,396539,4,6,13.5,13.5625,13,0,0,16
28,3,2015,12,396540,9,6,16,16.1428571428571,16,0,0,14
28,3,2015,13,396541,6,5,17,17.4615384615385,18,0,0.153846153846154,13
28,3,2015,14,396542,6,6,18,18.4117647058824,19,0,0.470588235294118,17
28,3,2015,15,396543,6,8,17,16.75,17,0,0.0625,16
28,3,2015,16,396544,4,9,15,15.1052631578947,13,0,0,19
28,3,2015,17,396545,9,4,16,16.375,19,0,0.25,16
28,3,2015,18,396546,5,4,18,18.3333333333333,19,0,0.416666666666667,12
28,3,2015,19,396547,10,11,16,15.9130434782609,18,0,0.0434782608695652,23
28,3,2015,20,396548,3,2,18.5,18.125,19,0,0.5,8
28,3,2015,21,396549,5,5,18,17.8823529411765,19,0,0.352941176470588,17
28,3,2015,22,396550,1,1,19,18.7777777777778,19,0,0.777777777777778,9
28,3,2015,23,396551,3,2,18,18.4444444444444,19,0,0.444444444444444,9
29,3,2015,0,396552,2,5,17,17.0833333333333,16,0,0.166666666666667,12
29,3,2015,2,396553,5,5,17,17.4166666666667,16,0,0.25,12
29,3,2015,3,396554,6,6,17,17,18,0,0.1,20
29,3,2015,4,396555,0,3,17,16.5,15,0,0,8
29,3,2015,5,396556,1,1,15,14.7142857142857,15,0,0,7
29,3,2015,6,396557,2,0,15.5,15.6666666666667,17,0,0,6
29,3,2015,7,396558,1,3,17,16.5555555555556,15,0,0,9
29,3,2015,8,396559,1,0,15.5,15.5,16,0,0,6
29,3,2015,9,396560,3,1,18,17.4444444444444,18,0,0.222222222222222,9
29,3,2015,10,396561,1,0,19,18.6666666666667,19,0,0.666666666666667,6
29,3,2015,11,396562,7,8,18,18,18,0,0.35,20
29,3,2015,12,396563,1,1,19,18.8571428571429,19,0,0.857142857142857,7
29,3,2015,13,396564,2,3,19,18.4444444444444,18,0,0.555555555555556,9
29,3,2015,14,396565,3,5,16,16.6,16,0,0,15
29,3,2015,15,396566,4,2,18,18,18,0,0.461538461538462,13
29,3,2015,16,396567,4,5,16,16.3846153846154,16,0,0,13
29,3,2015,17,396568,1,2,16,15.7777777777778,15,0,0,9
29,3,2015,18,396569,3,5,17,16.4615384615385,14,0,0,13
29,3,2015,19,396570,4,2,17,16.9,17,0,0.1,10
29,3,2015,20,396571,0,2,17,16.2857142857143,15,0,0,7
29,3,2015,21,396572,5,1,17,17.0909090909091,19,0,0.272727272727273,11
29,3,2015,22,396573,0,0,19,19,19,0,1,6
29,3,2015,23,396574,1,0,18,18.25,19,0,0.25,8
30,3,2015,0,396575,0,2,18,17.6666666666667,17,0,0.111111111111111,9
30,3,2015,1,396576,1,0,18,17.8333333333333,18,0,0,6
30,3,2015,2,396577,0,0,18,18,18,0,0,7
30,3,2015,3,396578,0,0,18,18,18,0,0,6
30,3,2015,4,396579,1,1,18,17.625,18,0,0,8
30,3,2015,5,396580,0,1,18,17.875,17,0,0,8
30,3,2015,6,396581,3,3,17,16.6666666666667,17,0,0,9
30,3,2015,7,396582,6,10,16,15.3888888888889,13,0,0,18
30,3,2015,8,396583,13,12,14,13.4827586206897,15,0,0,29
30,3,2015,9,396584,6,4,16,16.4,17,0,0.0666666666666667,15
30,3,2015,10,396585,4,7,17,16.8,15,0,0.133333333333333,15
30,3,2015,11,396586,2,8,13,12.3125,8,0,0,16
30,3,2015,12,396587,4,2,9,8.78571428571429,11,0,0,14
30,3,2015,13,396588,10,2,17,16.0666666666667,19,0,0.2,15
30,3,2015,14,396589,2,3,19,18.7272727272727,18,0,0.727272727272727,11
30,3,2015,15,396590,4,11,15,15,11,0,0,19
30,3,2015,16,396591,5,8,9,9.15,9,0,0,20
30,3,2015,17,396592,15,9,14,13.96,15,0,0,25
30,3,2015,18,396593,14,13,14,14.7241379310345,14,0,0.0689655172413793,29
30,3,2015,19,396594,8,4,18,17.4,19,0,0.4,15
30,3,2015,20,396595,7,9,18,17.3157894736842,17,0,0.263157894736842,19
30,3,2015,21,396596,4,5,18,18.4,17,0,0.466666666666667,15
30,3,2015,22,396597,4,2,17,17.4545454545455,19,0,0.272727272727273,11
30,3,2015,23,396598,0,1,19,18.5714285714286,18,0,0.571428571428571,7
31,3,2015,0,396599,1,6,15,15.2307692307692,13,0,0,13
31,3,2015,1,396600,1,3,11,11.5555555555556,11,0,0,9
31,3,2015,2,396601,0,1,11,10.625,10,0,0,8
31,3,2015,3,396602,0,0,10,10,10,0,0,6
31,3,2015,4,396603,1,0,11,10.8333333333333,11,0,0,6
31,3,2015,5,396604,0,0,11,11,11,0,0,6
31,3,2015,6,396605,3,4,9,9.61538461538461,10,0,0,13
31,3,2015,7,396606,7,8,11,10.5789473684211,10,0,0,19
31,3,2015,8,396607,19,15,17,16.3888888888889,16,0,0.0833333333333333,36
31,3,2015,9,396608,3,1,19,18.4545454545455,19,0,0.545454545454545,11
31,3,2015,10,396609,1,3,18,18.1111111111111,17,0,0.333333333333333,9
31,3,2015,11,396610,2,7,14,14.0666666666667,11,0,0,15
31,3,2015,12,396611,5,3,12,11.9090909090909,14,0,0,11
31,3,2015,13,396612,7,1,16,15.8181818181818,19,0,0.0909090909090909,11
31,3,2015,14,396613,2,7,17,16.8,14,0,0.133333333333333,15
31,3,2015,15,396614,8,4,15,15.5,18,0,0,14
31,3,2015,16,396615,9,9,19,18.5,19,0,0.576923076923077,26
31,3,2015,17,396616,10,10,18,17.4444444444444,19,0,0.296296296296296,27
31,3,2015,18,396617,11,13,14.5,14.8571428571429,16,0,0.0357142857142857,28
31,3,2015,19,396618,11,11,18,18.2,18,0,0.44,25
31,3,2015,20,396619,7,9,17,17,17,0,0.08,25
31,3,2015,21,396620,6,4,18,17.5833333333333,19,0,0.416666666666667,12
31,3,2015,22,396621,4,4,18,18.2727272727273,18,0,0.363636363636364,11
31,3,2015,23,396622,4,4,19,18.4615384615385,19,0,0.615384615384615,13
1,4,2015,0,396623,1,1,19,18.7777777777778,19,0,0.777777777777778,9
1,4,2015,1,396624,0,2,19,18.2857142857143,17,0,0.571428571428571,7
1,4,2015,2,396625,0,0,17,17,17,0,0,6
1,4,2015,3,396626,0,0,17,17,17,0,0,6
1,4,2015,4,396627,0,0,17,17,17,0,0,6
1,4,2015,5,396628,0,0,17,17,17,0,0,6
1,4,2015,6,396629,0,4,17,16,13,0,0,9
1,4,2015,7,396630,10,6,15,15.3529411764706,18,0,0,17
1,4,2015,8,396631,12,12,18,18.3333333333333,19,0,0.472222222222222,36
1,4,2015,9,396632,1,1,19,18.8571428571429,19,0,0.857142857142857,7
1,4,2015,10,396633,1,2,19,18.7272727272727,18,0,0.727272727272727,11
1,4,2015,11,396634,4,4,18,18.3571428571429,18,0,0.428571428571429,14
1,4,2015,12,396635,5,5,18.5,18.15,19,0,0.5,20
1,4,2015,13,396636,4,4,19,18.6428571428571,19,0,0.642857142857143,14
1,4,2015,14,396637,1,3,19,18.3333333333333,17,0,0.555555555555556,9
1,4,2015,15,396638,5,8,15,15.2777777777778,15,0,0,18
1,4,2015,16,396639,7,8,17,16.4583333333333,14,0,0.0833333333333333,24
1,4,2015,17,396640,10,7,16,16.2692307692308,16,0,0.269230769230769,26
1,4,2015,18,396641,10,7,18,17.9565217391304,18,0,0.391304347826087,23
1,4,2015,19,396642,7,12,16,16.36,13,0,0.04,25
1,4,2015,20,396643,12,7,12,11.8947368421053,16,0,0,19
1,4,2015,21,396644,9,6,18,17.6666666666667,19,0,0.266666666666667,15
1,4,2015,22,396645,3,3,19,18.5833333333333,19,0,0.583333333333333,12
1,4,2015,23,396646,1,1,19,18.9,19,0,0.9,10
2,4,2015,0,396647,0,2,19,18.2857142857143,17,0,0.571428571428571,7
2,4,2015,1,396648,0,0,17,17,17,0,0,6
2,4,2015,2,396649,0,0,17,17,17,0,0,7
2,4,2015,3,396650,0,0,17,17,17,0,0,6
2,4,2015,4,396651,0,1,17,16.7142857142857,16,0,0,7
2,4,2015,5,396652,0,0,17,17,17,0,0,6
2,4,2015,6,396653,1,1,18,17.75,18,0,0,8
2,4,2015,7,396654,8,10,15,15.4761904761905,16,0,0.0952380952380952,21
2,4,2015,8,396655,12,11,12,12.2258064516129,16,0,0,31
2,4,2015,9,396656,4,2,18,18.2222222222222,19,0,0.444444444444444,9
2,4,2015,10,396657,2,3,19,18.5454545454545,18,0,0.545454545454545,11
2,4,2015,11,396658,2,7,14,14.2727272727273,13,0,0,11
2,4,2015,12,396659,3,1,14,14.6666666666667,16,0,0,9
2,4,2015,13,396660,4,4,15.5,15.3571428571429,16,0,0,14
2,4,2015,14,396661,1,1,17,16.6666666666667,16,0,0,12
2,4,2015,15,396662,6,3,17,16.9230769230769,18,0,0.153846153846154,13
2,4,2015,16,396663,4,12,15,14.4210526315789,11,0,0.157894736842105,19
2,4,2015,17,396664,11,6,15,14.6315789473684,17,0,0,19
2,4,2015,18,396665,8,10,18,17.4347826086957,16,0,0.130434782608696,23
2,4,2015,19,396666,6,4,18,18.1764705882353,19,0,0.411764705882353,17
2,4,2015,20,396667,4,4,19,18.4615384615385,18,0,0.538461538461538,13
2,4,2015,21,396668,2,3,19,18.3333333333333,17,0,0.555555555555556,9
2,4,2015,22,396669,4,18,10,9.33333333333333,2,0,0,24
2,4,2015,23,396670,4,5,3,3,2,0,0,14
3,4,2015,0,396671,7,2,6,5.58333333333333,8,0,0,12
3,4,2015,1,396672,1,3,6,6.54545454545455,6,0,0,11
3,4,2015,2,396673,0,0,7,7,7,0,0,8
3,4,2015,3,396674,0,0,7,7,7,0,0,6
3,4,2015,4,396675,0,0,7,7,7,0,0,6
3,4,2015,5,396676,0,0,7,7,7,0,0,6
3,4,2015,6,396677,1,2,6,5.88888888888889,6,0,0,9
3,4,2015,7,396678,4,4,7,6.63636363636364,7,0,0,11
3,4,2015,8,396679,17,7,10,11.5806451612903,19,0,0.0967741935483871,31
3,4,2015,9,396680,5,7,18,17.6875,17,0,0.3125,16
3,4,2015,10,396681,4,2,19,18.5,19,0,0.625,8
3,4,2015,11,396682,4,5,18,18.2307692307692,17,0,0.384615384615385,13
3,4,2015,12,396683,5,4,18,18.1538461538462,19,0,0.461538461538462,13
3,4,2015,13,396684,0,3,18,17.4444444444444,16,0,0.222222222222222,9
3,4,2015,14,396685,4,4,16,16.1666666666667,16,0,0,12
3,4,2015,15,396686,6,4,17,17.1538461538462,17,0,0.153846153846154,13
3,4,2015,16,396687,7,6,17,16.7647058823529,18,0,0,17
3,4,2015,17,396688,4,5,17,17.4615384615385,17,0,0.0769230769230769,13
3,4,2015,18,396689,7,9,14,13.5294117647059,14,0,0,17
3,4,2015,19,396690,6,2,18,17.4285714285714,19,0,0.428571428571429,14
3,4,2015,20,396691,1,1,19,18.8571428571429,19,0,0.857142857142857,7
3,4,2015,21,396692,2,2,18.5,18.3,19,0,0.5,10
3,4,2015,22,396693,2,3,18,18.25,18,0,0.375,8
3,4,2015,23,396694,4,3,19,18.4166666666667,19,0,0.583333333333333,12
4,4,2015,0,396695,1,2,19,18.625,18,0,0.625,8
4,4,2015,1,396696,3,5,17,16.8333333333333,16,0,0,12
4,4,2015,2,396697,1,2,16,15.8333333333333,15,0,0,12
4,4,2015,3,396698,1,4,12,12.3333333333333,11,0,0,9
4,4,2015,4,396699,3,2,13,13.375,13,0,0,8
4,4,2015,5,396700,0,1,12,12.1666666666667,12,0,0,6
4,4,2015,6,396701,0,0,12,12,12,0,0,6
4,4,2015,7,396702,1,1,12.5,12.5,12,0,0,8
4,4,2015,8,396703,0,1,11,11.2857142857143,11,0,0,7
4,4,2015,9,396704,3,3,13,12.6363636363636,11,0,0,11
4,4,2015,10,396705,4,5,11,11.1818181818182,10,0,0,11
4,4,2015,11,396706,5,4,12,11.4615384615385,11,0,0,13
4,4,2015,12,396707,4,2,13,13,14,0,0,9
4,4,2015,13,396708,2,4,12,12.75,12,0,0,12
4,4,2015,14,396709,10,7,14,14.3125,15,0,0,16
4,4,2015,15,396710,6,6,18,17.3157894736842,16,0,0.105263157894737,19
4,4,2015,16,396711,4,3,16,16.1,17,0,0,10
4,4,2015,17,396712,6,5,16.5,16.5,18,0,0,14
4,4,2015,18,396713,2,1,17,17.2857142857143,18,0,0,7
4,4,2015,19,396714,3,3,18,17.5555555555556,17,0,0.111111111111111,9
4,4,2015,20,396715,3,1,18,18.1818181818182,19,0,0.363636363636364,11
4,4,2015,21,396716,3,6,17.5,17.1666666666667,16,0,0.25,12
4,4,2015,22,396717,4,1,18,18,19,0,0.333333333333333,9
4,4,2015,23,396718,0,0,19,19,19,0,1,7
5,4,2015,0,396719,1,1,19,18.875,19,0,0.875,8
5,4,2015,1,396720,1,0,19,18.7142857142857,19,0,0.714285714285714,7
5,4,2015,2,396721,0,8,17,15.9375,11,0,0.125,16
5,4,2015,3,396722,0,6,7,7.30769230769231,5,0,0,13
5,4,2015,4,396723,2,0,6,5.85714285714286,7,0,0,7
5,4,2015,5,396724,0,0,7,7,7,0,0,6
5,4,2015,6,396725,0,0,7,7,7,0,0,6
5,4,2015,7,396726,0,0,7,7,7,0,0,6
5,4,2015,8,396727,1,2,7,6.375,6,0,0,8
5,4,2015,9,396728,0,3,3,3.88888888888889,3,0,0,9
5,4,2015,10,396729,1,2,2,2,2,0,0,10
5,4,2015,11,396730,1,1,1,1.14285714285714,1,0,0,7
5,4,2015,12,396731,6,2,5,4.23076923076923,5,0,0,13
5,4,2015,13,396732,4,3,8.5,8.5,7,0,0,10
5,4,2015,14,396733,5,4,8,7.84615384615385,8,0,0,13
5,4,2015,15,396734,6,8,7,6.9375,6,0,0,16
5,4,2015,16,396735,10,3,9,9.58333333333333,14,0,0,12
5,4,2015,17,396736,5,3,14.5,14.5833333333333,16,0,0,12
5,4,2015,18,396737,6,5,17.5,17.25,18,0,0.25,16
5,4,2015,19,396738,2,6,15,15.6363636363636,14,0,0,11
5,4,2015,20,396739,3,3,11,11.1818181818182,13,0,0,11
5,4,2015,21,396740,3,5,10.5,10.5,11,0,0,12
5,4,2015,22,396741,2,2,12,11.6666666666667,11,0,0,9
5,4,2015,23,396742,4,4,11.5,11.8333333333333,11,0,0,12
6,4,2015,0,396743,2,0,11.5,11.8333333333333,13,0,0,6
6,4,2015,1,396744,1,0,14,13.7142857142857,14,0,0,7
6,4,2015,2,396745,2,5,15,14.5882352941176,11,0,0,17
6,4,2015,3,396746,0,0,11,11,11,0,0,6
6,4,2015,4,396747,0,0,11,11,11,0,0,6
6,4,2015,5,396748,0,0,11,11,11,0,0,6
6,4,2015,6,396749,0,2,10,9.85714285714286,9,0,0,7
6,4,2015,7,396750,4,0,10.5,10.75,13,0,0,8
6,4,2015,8,396751,2,1,13,13,13,0,0,7
6,4,2015,9,396752,6,2,12.5,13.0833333333333,15,0,0,12
6,4,2015,10,396753,2,3,15,14.9,14,0,0,10
6,4,2015,11,396754,7,4,16.5,16.2857142857143,17,0,0.0714285714285714,14
6,4,2015,12,396755,5,5,16,16.4210526315789,17,0,0,19
6,4,2015,13,396756,5,4,18,18.2142857142857,18,0,0.357142857142857,14
6,4,2015,14,396757,9,7,18,17.9411764705882,19,0,0.411764705882353,17
6,4,2015,15,396758,2,2,19,18.75,19,0,0.75,8
6,4,2015,16,396759,3,3,18,18.2,18,0,0.4,10
6,4,2015,17,396760,5,5,19,18.5294117647059,19,0,0.588235294117647,17
6,4,2015,18,396761,3,8,17,16.5625,13,0,0.1875,16
6,4,2015,19,396762,1,5,11,11.3333333333333,9,0,0,9
6,4,2015,20,396763,5,2,11,11.2727272727273,13,0,0,11
6,4,2015,21,396764,7,4,17,16.7857142857143,17,0,0.0714285714285714,14
6,4,2015,22,396765,2,1,18,18.3333333333333,19,0,0.333333333333333,9
6,4,2015,23,396766,0,0,19,19,19,0,1,7
7,4,2015,0,396767,0,1,18.5,18.5,18,0,0.5,8
7,4,2015,1,396768,1,0,19,18.6666666666667,19,0,0.666666666666667,6
7,4,2015,2,396769,0,0,19,19,19,0,1,7
7,4,2015,3,396770,0,0,19,19,19,0,1,6
7,4,2015,4,396771,0,0,19,19,19,0,1,6
7,4,2015,5,396772,0,1,19,18.5714285714286,18,0,0.571428571428571,7
7,4,2015,6,396773,2,3,17,17.2,17,0,0,10
7,4,2015,7,396774,9,9,17,17.2307692307692,17,0,0.230769230769231,26
7,4,2015,8,396775,14,16,11,12.4871794871795,15,0,0,39
7,4,2015,9,396776,3,5,17,16.7272727272727,14,0,0,11
7,4,2015,10,396777,6,3,17,17,17,0,0,14
7,4,2015,11,396778,10,10,18,18.15,18,0,0.35,20
7,4,2015,12,396779,6,5,18,18.0909090909091,19,0,0.318181818181818,22
7,4,2015,13,396780,3,7,17,16.8421052631579,15,0,0.0526315789473684,19
7,4,2015,14,396781,4,3,17,16.9230769230769,17,0,0,13
7,4,2015,15,396782,8,6,18,17.6315789473684,18,0,0.210526315789474,19
7,4,2015,16,396783,6,7,18,18.1666666666667,16,0,0.444444444444444,18
7,4,2015,17,396784,13,11,18,17.7058823529412,19,0,0.205882352941176,34
7,4,2015,18,396785,14,18,16,16.1578947368421,14,0,0.105263157894737,38
7,4,2015,19,396786,18,13,16.5,16.0882352941176,18,0,0.117647058823529,34
7,4,2015,20,396787,6,5,18,18,19,0,0.384615384615385,13
7,4,2015,21,396788,5,6,18,18.2941176470588,18,0,0.411764705882353,17
7,4,2015,22,396789,4,3,18.5,18.4166666666667,19,0,0.5,12
7,4,2015,23,396790,3,3,19,18.7692307692308,19,0,0.769230769230769,13
8,4,2015,0,396791,2,2,17.5,17.7,18,0,0.2,10
8,4,2015,1,396792,0,0,18,18,18,0,0,9
8,4,2015,2,396793,0,0,18,18,18,0,0,7
8,4,2015,3,396794,0,0,18,18,18,0,0,6
8,4,2015,4,396795,0,1,17.5,17.5,17,0,0,8
8,4,2015,5,396796,0,0,17,17,17,0,0,6
8,4,2015,6,396797,2,1,17.5,17.5,18,0,0,8
8,4,2015,7,396798,10,11,15,14.64,17,0,0,25
8,4,2015,8,396799,14,15,16,15.7741935483871,17,0,0.032258064516129,31
8,4,2015,9,396800,7,8,17,16.2941176470588,17,0,0,17
8,4,2015,10,396801,3,3,18,17.5,18,0,0,14
8,4,2015,11,396802,8,8,16.5,16.125,17,0,0,16
8,4,2015,12,396803,4,2,17,17,18,0,0,13
8,4,2015,13,396804,4,3,18.5,18.3571428571429,19,0,0.5,14
8,4,2015,14,396805,5,4,18,17.9230769230769,19,0,0.307692307692308,13
8,4,2015,15,396806,2,9,14,14.2857142857143,12,0,0.0714285714285714,14
8,4,2015,16,396807,7,10,8,7.85,8,0,0,20
8,4,2015,17,396808,11,7,12,11.6,13,0,0,20
8,4,2015,18,396809,15,12,16,15.5483870967742,16,0,0.0967741935483871,31
8,4,2015,19,396810,7,7,19,18.44,19,0,0.52,25
8,4,2015,20,396811,4,4,19,18.6428571428571,19,0,0.642857142857143,14
8,4,2015,21,396812,4,4,18,17.9285714285714,19,0,0.428571428571429,14
8,4,2015,22,396813,9,10,18,17.7391304347826,18,0,0.260869565217391,23
8,4,2015,23,396814,1,1,19,18.75,19,0,0.75,8
9,4,2015,0,396815,0,1,19,18.875,18,0,0.875,8
9,4,2015,1,396816,1,0,19,18.7142857142857,19,0,0.714285714285714,7
9,4,2015,2,396817,0,1,19,18.7142857142857,18,0,0.714285714285714,7
9,4,2015,3,396818,0,0,18,18,18,0,0,6
9,4,2015,4,396819,0,0,18,18,18,0,0,6
9,4,2015,5,396820,1,1,18,17.6666666666667,18,0,0,9
9,4,2015,6,396821,0,2,17,17,16,0,0,8
9,4,2015,7,396822,10,7,17,17.0454545454545,19,0,0.136363636363636,22
9,4,2015,8,396823,13,17,15,15.3636363636364,14,0,0.0303030303030303,33
9,4,2015,9,396824,9,4,19,18,19,0,0.571428571428571,28
9,4,2015,10,396825,5,5,19,18.6111111111111,19,0,0.722222222222222,18
9,4,2015,11,396826,5,4,17,17.125,19,0,0.0625,16
9,4,2015,12,396827,5,9,14,14.2941176470588,15,0,0.0588235294117647,17
9,4,2015,13,396828,6,5,14.5,14.5,15,0,0,14
9,4,2015,14,396829,6,3,18,17.8571428571429,18,0,0.357142857142857,14
9,4,2015,15,396830,11,12,16,15.5416666666667,18,0,0.0833333333333333,24
9,4,2015,16,396831,8,8,18,18,19,0,0.368421052631579,19
9,4,2015,17,396832,5,6,17.5,17.5,18,0,0.375,16
9,4,2015,18,396833,10,10,19,18.3846153846154,19,0,0.576923076923077,26
9,4,2015,19,396834,8,8,18,18.1818181818182,19,0,0.454545454545455,22
9,4,2015,20,396835,6,8,18,17.1764705882353,17,0,0.176470588235294,17
9,4,2015,21,396836,6,4,18,18.0769230769231,19,0,0.307692307692308,13
9,4,2015,22,396837,6,5,18,17.9166666666667,19,0,0.333333333333333,12
9,4,2015,23,396838,3,4,18,18.3,18,0,0.4,10
10,4,2015,0,396839,3,9,16,16.1176470588235,13,0,0.117647058823529,17
10,4,2015,1,396840,0,0,14,14,14,0,0,6
10,4,2015,2,396841,0,0,14,14,14,0,0,9
10,4,2015,3,396842,0,3,14,13.3333333333333,11,0,0,9
10,4,2015,4,396843,1,0,9,9.14285714285714,10,0,0,7
10,4,2015,5,396844,0,1,9,8.66666666666667,8,0,0,6
10,4,2015,6,396845,2,2,8.5,8.8,8,0,0,10
10,4,2015,7,396846,11,7,10,9.63157894736842,12,0,0,19
10,4,2015,8,396847,20,13,15,14.8421052631579,19,0,0.105263157894737,38
10,4,2015,9,396848,2,4,17,17.125,17,0,0.25,8
10,4,2015,10,396849,4,2,18.5,18.3,19,0,0.5,10
10,4,2015,11,396850,5,11,11,12.3636363636364,12,0,0,22
10,4,2015,12,396851,11,4,16,15.1904761904762,19,0,0.0952380952380952,21
10,4,2015,13,396852,7,8,18,18.1052631578947,18,0,0.421052631578947,19
10,4,2015,14,396853,2,4,19,18.5,17,0,0.583333333333333,12
10,4,2015,15,396854,11,8,18,17.3333333333333,19,0,0.285714285714286,21
10,4,2015,16,396855,7,9,18,18.2222222222222,17,0,0.444444444444444,18
10,4,2015,17,396856,10,10,18,17.7142857142857,16,0,0.19047619047619,21
10,4,2015,18,396857,17,15,16,16.2285714285714,19,0,0.0571428571428571,35
10,4,2015,19,396858,10,12,15,15.5,17,0,0.09375,32
10,4,2015,20,396859,8,7,17,17.2,18,0,0.15,20
10,4,2015,21,396860,4,2,19,18.3636363636364,19,0,0.545454545454545,11
10,4,2015,22,396861,3,2,18,18.2857142857143,19,0,0.428571428571429,14
10,4,2015,23,396862,6,6,18,18,19,0,0.375,16
11,4,2015,0,396863,2,4,18,17.8888888888889,17,0,0.333333333333333,9
11,4,2015,1,396864,6,5,18,18.047619047619,19,0,0.380952380952381,21
11,4,2015,2,396865,3,9,16,15.3333333333333,12,0,0.0555555555555556,18
11,4,2015,3,396866,1,7,10,9.93333333333333,6,0,0,15
11,4,2015,4,396867,1,2,5,5.125,5,0,0,8
11,4,2015,5,396868,1,1,6,5.57142857142857,5,0,0,7
11,4,2015,6,396869,1,2,5,5,4,0,0,7
11,4,2015,7,396870,1,2,3,3,2,0,0,10
11,4,2015,8,396871,3,2,2,2.55555555555556,3,0,0,9
11,4,2015,9,396872,5,5,4,3.52941176470588,4,0,0,17
11,4,2015,10,396873,6,2,6,5.5,7,0,0,12
11,4,2015,11,396874,9,2,8.5,9.27777777777778,14,0,0,18
11,4,2015,12,396875,6,10,14,13.2222222222222,11,0,0,18
11,4,2015,13,396876,5,5,11,11.2727272727273,11,0,0,11
11,4,2015,14,396877,8,10,10,10.0526315789474,8,0,0,19
11,4,2015,15,396878,7,6,8,8.22222222222222,9,0,0,18
11,4,2015,16,396879,5,2,11,10.9090909090909,13,0,0,11
11,4,2015,17,396880,11,10,15,15.5909090909091,15,0,0.0454545454545455,22
11,4,2015,18,396881,14,13,13,13.7037037037037,15,0,0,27
11,4,2015,19,396882,8,3,18,17.3571428571429,19,0,0.285714285714286,14
11,4,2015,20,396883,2,2,18,18.1111111111111,18,0,0.333333333333333,9
11,4,2015,21,396884,3,4,18,17.8461538461538,17,0,0.153846153846154,13
11,4,2015,22,396885,6,4,18,18,19,0,0.384615384615385,13
11,4,2015,23,396886,1,0,19,18.5555555555556,19,0,0.555555555555556,9
12,4,2015,0,396887,3,3,19,18.4545454545455,19,0,0.636363636363636,11
12,4,2015,1,396888,3,11,17,16.4,11,0,0.24,25
12,4,2015,2,396889,7,10,14,13.9166666666667,8,0,0,24
12,4,2015,3,396890,2,4,7,6.88888888888889,5,0,0,9
12,4,2015,4,396891,1,4,6,4.88888888888889,2,0,0,9
12,4,2015,5,396892,0,0,2,2,2,0,0,6
12,4,2015,6,396893,1,2,3,3.22222222222222,2,0,0,9
12,4,2015,7,396894,2,2,4,3.66666666666667,3,0,0,9
12,4,2015,8,396895,4,1,5,4.41666666666667,6,0,0,12
12,4,2015,9,396896,5,7,6,6,4,0,0,15
12,4,2015,10,396897,8,3,6.5,7.35714285714286,9,0,0,14
12,4,2015,11,396898,10,9,4,5,9,0,0,24
12,4,2015,12,396899,6,9,7,6.6875,5,0,0,16
12,4,2015,13,396900,4,7,3.5,3.91666666666667,3,0,0,12
12,4,2015,14,396901,6,5,4,3.53333333333333,5,0,0,15
12,4,2015,15,396902,4,2,4,4.125,6,0,0,8
12,4,2015,16,396903,13,8,7,7.78947368421053,11,0,0,19
12,4,2015,17,396904,7,9,8,8.73684210526316,10,0,0,19
12,4,2015,18,396905,6,8,9.5,9.4,9,0,0,20
12,4,2015,19,396906,10,8,12,11.65,12,0,0,20
12,4,2015,20,396907,3,4,14,13.3636363636364,11,0,0,11
12,4,2015,21,396908,9,1,16.5,15.9166666666667,19,0,0.25,12
12,4,2015,22,396909,1,0,19,18.8571428571429,19,0,0.857142857142857,7
12,4,2015,23,396910,1,1,19,18.8571428571429,19,0,0.857142857142857,7
13,4,2015,0,396911,0,0,19,19,19,0,1,6
13,4,2015,1,396912,0,0,19,19,19,0,1,6
13,4,2015,2,396913,0,1,18,18.1428571428571,18,0,0.142857142857143,7
13,4,2015,3,396914,0,1,16,16.25,16,0,0,8
13,4,2015,4,396915,1,0,17,16.8571428571429,17,0,0,7
13,4,2015,5,396916,1,1,18,17.5714285714286,17,0,0,7
13,4,2015,6,396917,3,4,16,16,16,0,0,11
13,4,2015,7,396918,11,12,15,15,14,0,0,24
13,4,2015,8,396919,19,13,16,16.46875,19,0,0.09375,32
13,4,2015,9,396920,4,4,19,18.5,19,0,0.611111111111111,18
13,4,2015,10,396921,4,10,13,14.1428571428571,13,0,0.142857142857143,21
13,4,2015,11,396922,3,13,7,7,3,0,0,18
13,4,2015,12,396923,4,7,1,1.42857142857143,1,0.214285714285714,0,14
13,4,2015,13,396924,9,4,5,5.13333333333333,7,0,0,15
13,4,2015,14,396925,7,9,5,5.45,4,0,0,20
13,4,2015,15,396926,7,8,2,2.5,3,0,0,18
13,4,2015,16,396927,5,7,3,2.8125,0,0.125,0,16
13,4,2015,17,396928,19,9,7,6.43333333333333,11,0,0,30
13,4,2015,18,396929,13,11,10,10.2222222222222,11,0,0,27
13,4,2015,19,396930,14,13,11,10.90625,13,0,0,32
13,4,2015,20,396931,8,8,12.5,12.5625,14,0,0,16
13,4,2015,21,396932,7,3,16,15.5833333333333,17,0,0.0833333333333333,12
13,4,2015,22,396933,3,4,17,17,15,0,0.142857142857143,14
13,4,2015,23,396934,3,2,17,16.9,17,0,0,10
14,4,2015,0,396935,1,0,17,17.4444444444444,18,0,0,9
14,4,2015,1,396936,1,0,18,18.375,19,0,0.375,8
14,4,2015,2,396937,0,0,19,19,19,0,1,7
14,4,2015,3,396938,0,0,19,19,19,0,1,8
14,4,2015,4,396939,0,0,19,19,19,0,1,6
14,4,2015,5,396940,0,0,19,19,19,0,1,6
14,4,2015,6,396941,0,7,16,15.8888888888889,12,0,0.222222222222222,9
14,4,2015,7,396942,14,9,14.5,14.5416666666667,18,0,0,24
14,4,2015,8,396943,8,6,18,18.3181818181818,18,0,0.454545454545455,22
14,4,2015,9,396944,4,4,18.5,18.3,19,0,0.5,10
14,4,2015,10,396945,4,7,18.5,18.375,16,0,0.5,16
14,4,2015,11,396946,10,7,16,15.952380952381,19,0,0.0952380952380952,21
14,4,2015,12,396947,5,5,18,17.7692307692308,19,0,0.230769230769231,13
14,4,2015,13,396948,7,8,18,17.7647058823529,18,0,0.294117647058824,17
14,4,2015,14,396949,4,4,18,18.3333333333333,19,0,0.416666666666667,12
14,4,2015,15,396950,7,7,18,17.3333333333333,18,0,0.111111111111111,18
14,4,2015,16,396951,5,5,17.5,17.3333333333333,18,0,0.166666666666667,12
14,4,2015,17,396952,16,18,16.5,16.5,16,0,0.0588235294117647,34
14,4,2015,18,396953,13,11,17,16.8928571428571,18,0,0.142857142857143,28
14,4,2015,19,396954,12,10,17,17.1538461538462,19,0,0.192307692307692,26
14,4,2015,20,396955,6,7,17,16.7647058823529,17,0,0,17
14,4,2015,21,396956,6,13,15.5,14.6363636363636,11,0,0.0454545454545455,22
14,4,2015,22,396957,10,10,10.5,10.2727272727273,11,0,0,22
14,4,2015,23,396958,6,12,11.5,10.5454545454545,5,0,0,22
15,4,2015,0,396959,1,5,3,2.5,1,0.0833333333333333,0,12
15,4,2015,1,396960,1,0,2,1.83333333333333,2,0,0,6
15,4,2015,2,396961,0,0,2,2,2,0,0,8
15,4,2015,3,396962,0,0,2,2,2,0,0,9
15,4,2015,4,396963,0,0,2,2,2,0,0,6
15,4,2015,5,396964,0,0,2,2,2,0,0,6
15,4,2015,6,396965,3,3,1,1.25,2,0.125,0,8
15,4,2015,7,396966,9,9,3,3,3,0,0,24
15,4,2015,8,396967,20,11,9,8.38888888888889,12,0,0,36
15,4,2015,9,396968,8,3,15.5,15.05,17,0,0,20
15,4,2015,10,396969,2,1,17,17,18,0,0,9
15,4,2015,11,396970,5,5,18,17.9411764705882,18,0,0.176470588235294,17
15,4,2015,12,396971,7,7,18,18.2173913043478,17,0,0.434782608695652,23
15,4,2015,13,396972,6,7,18,18.4117647058824,18,0,0.470588235294118,17
15,4,2015,14,396973,6,9,16,15.7368421052632,15,0,0,19
15,4,2015,15,396974,10,7,18,17.44,19,0,0.16,25
15,4,2015,16,396975,10,19,15,14.8214285714286,10,0,0.142857142857143,28
15,4,2015,17,396976,16,7,13,12.8,18,0,0,30
15,4,2015,18,396977,13,15,16,15.9354838709677,16,0,0,31
15,4,2015,19,396978,12,12,17,17,17,0,0.12,25
15,4,2015,20,396979,6,6,18.5,18.4375,18,0,0.5,16
15,4,2015,21,396980,7,7,19,18.2777777777778,19,0,0.555555555555556,18
15,4,2015,22,396981,10,11,18,17.52,18,0,0.2,25
15,4,2015,23,396982,2,10,17,16.1666666666667,11,0,0.222222222222222,18
16,4,2015,0,396983,3,3,13,12.7,12,0,0,10
16,4,2015,1,396984,2,3,11,11.4,11,0,0,10
16,4,2015,2,396985,0,2,9,9.33333333333333,9,0,0,9
16,4,2015,3,396986,0,2,7,7.625,7,0,0,8
16,4,2015,4,396987,0,0,7,7,7,0,0,6
16,4,2015,5,396988,0,0,7,7,7,0,0,6
16,4,2015,6,396989,4,1,9,8.55555555555556,10,0,0,9
16,4,2015,7,396990,10,13,6.5,6.25,6,0,0,24
16,4,2015,8,396991,19,19,6,6.64102564102564,6,0,0,39
16,4,2015,9,396992,10,9,7,6.04761904761905,7,0,0,21
16,4,2015,10,396993,6,9,8,7.57142857142857,4,0,0,21
16,4,2015,11,396994,5,4,2.5,2.6875,5,0,0,16
16,4,2015,12,396995,3,5,3,3.08333333333333,2,0,0,12
16,4,2015,13,396996,9,7,7.5,6.95,5,0,0,20
16,4,2015,14,396997,4,2,6,6.27272727272727,8,0,0,11
16,4,2015,15,396998,7,7,5,5,7,0,0,17
16,4,2015,16,396999,5,6,6,5.78947368421053,5,0,0,19
16,4,2015,17,397000,13,9,12,11.7391304347826,10,0,0,23
16,4,2015,18,397001,20,10,11.5,12.8846153846154,19,0,0.115384615384615,26
16,4,2015,19,397002,8,11,17,17.0833333333333,15,0,0.0416666666666667,24
16,4,2015,20,397003,12,8,14,13.6818181818182,18,0,0,22
16,4,2015,21,397004,11,11,18,17.75,17,0,0.25,24
16,4,2015,22,397005,11,13,16.5,16.8333333333333,14,0,0.166666666666667,24
16,4,2015,23,397006,8,8,15,15.2941176470588,15,0,0,17
17,4,2015,0,397007,6,3,17,16.6153846153846,18,0,0.153846153846154,13
17,4,2015,1,397008,2,4,17.5,17.6666666666667,16,0,0.25,12
17,4,2015,2,397009,2,2,16,16.3333333333333,16,0,0,9
17,4,2015,3,397010,0,0,16,16,16,0,0,6
17,4,2015,4,397011,0,0,16,16,16,0,0,6
17,4,2015,5,397012,0,0,16,16,16,0,0,6
17,4,2015,6,397013,4,4,16,15.5454545454545,16,0,0,11
17,4,2015,7,397014,10,12,14,13.4666666666667,14,0,0,30
17,4,2015,8,397015,0,1,14.5,14.5,14,0,0,2
18,4,2015,3,397034,0,4,9.5,10.2,8,0,0,10
18,4,2015,4,397035,2,5,6,5.54545454545455,4,0,0,11
18,4,2015,5,397036,0,0,4,4,4,0,0,6
18,4,2015,6,397037,1,2,4,3.66666666666667,3,0,0,9
18,4,2015,7,397038,3,1,5,5,5,0,0,10
18,4,2015,8,397039,2,3,3,2.54545454545455,2,0,0,11
18,4,2015,9,397040,3,2,2,2,3,0,0,8
18,4,2015,10,397041,6,7,3,3.66666666666667,2,0,0,15
18,4,2015,11,397042,6,5,2,2.36363636363636,4,0,0,11
18,4,2015,12,397043,9,10,5,5.26086956521739,4,0,0,23
18,4,2015,13,397044,5,6,7,6.64285714285714,4,0,0,14
18,4,2015,14,397045,7,7,3,3.06666666666667,3,0,0,15
18,4,2015,15,397046,6,5,2.5,2.625,2,0,0,16
18,4,2015,16,397047,8,9,2,2.52631578947368,1,0,0,19
18,4,2015,17,397048,8,3,2,2.52941176470588,7,0,0,17
18,4,2015,18,397049,19,11,8,8.7,14,0,0,30
18,4,2015,19,397050,4,4,14,14.1538461538462,15,0,0,13
18,4,2015,20,397051,7,4,16,16.1875,19,0,0.25,16
18,4,2015,21,397052,3,4,19,18.5833333333333,18,0,0.583333333333333,12
18,4,2015,22,397053,4,2,19,18.5454545454545,19,0,0.636363636363636,11
18,4,2015,23,397054,3,4,18,17.9333333333333,18,0,0.2,15
19,4,2015,0,397055,2,3,18,17.5,17,0,0,10
19,4,2015,1,397056,2,1,18,17.7272727272727,18,0,0,11
19,4,2015,2,397057,2,2,18,17.6363636363636,18,0,0,11
19,4,2015,3,397058,1,3,18,17.5,16,0,0,8
19,4,2015,4,397059,1,0,17,16.7142857142857,17,0,0,7
19,4,2015,5,397060,0,0,18,18,18,0,0,6
19,4,2015,6,397061,0,1,17,17.375,17,0,0,8
19,4,2015,7,397062,1,0,16,16.2857142857143,17,0,0,7
19,4,2015,8,397063,3,3,17,16.4444444444444,17,0,0,9
19,4,2015,9,397064,0,4,14.5,15.1,13,0,0,10
19,4,2015,10,397065,4,4,12,12,12,0,0,12
19,4,2015,11,397066,2,10,8,8.7,5,0,0,20
19,4,2015,12,397067,5,5,3,3.21428571428571,5,0,0,14
19,4,2015,13,397068,5,8,4,3.73684210526316,2,0,0,19
19,4,2015,14,397069,1,2,1,0.714285714285714,1,0.428571428571429,0,7
19,4,2015,15,397070,3,5,1,1.18181818181818,0,0.272727272727273,0,11
19,4,2015,16,397071,5,5,1,1.07142857142857,0,0.357142857142857,0,14
19,4,2015,17,397072,13,5,5,5.17647058823529,9,0,0,17
19,4,2015,18,397073,6,2,12,11.3571428571429,12,0,0,14
19,4,2015,19,397074,9,10,10.5,10.6818181818182,11,0,0,22
19,4,2015,20,397075,2,5,9,8.78571428571429,8,0,0,14
19,4,2015,21,397076,3,5,8,8.13333333333333,7,0,0,15
19,4,2015,22,397077,9,2,8,8.33333333333333,13,0,0,15
19,4,2015,23,397078,5,3,15,14.8461538461538,15,0,0,13
20,4,2015,0,397079,1,3,14,14.1,13,0,0,10
20,4,2015,1,397080,1,1,14,13.75,14,0,0,8
20,4,2015,2,397081,0,0,14,14,14,0,0,7
20,4,2015,3,397082,0,1,14,13.6666666666667,13,0,0,6
20,4,2015,4,397083,2,0,15,14.5,15,0,0,6
20,4,2015,5,397084,0,2,14,14,13,0,0,8
20,4,2015,6,397085,2,1,13,12.875,14,0,0,8
20,4,2015,7,397086,6,11,12.5,12.2692307692308,9,0,0,26
20,4,2015,8,397087,11,19,3,3.78125,2,0,0,32
20,4,2015,9,397088,6,4,4,3.23529411764706,4,0,0,17
20,4,2015,10,397089,3,5,2.5,2.71428571428571,1,0,0,14
20,4,2015,11,397090,7,4,1,1.8,4,0.0666666666666667,0,15
20,4,2015,12,397091,8,12,4,3.77777777777778,1,0,0,27
20,4,2015,13,397092,7,7,1,1.1875,1,0.3125,0,16
20,4,2015,14,397093,5,0,3,3.41666666666667,6,0,0,12
20,4,2015,15,397094,10,1,10.5,11,15,0,0,16
20,4,2015,16,397095,4,8,15,15.5,13,0,0,20
20,4,2015,17,397096,14,17,14,13.4878048780488,11,0,0,41
20,4,2015,18,397097,13,17,7,7.3030303030303,8,0,0,33
20,4,2015,19,397098,17,8,10,11.4137931034483,16,0,0,29
20,4,2015,20,397099,5,3,17,16.7142857142857,17,0,0,14
20,4,2015,21,397100,2,2,18,17.75,18,0,0,8
20,4,2015,22,397101,6,7,17,17.0555555555556,17,0,0,18
20,4,2015,23,397102,0,6,16,15.75,12,0,0,8
21,4,2015,0,397103,3,2,14,14.2222222222222,14,0,0,9
21,4,2015,1,397104,0,2,13,13,12,0,0,8
21,4,2015,2,397105,0,1,11.5,11.5,11,0,0,8
21,4,2015,3,397106,0,0,11,11,11,0,0,6
21,4,2015,4,397107,0,0,11,11,11,0,0,5
21,4,2015,5,397108,0,1,11,10.5714285714286,10,0,0,7
21,4,2015,6,397109,2,5,9.5,9.25,7,0,0,12
21,4,2015,7,397110,12,8,13,11.8,12,0,0,20
21,4,2015,8,397111,16,18,15,15.1034482758621,11,0,0.0344827586206897,29
21,4,2015,9,397112,6,1,16,15.1428571428571,17,0,0,14
21,4,2015,10,397113,5,5,18,17.8888888888889,18,0,0.333333333333333,18
21,4,2015,11,397114,6,4,18,18.2,19,0,0.4,15
21,4,2015,12,397115,6,9,18,17.7058823529412,16,0,0.235294117647059,17
21,4,2015,13,397116,8,9,14,13.8421052631579,16,0,0,19
21,4,2015,14,397117,5,6,13.5,13.6666666666667,14,0,0,12
21,4,2015,15,397118,5,7,12,11.5,12,0,0,16
21,4,2015,16,397119,6,9,12,11.55,10,0,0,20
21,4,2015,17,397120,13,12,12,11.3448275862069,10,0,0,29
21,4,2015,18,397121,14,14,10,10.15625,9,0,0,32
21,4,2015,19,397122,16,7,16,15.16,19,0,0.2,25
21,4,2015,20,397123,3,3,19,18.5,19,0,0.6,10
21,4,2015,21,397124,5,7,16,16,17,0,0.153846153846154,13
21,4,2015,22,397125,8,11,15,15.8571428571429,15,0,0.142857142857143,21
21,4,2015,23,397126,4,3,18,17.9166666666667,17,0,0.333333333333333,12
22,4,2015,0,397127,2,0,17,17.5714285714286,19,0,0.285714285714286,7
22,4,2015,1,397128,0,0,19,19,19,0,1,6
22,4,2015,2,397129,0,0,19,19,19,0,1,7
22,4,2015,3,397130,0,0,19,19,19,0,1,6
22,4,2015,4,397131,0,0,19,19,19,0,1,6
22,4,2015,5,397132,0,0,19,19,19,0,1,6
22,4,2015,6,397133,0,2,18.5,18.125,17,0,0.5,8
22,4,2015,7,397134,8,12,14,14.3181818181818,13,0,0,22
22,4,2015,8,397135,11,8,18,17.0689655172414,17,0,0.206896551724138,29
22,4,2015,9,397136,2,2,19,18.5714285714286,18,0,0.571428571428571,7
22,4,2015,10,397137,2,4,18.5,18.3,17,0,0.5,10
22,4,2015,11,397138,9,14,13,13.0434782608696,11,0,0,23
22,4,2015,12,397139,12,4,16,15.4210526315789,18,0,0.0526315789473684,19
22,4,2015,13,397140,3,8,15,15.5,14,0,0.0625,16
22,4,2015,14,397141,10,5,17,16.0625,18,0,0,16
22,4,2015,15,397142,5,8,18,17.5333333333333,16,0,0.2,15
22,4,2015,16,397143,8,5,18,17.6666666666667,19,0,0.222222222222222,18
22,4,2015,17,397144,6,9,18,17.5,16,0,0.1875,16
22,4,2015,18,397145,8,12,17,16.7916666666667,14,0,0.125,24
22,4,2015,19,397146,10,6,16,16.4761904761905,19,0,0.0952380952380952,21
22,4,2015,20,397147,6,7,18,18.35,18,0,0.45,20
22,4,2015,21,397148,5,5,18,18.2,17,0,0.4,15
22,4,2015,22,397149,5,5,19,18.5238095238095,18,0,0.523809523809524,21
22,4,2015,23,397150,5,6,18,17.5714285714286,16,0,0.357142857142857,14
23,4,2015,0,397151,1,3,13,13.4,13,0,0,10
23,4,2015,1,397152,0,0,13,13,13,0,0,6
23,4,2015,2,397153,0,0,13,13,13,0,0,8
23,4,2015,3,397154,0,0,13,13,13,0,0,6
23,4,2015,4,397155,0,0,13,13,13,0,0,6
23,4,2015,5,397156,0,1,13,12.75,12,0,0,8
23,4,2015,6,397157,0,1,12,12.4285714285714,12,0,0,7
23,4,2015,7,397158,9,8,12,12.0952380952381,13,0,0,21
23,4,2015,8,397159,16,13,15,14.8571428571429,17,0,0,28
23,4,2015,9,397160,6,9,18,17.5789473684211,15,0,0.315789473684211,19
23,4,2015,10,397161,5,4,15,15.0714285714286,15,0,0,14
23,4,2015,11,397162,8,6,14,14.6666666666667,17,0,0,15
23,4,2015,12,397163,4,3,18,17.9285714285714,19,0,0.285714285714286,14
23,4,2015,13,397164,1,1,19,18.875,19,0,0.875,8
23,4,2015,14,397165,3,3,18.5,18.4285714285714,18,0,0.5,14
23,4,2015,15,397166,3,11,13,13.4705882352941,11,0,0.0588235294117647,17
23,4,2015,16,397167,11,9,10,10.2608695652174,12,0,0,23
23,4,2015,17,397168,10,11,16,15.962962962963,13,0,0.037037037037037,27
23,4,2015,18,397169,14,11,15,15.2307692307692,17,0,0,26
23,4,2015,19,397170,5,4,19,18.6470588235294,19,0,0.647058823529412,17
23,4,2015,20,397171,5,6,18,18.25,18,0,0.45,20
23,4,2015,21,397172,5,5,18,18.3333333333333,18,0,0.4,15
23,4,2015,22,397173,6,5,18,17.8888888888889,19,0,0.388888888888889,18
23,4,2015,23,397174,5,4,18,18.2307692307692,19,0,0.384615384615385,13
24,4,2015,0,397175,4,4,18,18,19,0,0.4,10
24,4,2015,1,397176,0,0,19,19,19,0,1,6
24,4,2015,2,397177,0,0,18,18,18,0,0,10
24,4,2015,3,397178,0,1,18,17.8571428571429,17,0,0,7
24,4,2015,4,397179,0,0,17,17,17,0,0,6
24,4,2015,5,397180,0,1,17,16.6666666666667,16,0,0,6
24,4,2015,6,397181,1,2,15,15,15,0,0,8
24,4,2015,7,397182,10,8,14,14.45,16,0,0,20
24,4,2015,8,397183,18,17,15,14.9142857142857,17,0,0,35
24,4,2015,9,397184,7,6,18,17.2631578947368,18,0,0.157894736842105,19
24,4,2015,10,397185,7,7,16,15.6842105263158,18,0,0,19
24,4,2015,11,397186,3,2,19,18.6,19,0,0.6,10
24,4,2015,12,397187,5,5,19,18.6,19,0,0.6,15
24,4,2015,13,397188,6,7,18,18,18,0,0.263157894736842,19
24,4,2015,14,397189,4,7,16,16.2857142857143,15,0,0.0714285714285714,14
24,4,2015,15,397190,6,8,12,12.6315789473684,13,0,0,19
24,4,2015,16,397191,8,5,12,12.8823529411765,16,0,0,17
24,4,2015,17,397192,8,6,18,17.7777777777778,18,0,0.222222222222222,18
24,4,2015,18,397193,4,5,18,18.3125,17,0,0.4375,16
24,4,2015,19,397194,8,5,18,18.0625,19,0,0.375,16
24,4,2015,20,397195,5,5,19,18.3846153846154,19,0,0.538461538461538,13
24,4,2015,21,397196,1,1,19,18.8888888888889,19,0,0.888888888888889,9
24,4,2015,22,397197,1,1,19,18.875,19,0,0.875,8
24,4,2015,23,397198,3,2,18,18.4444444444444,19,0,0.444444444444444,9
25,4,2015,0,397199,3,7,16,16.1875,15,0,0.0625,16
25,4,2015,1,397200,2,3,15,15.5,15,0,0,10
25,4,2015,2,397201,3,4,17,17,15,0,0,16
25,4,2015,3,397202,2,6,13,13.2142857142857,11,0,0,14
25,4,2015,4,397203,1,0,10.5,10.5,11,0,0,6
25,4,2015,5,397204,0,2,11,10.1428571428571,9,0,0,7
25,4,2015,6,397205,2,1,9,9.11111111111111,10,0,0,9
25,4,2015,7,397206,1,0,11,10.7142857142857,11,0,0,7
25,4,2015,8,397207,2,2,11,11.375,11,0,0,8
25,4,2015,9,397208,2,7,8,8.27272727272727,6,0,0,11
25,4,2015,10,397209,4,6,4,3.70588235294118,3,0,0,17
25,4,2015,11,397210,6,4,5,4.66666666666667,6,0,0,15
25,4,2015,12,397211,11,5,11,10.3333333333333,13,0,0,15
25,4,2015,13,397212,8,5,15,14.875,15,0,0,16
25,4,2015,14,397213,6,1,17,16.4545454545455,19,0,0.0909090909090909,11
25,4,2015,15,397214,5,6,18,17.7692307692308,18,0,0.307692307692308,13
25,4,2015,16,397215,2,6,18,17.1666666666667,14,0,0.166666666666667,12
25,4,2015,17,397216,8,5,15.5,15.3125,16,0,0,16
25,4,2015,18,397217,4,4,18,18.2727272727273,17,0,0.454545454545455,11
25,4,2015,19,397218,3,2,19,18.6666666666667,19,0,0.666666666666667,9
25,4,2015,20,397219,2,6,17,17,15,0,0.210526315789474,19
25,4,2015,21,397220,2,2,16,16.2,15,0,0,10
25,4,2015,22,397221,6,2,18,17.5714285714286,19,0,0.285714285714286,14
25,4,2015,23,397222,3,3,18,17.6363636363636,18,0,0,11
26,4,2015,0,397223,6,5,17,17.1538461538462,18,0,0,13
26,4,2015,1,397224,5,11,12,12.9444444444444,12,0,0,18
26,4,2015,2,397225,3,12,4,5.38095238095238,2,0,0,21
26,4,2015,3,397226,4,6,2,1.94444444444444,0,0.166666666666667,0,18
26,4,2015,4,397227,0,0,0,0,0,1,0,6
26,4,2015,5,397228,1,0,0,0.142857142857143,1,0.857142857142857,0,7
26,4,2015,6,397229,1,0,2,2.16666666666667,3,0,0,6
26,4,2015,7,397230,3,2,3,3.3,4,0,0,10
26,4,2015,8,397231,1,0,4.5,4.5,5,0,0,6
26,4,2015,9,397232,4,3,6,6,6,0,0,11
26,4,2015,10,397233,4,1,7.5,7.5,9,0,0,8
26,4,2015,11,397234,0,5,7,6.88888888888889,4,0,0,9
26,4,2015,12,397235,5,1,7,6.4,8,0,0,10
26,4,2015,13,397236,0,4,8,6.88888888888889,4,0,0,9
26,4,2015,14,397237,1,1,4,4.375,4,0,0,8
26,4,2015,15,397238,0,3,4,3.375,1,0,0,8
26,4,2015,16,397239,0,0,1,1,1,0,0,6
26,4,2015,17,397240,1,1,0,0.285714285714286,1,0.714285714285714,0,7
26,4,2015,18,397241,2,1,3,2.875,4,0,0,8
26,4,2015,19,397242,4,0,7.5,7.375,9,0,0,8
26,4,2015,20,397243,3,5,7,7,7,0,0,11
26,4,2015,21,397244,1,4,8,7.83333333333333,6,0,0,12
26,4,2015,22,397245,3,2,6,6,6,0,0,9
26,4,2015,23,397246,2,0,7.5,7.125,8,0,0,8
27,4,2015,0,397247,2,0,7.5,7.75,9,0,0,8
27,4,2015,1,397248,0,1,9,8.83333333333333,8,0,0,6
27,4,2015,2,397249,0,0,8,8,8,0,0,7
27,4,2015,3,397250,0,0,8,8,8,0,0,6
27,4,2015,4,397251,0,0,8,8,8,0,0,6
27,4,2015,5,397252,0,0,9,9,9,0,0,6
27,4,2015,6,397253,0,1,9,8.875,8,0,0,8
27,4,2015,7,397254,13,9,9,9.30769230769231,13,0,0,26
27,4,2015,8,397255,14,21,11,10.2777777777778,5,0,0,36
27,4,2015,9,397256,6,3,8,8,9,0,0,21
27,4,2015,10,397257,4,1,13,12.4,13,0,0,10
27,4,2015,11,397258,4,5,13,12.5333333333333,13,0,0,15
27,4,2015,12,397259,6,2,14,14.6923076923077,17,0,0,13
27,4,2015,13,397260,6,11,14,14.6666666666667,12,0,0.125,24
27,4,2015,14,397261,6,5,11,11.2352941176471,12,0,0,17
27,4,2015,15,397262,5,4,13,12.5833333333333,14,0,0,12
27,4,2015,16,397263,8,6,18,17.4782608695652,17,0,0.173913043478261,23
27,4,2015,17,397264,9,15,14,13.962962962963,11,0,0,27
27,4,2015,18,397265,18,16,6,7.34375,12,0,0,32
27,4,2015,19,397266,8,9,9,9.33333333333333,9,0,0,18
27,4,2015,20,397267,7,2,12.5,12.5833333333333,16,0,0,12
27,4,2015,21,397268,6,3,17.5,17.3571428571429,19,0,0.214285714285714,14
27,4,2015,22,397269,0,1,18,18.3333333333333,18,0,0.333333333333333,6
27,4,2015,23,397270,1,4,18,17.3636363636364,16,0,0.272727272727273,11
28,4,2015,0,397271,1,2,14,14.1,14,0,0,10
28,4,2015,1,397272,2,0,15,15,16,0,0,8
28,4,2015,2,397273,0,1,16,15.5555555555556,15,0,0,9
28,4,2015,3,397274,0,0,15,15,15,0,0,6
28,4,2015,4,397275,2,2,15,14.625,15,0,0,8
28,4,2015,5,397276,0,0,15,15,15,0,0,6
28,4,2015,6,397277,1,5,14,13.3333333333333,11,0,0,12
28,4,2015,7,397278,8,5,14,13.5294117647059,15,0,0,17
28,4,2015,8,397279,16,11,17,16.5,19,0,0.214285714285714,28
28,4,2015,9,397280,2,2,18.5,18.5,18,0,0.5,10
28,4,2015,10,397281,1,1,19,18.6666666666667,19,0,0.666666666666667,6
28,4,2015,11,397282,4,5,18,18.1333333333333,18,0,0.4,15
28,4,2015,12,397283,3,2,18,18.25,19,0,0.375,8
28,4,2015,13,397284,5,10,15,15.7222222222222,14,0,0.111111111111111,18
28,4,2015,14,397285,6,2,18,17.1666666666667,19,0,0.25,12
28,4,2015,15,397286,6,12,18,17.3809523809524,13,0,0.285714285714286,21
28,4,2015,16,397287,7,7,13,12.7826086956522,14,0,0,23
28,4,2015,17,397288,17,13,16,15.6774193548387,19,0,0.032258064516129,31
28,4,2015,18,397289,13,16,17,16.8666666666667,16,0,0.1,30
28,4,2015,19,397290,11,7,18.5,18.2083333333333,19,0,0.5,24
28,4,2015,20,397291,3,3,19,18.6428571428571,18,0,0.642857142857143,14
28,4,2015,21,397292,3,5,17,17.4,17,0,0.2,15
28,4,2015,22,397293,2,1,18,18,19,0,0.2,10
28,4,2015,23,397294,5,5,18,18.2857142857143,19,0,0.428571428571429,14
29,4,2015,0,397295,2,2,19,18.5714285714286,19,0,0.642857142857143,14
29,4,2015,1,397296,0,0,19,19,19,0,1,6
29,4,2015,2,397297,0,0,19,19,19,0,1,7
29,4,2015,3,397298,0,0,19,19,19,0,1,6
29,4,2015,4,397299,0,0,19,19,19,0,1,6
29,4,2015,5,397300,1,1,19,18.8333333333333,19,0,0.833333333333333,6
29,4,2015,6,397301,3,5,18,17.8333333333333,17,0,0.333333333333333,12
29,4,2015,7,397302,6,10,15,14.4545454545455,12,0,0,22
29,4,2015,8,397303,14,9,18,17.72,19,0,0.4,25
29,4,2015,9,397304,3,4,18.5,18.4,18,0,0.5,10
29,4,2015,10,397305,4,3,18,17.9,19,0,0.2,10
29,4,2015,11,397306,5,5,18.5,18.4166666666667,19,0,0.5,12
29,4,2015,12,397307,4,3,19,18.6153846153846,19,0,0.615384615384615,13
29,4,2015,13,397308,3,4,18,17.5555555555556,18,0,0.111111111111111,9
29,4,2015,14,397309,3,4,16,16.25,17,0,0,12
29,4,2015,15,397310,3,3,19,18.5454545454545,18,0,0.545454545454545,11
29,4,2015,16,397311,4,4,18,17.5833333333333,18,0,0.0833333333333333,12
29,4,2015,17,397312,7,7,18,17.8888888888889,17,0,0.388888888888889,18
29,4,2015,18,397313,12,11,18,17.88,19,0,0.36,25
29,4,2015,19,397314,7,7,18,18.35,19,0,0.45,20
29,4,2015,20,397315,7,11,18,17.84,15,0,0.32,25
29,4,2015,21,397316,4,2,14,14.3333333333333,16,0,0,9
29,4,2015,22,397317,3,1,18,17.75,18,0,0.375,8
29,4,2015,23,397318,6,6,18,18.1176470588235,19,0,0.352941176470588,17
30,4,2015,0,397319,1,1,19,18.625,19,0,0.625,8
30,4,2015,1,397320,0,0,19,19,19,0,1,6
30,4,2015,2,397321,0,0,19,19,19,0,1,9
30,4,2015,3,397322,0,0,19,19,19,0,1,6
30,4,2015,4,397323,0,0,19,19,19,0,1,6
30,4,2015,5,397324,0,0,19,19,19,0,1,6
30,4,2015,6,397325,0,0,19,19,19,0,1,6
30,4,2015,7,397326,1,1,19,18.8333333333333,19,0,0.833333333333333,6
30,4,2015,8,397327,3,3,18.5,18.4,19,0,0.5,10
30,4,2015,9,397328,0,0,19,19,19,0,1,6
30,4,2015,10,397329,0,1,18,18.4285714285714,18,0,0.428571428571429,7
30,4,2015,11,397330,2,1,18,18.4285714285714,19,0,0.428571428571429,7
30,4,2015,12,397331,3,4,18,17.8461538461538,18,0,0.307692307692308,13
30,4,2015,13,397332,2,5,16.5,16.9,16,0,0.2,10
30,4,2015,14,397333,0,2,15.5,15.1,14,0,0,10
30,4,2015,15,397334,2,5,13,12.3333333333333,11,0,0,9
30,4,2015,16,397335,5,3,13,13,13,0,0,12
30,4,2015,17,397336,3,5,11,10.6923076923077,11,0,0,13
30,4,2015,18,397337,4,4,10.5,10.5833333333333,10,0,0,12
30,4,2015,19,397338,2,1,10,10.125,11,0,0,8
30,4,2015,20,397339,2,2,11.5,11.5,11,0,0,8
30,4,2015,21,397340,3,2,11.5,11.6,12,0,0,10
30,4,2015,22,397341,2,1,12,12.5714285714286,13,0,0,7
30,4,2015,23,397342,0,2,12,11.8571428571429,11,0,0,7
1,5,2015,0,397343,1,3,13,12.4444444444444,11,0,0,9
1,5,2015,1,397344,0,0,11,11,11,0,0,6
1,5,2015,2,397345,2,2,10,10.2857142857143,11,0,0,14
1,5,2015,3,397346,0,0,11,11,11,0,0,6
1,5,2015,4,397347,1,3,11,10.3333333333333,9,0,0,9
1,5,2015,5,397348,0,0,9,9,9,0,0,6
1,5,2015,6,397349,1,0,9,9.28571428571429,10,0,0,7
1,5,2015,7,397350,0,0,10,10,10,0,0,5
1,5,2015,8,397351,2,0,11,10.8571428571429,12,0,0,7
1,5,2015,9,397352,1,1,12,12.4285714285714,12,0,0,7
1,5,2015,10,397353,2,3,11,10.8888888888889,11,0,0,9
1,5,2015,11,397354,5,2,12,12.0833333333333,14,0,0,12
1,5,2015,12,397355,5,6,11.5,11.5,12,0,0,20
1,5,2015,13,397356,7,2,15,14.8181818181818,17,0,0,11
1,5,2015,14,397357,1,4,15,15,14,0,0,8
1,5,2015,15,397358,2,1,14,14.4285714285714,15,0,0,7
1,5,2015,16,397359,3,2,15,15.2857142857143,16,0,0,7
1,5,2015,17,397360,6,5,16,15.6153846153846,17,0,0,13
1,5,2015,18,397361,4,4,18,17.4666666666667,16,0,0.133333333333333,15
1,5,2015,19,397362,4,1,17,17.2857142857143,19,0,0.285714285714286,7
1,5,2015,20,397363,0,0,19,19,19,0,1,6
1,5,2015,21,397364,3,3,18,18,19,0,0.333333333333333,9
1,5,2015,22,397365,2,2,19,18.5,19,0,0.625,8
1,5,2015,23,397366,2,4,18,17.9,17,0,0.3,10
2,5,2015,0,397367,1,2,16,16.1428571428571,16,0,0,7
2,5,2015,1,397368,2,0,19,18.2857142857143,19,0,0.571428571428571,7
2,5,2015,2,397369,0,1,19,18.5714285714286,18,0,0.571428571428571,7
2,5,2015,3,397370,0,0,18,18,18,0,0,6
2,5,2015,4,397371,1,0,18,18.2857142857143,19,0,0.285714285714286,7
2,5,2015,5,397372,0,0,19,19,19,0,1,6
2,5,2015,6,397373,0,0,19,19,19,0,1,6
2,5,2015,7,397374,0,0,19,19,19,0,1,6
2,5,2015,8,397375,2,2,18,18.2857142857143,19,0,0.428571428571429,7
2,5,2015,9,397376,2,4,18,18.2727272727273,17,0,0.454545454545455,11
2,5,2015,10,397377,3,1,18,18,19,0,0.285714285714286,7
2,5,2015,11,397378,2,2,18.5,18.4166666666667,19,0,0.5,12
2,5,2015,12,397379,0,1,19,18.875,18,0,0.875,8
2,5,2015,13,397380,5,3,18,17.6363636363636,19,0,0.272727272727273,11
2,5,2015,14,397381,0,0,19,19,19,0,1,7
2,5,2015,15,397382,1,3,18,18,17,0,0.444444444444444,9
2,5,2015,16,397383,3,1,19,18.6,19,0,0.7,10
2,5,2015,17,397384,3,3,18,18.3636363636364,19,0,0.454545454545455,11
2,5,2015,18,397385,3,3,19,18.5,19,0,0.583333333333333,12
2,5,2015,19,397386,1,1,19,18.7142857142857,19,0,0.714285714285714,7
2,5,2015,20,397387,2,3,18,18.2727272727273,18,0,0.363636363636364,11
2,5,2015,21,397388,1,0,19,18.8571428571429,19,0,0.857142857142857,7
2,5,2015,22,397389,2,4,17,17.4,17,0,0.3,10
2,5,2015,23,397390,1,0,17,17.3333333333333,18,0,0,6
3,5,2015,0,397391,2,2,18,17.7777777777778,18,0,0,9
3,5,2015,1,397392,1,3,16,17,17,0,0.285714285714286,7
3,5,2015,2,397393,2,4,14,13.8,13,0,0,10
3,5,2015,3,397394,2,6,13,12.5454545454545,9,0,0,11
3,5,2015,4,397395,1,0,9,8.71428571428571,9,0,0,7
3,5,2015,5,397396,0,0,9,9,9,0,0,6
3,5,2015,6,397397,0,0,9,9,9,0,0,6
3,5,2015,7,397398,1,0,10,9.57142857142857,10,0,0,7
3,5,2015,8,397399,1,0,11,10.8571428571429,11,0,0,7
3,5,2015,9,397400,0,0,11,11,11,0,0,6
3,5,2015,10,397401,2,0,11,11.625,13,0,0,8
3,5,2015,11,397402,4,2,14,14.0909090909091,15,0,0,11
3,5,2015,12,397403,4,2,17,17.1818181818182,18,0,0,11
3,5,2015,13,397404,0,6,17,16.3333333333333,12,0,0,12
3,5,2015,14,397405,5,1,15,14.8888888888889,17,0,0,9
3,5,2015,15,397406,1,3,15,15.4285714285714,15,0,0,7
3,5,2015,16,397407,5,2,16,16.3,18,0,0,10
3,5,2015,17,397408,4,4,18.5,18.4,19,0,0.5,10
3,5,2015,18,397409,1,1,19,18.9090909090909,19,0,0.909090909090909,11
3,5,2015,19,397410,2,1,19,18.7777777777778,19,0,0.777777777777778,9
3,5,2015,20,397411,3,4,18.5,18.4,18,0,0.5,10
3,5,2015,21,397412,5,4,18,18,19,0,0.357142857142857,14
3,5,2015,22,397413,3,3,18,18.2,19,0,0.4,10
3,5,2015,23,397414,0,2,18,18.2857142857143,17,0,0.428571428571429,7
4,5,2015,0,397415,3,3,17,17.3846153846154,18,0,0,13
4,5,2015,1,397416,1,0,18,18.3333333333333,19,0,0.333333333333333,6
4,5,2015,2,397417,0,1,18.5,18.5,18,0,0.5,8
4,5,2015,3,397418,1,0,19,18.8333333333333,19,0,0.833333333333333,6
4,5,2015,4,397419,0,0,19,19,19,0,1,6
4,5,2015,5,397420,1,2,19,18.5,18,0,0.6,10
4,5,2015,6,397421,2,2,18,18,17,0,0.25,8
4,5,2015,7,397422,9,12,15.5,15.875,15,0,0.125,24
4,5,2015,8,397423,16,12,18,17.7333333333333,19,0,0.333333333333333,30
4,5,2015,9,397424,3,5,18,18.3571428571429,17,0,0.428571428571429,14
4,5,2015,10,397425,4,5,17,16.6923076923077,16,0,0,13
4,5,2015,11,397426,1,10,12,11.9333333333333,7,0,0,15
4,5,2015,12,397427,7,1,8,8.46666666666667,12,0,0,15
4,5,2015,13,397428,9,8,11,11.4090909090909,13,0,0,22
4,5,2015,14,397429,9,6,15,14.5294117647059,16,0,0,17
4,5,2015,15,397430,6,5,18,17.7058823529412,18,0,0.117647058823529,17
4,5,2015,16,397431,4,4,18,17.6363636363636,18,0,0.0909090909090909,11
4,5,2015,17,397432,5,6,17,17.3125,17,0,0.125,16
4,5,2015,18,397433,8,12,12,12.9130434782609,12,0,0,23
4,5,2015,19,397434,9,3,17,16.1875,17,0,0.25,16
4,5,2015,20,397435,3,3,18,18,18,0,0.181818181818182,11
4,5,2015,21,397436,3,2,18,17.75,19,0,0.25,8
4,5,2015,22,397437,2,2,19,18.7,19,0,0.7,10
4,5,2015,23,397438,2,2,17,16.5,17,0,0,10
5,5,2015,0,397439,0,2,16,16,15,0,0,7
5,5,2015,1,397440,0,0,15,15,15,0,0,6
5,5,2015,2,397441,0,0,15,15,15,0,0,7
5,5,2015,3,397442,0,0,15,15,15,0,0,6
5,5,2015,4,397443,1,1,15,14.6,15,0,0,10
5,5,2015,5,397444,0,0,15,15,15,0,0,6
5,5,2015,6,397445,1,3,15,14.5,13,0,0,8
5,5,2015,7,397446,8,6,13,13.3157894736842,15,0,0,19
5,5,2015,8,397447,14,14,17,16.0285714285714,13,0,0.0571428571428571,35
5,5,2015,9,397448,5,3,14,14.1538461538462,14,0,0,13
5,5,2015,10,397449,5,3,16,15.75,16,0,0,12
5,5,2015,11,397450,3,3,17,17.3,16,0,0.2,10
5,5,2015,12,397451,5,2,16.5,16.8571428571429,19,0,0.357142857142857,14
5,5,2015,13,397452,3,3,17.5,17.7,19,0,0.2,10
5,5,2015,14,397453,7,7,18,18.1764705882353,19,0,0.411764705882353,17
5,5,2015,15,397454,6,8,16,15.9411764705882,16,0,0,17
5,5,2015,16,397455,9,8,17,16.5714285714286,16,0,0,21
5,5,2015,17,397456,8,5,18,17.7368421052632,19,0,0.368421052631579,19
5,5,2015,18,397457,10,15,18,17.258064516129,12,0,0.225806451612903,31
5,5,2015,19,397458,14,8,12,13.5652173913043,19,0,0.130434782608696,23
5,5,2015,20,397459,10,11,18,17.7333333333333,17,0,0.166666666666667,30
5,5,2015,21,397460,7,8,18,17.5,17,0,0.2,20
5,5,2015,22,397461,3,9,16,16,12,0,0,20
5,5,2015,23,397462,7,2,17,16.375,18,0,0,16
6,5,2015,0,397463,2,1,18,18.3333333333333,19,0,0.444444444444444,9
6,5,2015,1,397464,1,2,18,17.8571428571429,18,0,0.285714285714286,7
6,5,2015,2,397465,0,0,18,18,18,0,0,7
6,5,2015,3,397466,0,0,18,18,18,0,0,6
6,5,2015,4,397467,0,0,18,18,18,0,0,6
6,5,2015,5,397468,1,0,19,18.5714285714286,19,0,0.571428571428571,7
6,5,2015,6,397469,3,3,18,17.9,19,0,0.3,10
6,5,2015,7,397470,7,10,16,16.0952380952381,16,0,0.19047619047619,21
6,5,2015,8,397471,14,11,15,15.5483870967742,18,0,0,31
6,5,2015,9,397472,5,4,18,17.8666666666667,19,0,0.2,15
6,5,2015,10,397473,5,5,18,18.3076923076923,19,0,0.461538461538462,13
6,5,2015,11,397474,3,3,19,18.6363636363636,19,0,0.636363636363636,11
6,5,2015,12,397475,1,1,19,18.875,19,0,0.875,8
6,5,2015,13,397476,3,3,18,18.0909090909091,18,0,0.181818181818182,11
6,5,2015,14,397477,1,5,17,16.5454545454545,14,0,0.0909090909090909,11
6,5,2015,15,397478,4,7,13,12.8571428571429,11,0,0,14
6,5,2015,16,397479,7,4,14,13.875,15,0,0,16
6,5,2015,17,397480,6,15,12,12.1538461538462,7,0,0,26
6,5,2015,18,397481,11,13,7,7.15384615384615,6,0,0,26
6,5,2015,19,397482,17,6,13.5,12.9583333333333,18,0,0.0833333333333333,24
6,5,2015,20,397483,3,1,19,18.6666666666667,19,0,0.75,12
6,5,2015,21,397484,6,6,18,17.5333333333333,19,0,0.333333333333333,15
6,5,2015,22,397485,2,3,19,18.5833333333333,18,0,0.583333333333333,12
6,5,2015,23,397486,2,6,18,17.4,15,0,0.333333333333333,15
7,5,2015,0,397487,1,2,14,14.125,14,0,0,8
7,5,2015,1,397488,1,0,16,15.5714285714286,16,0,0,7
7,5,2015,2,397489,0,0,16,16,16,0,0,9
7,5,2015,3,397490,2,1,18,17.5714285714286,17,0,0,7
7,5,2015,4,397491,0,0,17,17,17,0,0,6
7,5,2015,5,397492,0,1,17,16.8571428571429,16,0,0,7
7,5,2015,6,397493,3,0,18,17.75,19,0,0.375,8
7,5,2015,7,397494,8,7,18,17.7368421052632,19,0,0.210526315789474,19
7,5,2015,8,397495,13,15,17,16.6060606060606,17,0,0.0303030303030303,33
7,5,2015,9,397496,3,4,18,17.6538461538462,17,0,0,26
7,5,2015,10,397497,3,6,17,16.6896551724138,14,0,0,29
7,5,2015,11,397498,5,9,13,12.7647058823529,10,0,0,34
7,5,2015,12,397499,8,4,14,14.2413793103448,15,0,0,29
7,5,2015,13,397500,5,3,18,17.3846153846154,18,0,0,26
7,5,2015,14,397501,4,4,18,17.741935483871,18,0,0,31
7,5,2015,15,397502,9,13,14,13.8857142857143,14,0,0,35
7,5,2015,16,397503,9,6,17,16,18,0,0,35
7,5,2015,17,397504,6,6,18,17.7307692307692,18,0,0,26
7,5,2015,18,397505,9,9,17,17.2058823529412,18,0,0,34
7,5,2015,19,397506,5,4,18,17.6875,18,0,0,32
7,5,2015,20,397507,7,6,17,16.7741935483871,18,0,0,31
7,5,2015,21,397508,5,5,17,17.3793103448276,18,0,0,29
7,5,2015,22,397509,4,4,17.5,17.4333333333333,18,0,0,30
7,5,2015,23,397510,3,3,18,17.64,18,0,0,25
8,5,2015,0,397511,1,1,18,17.8636363636364,18,0,0,22
8,5,2015,1,397512,3,6,15,14.9032258064516,14,0,0,31
8,5,2015,2,397513,4,5,13,13.5,13,0,0,26
8,5,2015,3,397514,2,1,14,13.625,14,0,0,24
8,5,2015,4,397515,0,1,14,13.9090909090909,13,0,0,22
8,5,2015,5,397516,1,1,13,12.75,13,0,0,28
8,5,2015,6,397517,3,0,13,13.7142857142857,16,0,0,21
8,5,2015,7,397518,3,1,16,16.4545454545455,18,0,0,22
8,5,2015,8,397519,2,2,17,17.48,18,0,0,25
8,5,2015,9,397520,4,4,18,17.4642857142857,18,0,0,28
8,5,2015,10,397521,5,5,17,16.5555555555556,18,0,0,27
8,5,2015,11,397522,2,2,16.5,16.9545454545455,18,0,0,22
8,5,2015,12,397523,5,6,18,17.6428571428571,17,0,0,28
8,5,2015,13,397524,2,1,18,17.6666666666667,18,0,0,24
8,5,2015,14,397525,4,4,18,17.48,18,0,0,25
8,5,2015,15,397526,2,3,17,17.1111111111111,17,0,0,27
8,5,2015,16,397527,3,3,17,17.1538461538462,18,0,0,26
8,5,2015,17,397528,4,5,18,17.5555555555556,17,0,0,27
8,5,2015,18,397529,5,5,17,17.258064516129,17,0,0,31
8,5,2015,19,397530,5,5,18,17.5161290322581,18,0,0,31
8,5,2015,20,397531,5,5,18,17.2758620689655,18,0,0,29
8,5,2015,21,397532,2,3,17,17.0740740740741,17,0,0,27
8,5,2015,22,397533,4,3,17,16.9565217391304,18,0,0,23
8,5,2015,23,397534,1,3,16,16.48,16,0,0,25
9,5,2015,0,397535,4,7,16,15.9032258064516,14,0,0,31
9,5,2015,1,397536,6,2,16,15.5555555555556,18,0,0,27
9,5,2015,2,397537,2,2,18,17.64,18,0,0,25
9,5,2015,3,397538,0,0,18,18,18,0,0,21
9,5,2015,4,397539,0,1,18,17.8695652173913,17,0,0,23
9,5,2015,5,397540,1,0,18,17.9047619047619,18,0,0,21
9,5,2015,6,397541,1,2,18,17.6363636363636,17,0,0,22
9,5,2015,7,397542,0,0,17,17,17,0,0,21
9,5,2015,8,397543,1,1,17,17.3478260869565,17,0,0,23
9,5,2015,9,397544,4,5,17,16.5333333333333,16,0,0,30
9,5,2015,10,397545,3,9,11,12.0344827586207,10,0,0,29
9,5,2015,11,397546,3,4,9,8.58620689655172,9,0,0,29
9,5,2015,12,397547,6,7,11,10.7272727272727,10,0,0,33
9,5,2015,13,397548,6,8,8.5,8.64285714285714,8,0,0,28
9,5,2015,14,397549,7,7,8,7.81818181818182,8,0,0,33
9,5,2015,15,397550,11,3,12,11.2068965517241,15,0,0,29
9,5,2015,16,397551,4,3,17,17.1923076923077,17,0,0,26
9,5,2015,17,397552,9,11,17,16.3888888888889,16,0,0,36
9,5,2015,18,397553,9,7,17,16.5483870967742,18,0,0,31
9,5,2015,19,397554,4,4,18,17.6666666666667,18,0,0,24
9,5,2015,20,397555,3,2,18,17.6,18,0,0,25
9,5,2015,21,397556,3,4,18,17.2,17,0,0,25
9,5,2015,22,397557,2,2,18,17.75,17,0,0,24
9,5,2015,23,397558,4,3,17,17.12,18,0,0,25
10,5,2015,0,397559,2,6,17.5,17.0384615384615,14,0,0,26
10,5,2015,1,397560,3,3,13,12.8461538461538,14,0,0,26
10,5,2015,2,397561,2,2,14,13.52,14,0,0,25
10,5,2015,3,397562,4,0,14,14.875,18,0,0,24
10,5,2015,4,397563,1,1,18,17.7826086956522,18,0,0,23
10,5,2015,5,397564,0,0,18,18,18,0,0,20
10,5,2015,6,397565,0,0,17,17,17,0,0,22
10,5,2015,7,397566,0,0,17,17,17,0,0,21
10,5,2015,8,397567,1,1,18,17.695652173913,17,0,0,23
10,5,2015,9,397568,6,6,17,17.1428571428571,17,0,0,35
10,5,2015,10,397569,4,7,15,14.6551724137931,14,0,0,29
10,5,2015,11,397570,6,7,12,12.5357142857143,13,0,0,28
10,5,2015,12,397571,3,4,12,11.8076923076923,11,0,0,26
10,5,2015,13,397572,7,6,11,11.0714285714286,12,0,0,28
10,5,2015,14,397573,6,10,10,10,8,0,0,34
10,5,2015,15,397574,3,8,6,5.66666666666667,3,0,0,27
10,5,2015,16,397575,6,8,3,3.4375,2,0,0,16
10,5,2015,17,397576,8,2,6.5,6.21428571428571,9,0,0,14
10,5,2015,18,397577,6,5,12,11.3846153846154,11,0,0,13
10,5,2015,19,397578,6,9,10,10.2222222222222,8,0,0,18
10,5,2015,20,397579,5,4,8,8,9,0,0,13
10,5,2015,21,397580,11,3,10,11.0625,15,0,0,16
10,5,2015,22,397581,6,4,16,15.7368421052632,18,0,0,19
10,5,2015,23,397582,1,1,18,17.9130434782609,18,0,0,23
11,5,2015,0,397583,0,3,16,16.1739130434783,15,0,0,23
11,5,2015,1,397584,0,0,15,15,15,0,0,21
11,5,2015,2,397585,1,0,16,15.6666666666667,16,0,0,24
11,5,2015,3,397586,0,0,16,16,16,0,0,21
11,5,2015,4,397587,1,0,17,16.7142857142857,17,0,0,21
11,5,2015,5,397588,0,0,17,17,17,0,0,20
11,5,2015,6,397589,2,2,17,17.25,17,0,0,24
11,5,2015,7,397590,5,9,15,15.40625,13,0,0,32
11,5,2015,8,397591,14,9,17,16.4473684210526,18,0,0,38
11,5,2015,9,397592,6,12,14,14.7894736842105,12,0,0,38
11,5,2015,10,397593,4,9,8,8,7,0,0,28
11,5,2015,11,397594,7,7,6,6.25,7,0,0,32
11,5,2015,12,397595,4,5,5,5.72,6,0,0,25
11,5,2015,13,397596,5,1,8,8.08333333333333,10,0,0,12
11,5,2015,14,397597,6,2,12,11.8888888888889,14,0,0,18
11,5,2015,15,397598,7,9,10,10.3333333333333,11,0,0,18
11,5,2015,16,397599,8,5,13,12.7777777777778,15,0,0,18
11,5,2015,17,397600,9,6,17,16.75,17,0,0,32
11,5,2015,18,397601,11,10,16,16.2368421052632,18,0,0,38
11,5,2015,19,397602,3,6,17.5,17.3529411764706,15,0,0,34
11,5,2015,20,397603,7,5,16,16.1785714285714,17,0,0,28
11,5,2015,21,397604,3,11,12,11.9677419354839,9,0,0,31
11,5,2015,22,397605,10,6,9,9.48387096774194,13,0,0,31
11,5,2015,23,397606,9,3,13.5,13.25,17,0,0,32
12,5,2015,0,397607,0,4,13,13.76,13,0,0,25
12,5,2015,1,397608,0,0,13,13,13,0,0,20
12,5,2015,2,397609,0,0,13,13,13,0,0,23
12,5,2015,3,397610,0,1,12,12.4761904761905,12,0,0,21
12,5,2015,4,397611,0,0,12,12,12,0,0,25
12,5,2015,5,397612,1,2,11,11.2173913043478,10,0,0,23
12,5,2015,6,397613,2,2,10,9.16666666666667,10,0,0,24
12,5,2015,7,397614,11,3,14,13.6666666666667,18,0,0,33
12,5,2015,8,397615,11,15,16,15.775,13,0,0,40
12,5,2015,9,397616,6,2,18,16.9666666666667,18,0,0,30
12,5,2015,10,397617,4,4,18,17.6666666666667,18,0,0,30
12,5,2015,11,397618,7,6,16,16.3333333333333,18,0,0,15
12,5,2015,12,397619,5,6,17,16.9375,16,0,0,16
12,5,2015,13,397620,7,5,16,16.0588235294118,17,0,0,17
12,5,2015,14,397621,4,5,16,16,16,0,0,13
12,5,2015,15,397622,5,5,16,15.6153846153846,16,0,0,13
12,5,2015,16,397623,4,5,17,17.1333333333333,16,0,0,15
12,5,2015,17,397624,11,11,17,16.2142857142857,17,0,0,28
12,5,2015,18,397625,12,11,16,16.1379310344828,17,0,0,29
12,5,2015,19,397626,8,15,13,13.2592592592593,11,0,0,27
12,5,2015,20,397627,4,6,8,8.17647058823529,8,0,0,17
12,5,2015,21,397628,6,9,7,7,5,0,0,19
12,5,2015,22,397629,11,4,9.5,9.4375,13,0,0,16
12,5,2015,23,397630,3,3,11,10.5555555555556,12,0,0,9
13,5,2015,0,397631,1,3,10,10.25,10,0,0,8
13,5,2015,1,397632,1,0,10,10.375,11,0,0,8
13,5,2015,2,397633,0,0,11,11,11,0,0,8
13,5,2015,3,397634,0,0,11,11,11,0,0,6
13,5,2015,4,397635,1,0,11,11.25,12,0,0,8
13,5,2015,5,397636,0,0,12,12,12,0,0,6
13,5,2015,6,397637,1,4,11,10.6,9,0,0,10
13,5,2015,7,397638,10,6,14,13.3333333333333,14,0,0,21
13,5,2015,8,397639,14,18,10,9.84375,10,0,0,32
13,5,2015,9,397640,9,6,8,8.44444444444444,12,0,0,18
13,5,2015,10,397641,6,5,13,13.2142857142857,14,0,0,14
13,5,2015,11,397642,0,1,14,14.25,14,0,0,4
13,5,2015,12,397643,3,2,17,17.3,18,0,0,10
13,5,2015,13,397644,4,3,17,17.1666666666667,17,0,0,12
13,5,2015,14,397645,2,2,17,16.5555555555556,17,0,0,9
13,5,2015,15,397646,4,7,17,16.8181818181818,14,0,0,11
13,5,2015,16,397647,1,8,12,10.4,5,0,0,5
13,5,2015,17,397648,13,3,12,10.3,14,0,0,10
13,5,2015,18,397649,6,3,17.5,16.9,18,0,0,10
13,5,2015,19,397650,5,3,16.5,16.5,18,0,0,8
13,5,2015,20,397651,2,3,17,17.3,17,0,0,10
13,5,2015,21,397652,3,2,17.5,17.3333333333333,17,0,0,6
13,5,2015,22,397653,0,2,17,17.1428571428571,16,0,0,7
13,5,2015,23,397654,3,5,16.5,16.25,15,0,0,8
14,5,2015,0,397655,2,3,16,16.2857142857143,15,0,0,7
14,5,2015,1,397656,2,5,15.5,15.3,14,0,0,10
14,5,2015,2,397657,1,4,14,13.7142857142857,13,0,0,7
14,5,2015,3,397658,2,2,14,13.6666666666667,14,0,0,6
14,5,2015,4,397659,0,3,11,11.8333333333333,11,0,0,6
14,5,2015,5,397660,0,0,11,11,11,0,0,6
14,5,2015,6,397661,0,1,10,10.4285714285714,10,0,0,7
14,5,2015,7,397662,1,0,10,10.4,11,0,0,5
14,5,2015,8,397663,4,2,12,11.8888888888889,13,0,0,9
14,5,2015,9,397664,4,0,14,14.1428571428571,16,0,0,7
14,5,2015,10,397665,2,2,16.5,16.375,16,0,0,8
14,5,2015,11,397666,6,5,15,15.5714285714286,18,0,0,7
14,5,2015,12,397667,2,2,17.5,17.5,17,0,0,8
14,5,2015,13,397668,4,5,16.5,16.375,17,0,0,8
14,5,2015,14,397669,2,1,17,17.3333333333333,18,0,0,6
14,5,2015,15,397670,2,2,18,17.7142857142857,18,0,0,7
14,5,2015,16,397671,1,0,17,17.125,18,0,0,8
14,5,2015,17,397672,2,4,17,16.2222222222222,15,0,0,9
14,5,2015,18,397673,4,4,18,17.4285714285714,18,0,0,7
14,5,2015,19,397674,1,2,17.5,17.5,17,0,0,6
14,5,2015,20,397675,0,2,18,17.4285714285714,16,0,0,7
14,5,2015,21,397676,2,1,17.5,17.3333333333333,17,0,0,6
14,5,2015,22,397677,1,4,17,16.5,14,0,0,8
14,5,2015,23,397678,1,1,12.5,12.5,12,0,0,6
15,5,2015,0,397679,0,2,11,10.7142857142857,10,0,0,7
15,5,2015,1,397680,2,1,11,10.8333333333333,11,0,0,6
15,5,2015,2,397681,0,0,11,11,11,0,0,6
15,5,2015,3,397682,1,1,11,10.7142857142857,11,0,0,7
15,5,2015,4,397683,0,0,11,11,11,0,0,6
15,5,2015,5,397684,1,0,11,11.4,12,0,0,5
15,5,2015,6,397685,1,2,12,12,11,0,0,7
15,5,2015,7,397686,2,3,11,10.8571428571429,10,0,0,7
15,5,2015,8,397687,8,2,14,13.7777777777778,16,0,0,9
15,5,2015,9,397688,5,5,17,16.4444444444444,17,0,0,9
15,5,2015,10,397689,2,7,16,15.4,11,0,0,10
15,5,2015,11,397690,5,2,9,9.55555555555556,12,0,0,9
15,5,2015,12,397691,7,3,15,14.5555555555556,16,0,0,9
15,5,2015,13,397692,6,3,15,15.5555555555556,18,0,0,9
15,5,2015,14,397693,4,8,16,15.4444444444444,13,0,0,9
15,5,2015,15,397694,5,2,13,13.2857142857143,16,0,0,7
15,5,2015,16,397695,3,3,13,13.4285714285714,15,0,0,7
15,5,2015,17,397696,9,2,11.5,12.2,18,0,0,10
15,5,2015,18,397697,4,2,17,17,18,0,0,10
15,5,2015,19,397698,2,3,18,17.4285714285714,17,0,0,7
15,5,2015,20,397699,1,0,18,17.8333333333333,18,0,0,6
15,5,2015,21,397700,1,4,15,16.1111111111111,15,0,0,9
15,5,2015,22,397701,1,3,16,15.75,14,0,0,8
15,5,2015,23,397702,2,0,17.5,17.125,18,0,0,8
16,5,2015,0,397703,1,3,17,16.7142857142857,15,0,0,7
16,5,2015,1,397704,3,0,17.5,16.8333333333333,18,0,0,6
16,5,2015,2,397705,0,0,18,18,18,0,0,6
16,5,2015,3,397706,1,1,18,17.8571428571429,18,0,0,7
16,5,2015,4,397707,0,1,16,15.8571428571429,15,0,0,7
16,5,2015,5,397708,0,0,15,15,15,0,0,6
16,5,2015,6,397709,1,0,15,15.4,16,0,0,5
16,5,2015,7,397710,0,0,16,16,16,0,0,6
16,5,2015,8,397711,1,2,17,17,16,0,0,8
16,5,2015,9,397712,3,4,14,14,15,0,0,8
16,5,2015,10,397713,2,0,16,16,17,0,0,8
16,5,2015,11,397714,1,4,15,15,13,0,0,8
16,5,2015,12,397715,4,5,12,12.5714285714286,12,0,0,7
16,5,2015,13,397716,2,5,11,10.9,10,0,0,10
16,5,2015,14,397717,3,2,10,10.1111111111111,11,0,0,9
16,5,2015,15,397718,6,1,15,15.2222222222222,18,0,0,9
16,5,2015,16,397719,0,5,15.5,15,12,0,0,8
16,5,2015,17,397720,0,7,7,9,6,0,0,7
16,5,2015,18,397721,7,6,6,6.375,6,0,0,8
16,5,2015,19,397722,4,5,5,5,4,0,0,8
16,5,2015,20,397723,2,1,2,2.25,3,0,0,8
16,5,2015,21,397724,3,2,3,3.14285714285714,3,0,0,7
16,5,2015,22,397725,7,2,3,3.75,8,0,0,8
16,5,2015,23,397726,6,1,10,11,14,0,0,7
17,5,2015,0,397727,3,6,12,12.125,11,0,0,8
17,5,2015,1,397728,3,3,11,10.875,11,0,0,8
17,5,2015,2,397729,0,5,11,9.6,7,0,0,10
17,5,2015,3,397730,0,2,5,5.66666666666667,5,0,0,6
17,5,2015,4,397731,1,1,4,4.33333333333333,4,0,0,6
17,5,2015,5,397732,1,0,4,4.33333333333333,5,0,0,6
17,5,2015,6,397733,0,0,5,5,5,0,0,6
17,5,2015,7,397734,0,1,5,4.83333333333333,4,0,0,6
17,5,2015,8,397735,0,3,2,2.71428571428571,2,0,0,7
17,5,2015,9,397736,2,1,3,3,3,0,0,7
17,5,2015,10,397737,3,1,2.5,2.625,4,0,0,8
17,5,2015,11,397738,4,1,6.5,6.5,8,0,0,8
17,5,2015,12,397739,2,4,5,4.66666666666667,3,0,0,9
17,5,2015,13,397740,3,3,3,3.125,3,0,0,8
17,5,2015,14,397741,4,3,3,3,3,0,0,8
17,5,2015,15,397742,3,3,3,3.3,3,0,0,10
17,5,2015,16,397743,4,2,6,6,7,0,0,9
17,5,2015,17,397744,2,4,8,7.85714285714286,6,0,0,7
17,5,2015,18,397745,9,2,15,13.8888888888889,16,0,0,9
17,5,2015,19,397746,1,3,15,15,14,0,0,7
17,5,2015,20,397747,5,2,17,16.1428571428571,17,0,0,7
17,5,2015,21,397748,1,5,15.5,15.625,14,0,0,8
17,5,2015,22,397749,2,4,12,12.1428571428571,12,0,0,7
17,5,2015,23,397750,0,6,9,9.57142857142857,7,0,0,7
18,5,2015,0,397751,2,0,9,8.42857142857143,9,0,0,7
18,5,2015,1,397752,0,2,8,8.16666666666667,7,0,0,6
18,5,2015,2,397753,0,0,7,7,7,0,0,7
18,5,2015,3,397754,0,0,7,7,7,0,0,6
18,5,2015,4,397755,0,0,7,7,7,0,0,6
18,5,2015,5,397756,0,1,7,6.66666666666667,6,0,0,6
18,5,2015,6,397757,2,2,6,6.125,6,0,0,8
18,5,2015,7,397758,3,4,7,7.44444444444444,6,0,0,9
18,5,2015,8,397759,13,9,5.5,5.8,8,0,0,10
18,5,2015,9,397760,1,9,6,5.85714285714286,2,0,0,7
18,5,2015,10,397761,4,3,2,2.33333333333333,4,0,0,9
18,5,2015,11,397762,3,2,3,3.28571428571429,5,0,0,7
18,5,2015,12,397763,3,3,6,5.88888888888889,6,0,0,9
18,5,2015,13,397764,8,3,10,8.88888888888889,11,0,0,9
18,5,2015,14,397765,3,2,11,10.8571428571429,12,0,0,7
18,5,2015,15,397766,4,6,11,11.1111111111111,9,0,0,9
18,5,2015,16,397767,2,6,7,6.77777777777778,5,0,0,9
18,5,2015,17,397768,11,3,13.5,11,14,0,0,10
18,5,2015,18,397769,3,9,12,12.4444444444444,11,0,0,9
18,5,2015,19,397770,7,4,14,14.1,16,0,0,10
18,5,2015,20,397771,1,2,16,15.7142857142857,15,0,0,7
18,5,2015,21,397772,0,1,15,15.1428571428571,15,0,0,7
18,5,2015,22,397773,4,4,14,14.2222222222222,15,0,0,9
18,5,2015,23,397774,2,2,15,14.5,15,0,0,6
19,5,2015,0,397775,2,2,13,13.375,14,0,0,8
19,5,2015,1,397776,0,0,14,14,14,0,0,6
19,5,2015,2,397777,0,0,14,14,14,0,0,6
19,5,2015,3,397778,0,0,14,14,14,0,0,6
19,5,2015,4,397779,1,0,14.5,14.5,15,0,0,6
19,5,2015,5,397780,1,0,15.5,15.5,16,0,0,6
19,5,2015,6,397781,2,3,15,15.125,15,0,0,8
19,5,2015,7,397782,5,3,16,15.8888888888889,17,0,0,9
19,5,2015,8,397783,6,6,17,16.8,17,0,0,10
19,5,2015,9,397784,4,3,17,16.8888888888889,18,0,0,9
19,5,2015,10,397785,2,3,17,17.125,17,0,0,8
19,5,2015,11,397786,2,2,17,17,17,0,0,8
19,5,2015,12,397787,5,4,17,16.2222222222222,18,0,0,9
19,5,2015,13,397788,2,3,17,17.1666666666667,17,0,0,6
19,5,2015,14,397789,2,5,16.5,16,14,0,0,8
19,5,2015,15,397790,0,4,12,11.6666666666667,10,0,0,6
19,5,2015,16,397791,4,9,9,8.36363636363636,5,0,0,11
19,5,2015,17,397792,11,5,5,4.66666666666667,8,0,0,9
19,5,2015,18,397793,3,5,5.5,5.1,4,0,0,10
19,5,2015,19,397794,8,2,12,12.2,15,0,0,10
19,5,2015,20,397795,4,5,15,15.3,14,0,0,10
19,5,2015,21,397796,2,3,15,14.9,14,0,0,10
19,5,2015,22,397797,3,3,12,11.9,12,0,0,10
19,5,2015,23,397798,0,3,9,8.6,7,0,0,10
20,5,2015,0,397799,3,1,7,7.4,9,0,0,10
20,5,2015,1,397800,1,0,9,9.4,10,0,0,10
20,5,2015,2,397801,0,0,10,10,10,0,0,10
20,5,2015,3,397802,0,0,10,10,10,0,0,11
20,5,2015,4,397803,0,0,10,10,10,0,0,10
20,5,2015,5,397804,1,0,9,9.22222222222222,10,0,0,9
20,5,2015,6,397805,2,1,11,10.6666666666667,11,0,0,9
20,5,2015,7,397806,6,9,9.5,9.7,10,0,0,10
20,5,2015,8,397807,11,2,17,15.7777777777778,18,0,0,9
20,5,2015,9,397808,1,6,16,15.7142857142857,13,0,0,7
20,5,2015,10,397809,5,0,18,16.4285714285714,18,0,0,7
20,5,2015,11,397810,3,5,16,16.375,15,0,0,8
20,5,2015,12,397811,2,1,13,12.5714285714286,13,0,0,7
20,5,2015,13,397812,3,1,15,14.75,16,0,0,8
20,5,2015,14,397813,3,4,16,15.5555555555556,16,0,0,9
20,5,2015,15,397814,1,7,11.5,11.8,9,0,0,10
20,5,2015,16,397815,4,6,9.5,9.125,8,0,0,8
20,5,2015,17,397816,5,2,13,12.7,13,0,0,10
20,5,2015,18,397817,3,3,16,15.4545454545455,16,0,0,11
20,5,2015,19,397818,1,1,16,15.8888888888889,16,0,0,9
20,5,2015,20,397819,2,4,16,15.3,13,0,0,10
20,5,2015,21,397820,4,4,14,13.9,15,0,0,10
20,5,2015,22,397821,2,3,14,13.8,14,0,0,10
20,5,2015,23,397822,5,4,13,13.1,14,0,0,10
21,5,2015,0,397823,1,3,14,13.9,12,0,0,10
21,5,2015,1,397824,1,0,11,11.2727272727273,12,0,0,11
21,5,2015,2,397825,2,0,12,12.6,14,0,0,10
21,5,2015,3,397826,0,0,14,14,14,0,0,9
21,5,2015,4,397827,0,0,14,14,14,0,0,10
21,5,2015,5,397828,1,2,14.5,14.3,13,0,0,10
21,5,2015,6,397829,1,3,14,13.2,11,0,0,10
21,5,2015,7,397830,4,7,12,11.6,8,0,0,10
21,5,2015,8,397831,6,6,15,15.4,14,0,0,10
21,5,2015,9,397832,4,1,14.5,14.4,16,0,0,10
21,5,2015,10,397833,0,7,14.5,13.9,10,0,0,10
21,5,2015,11,397834,4,1,9,9.14285714285714,10,0,0,7
21,5,2015,12,397835,6,0,15,14.4444444444444,17,0,0,9
21,5,2015,13,397836,3,4,15,15.25,15,0,0,8
21,5,2015,14,397837,3,2,17,16.4285714285714,17,0,0,7
21,5,2015,15,397838,1,4,16,15.8333333333333,14,0,0,6
21,5,2015,16,397839,3,4,16,16.3333333333333,16,0,0,9
21,5,2015,17,397840,4,4,16.5,16.3,17,0,0,10
21,5,2015,18,397841,7,7,12.5,12.3,15,0,0,10
21,5,2015,19,397842,4,3,16,16,17,0,0,9
21,5,2015,20,397843,4,3,17,16.5,17,0,0,8
21,5,2015,21,397844,3,3,12,11.875,12,0,0,8
21,5,2015,22,397845,8,6,13,12.7777777777778,14,0,0,9
21,5,2015,23,397846,3,5,15,15.5555555555556,14,0,0,9
22,5,2015,0,397847,3,4,13,12.875,13,0,0,8
22,5,2015,1,397848,0,0,13,13,13,0,0,6
22,5,2015,2,397849,0,1,14,13.5714285714286,13,0,0,7
22,5,2015,3,397850,0,0,13,13,13,0,0,6
22,5,2015,4,397851,0,1,12,12.1666666666667,12,0,0,6
22,5,2015,5,397852,1,2,11,11.2857142857143,11,0,0,7
22,5,2015,6,397853,0,2,11,10.4285714285714,9,0,0,7
22,5,2015,7,397854,4,4,10,9.77777777777778,9,0,0,9
22,5,2015,8,397855,7,0,12,13.6666666666667,18,0,0,9
22,5,2015,9,397856,3,1,16.5,16.625,18,0,0,8
22,5,2015,10,397857,3,4,16,15.5,16,0,0,8
22,5,2015,11,397858,4,4,15,15,16,0,0,9
22,5,2015,12,397859,3,4,16,16,16,0,0,8
22,5,2015,13,397860,2,5,14,14.4444444444444,14,0,0,9
22,5,2015,14,397861,2,2,16,15.6,15,0,0,10
22,5,2015,15,397862,1,4,15,15,13,0,0,6
22,5,2015,16,397863,4,3,15,14.5555555555556,15,0,0,9
22,5,2015,17,397864,4,4,16,15.9,15,0,0,10
22,5,2015,18,397865,4,9,11,10.6666666666667,7,0,0,9
22,5,2015,19,397866,10,7,9,9.45454545454546,10,0,0,11
22,5,2015,20,397867,2,1,12,12,12,0,0,7
22,5,2015,21,397868,5,1,17,16,17,0,0,8
22,5,2015,22,397869,0,1,17,16.7142857142857,16,0,0,7
22,5,2015,23,397870,4,3,14,14.2857142857143,17,0,0,7
23,5,2015,0,397871,1,6,14.5,14,11,0,0,8
23,5,2015,1,397872,0,5,7,8.14285714285714,7,0,0,7
23,5,2015,2,397873,1,3,5.5,5.4,4,0,0,10
23,5,2015,3,397874,0,0,4,4,4,0,0,5
23,5,2015,4,397875,0,1,3.5,3.5,3,0,0,6
23,5,2015,5,397876,0,0,3,3,3,0,0,6
23,5,2015,6,397877,0,0,3,3,3,0,0,6
23,5,2015,7,397878,0,0,3,3,3,0,0,7
23,5,2015,8,397879,5,2,3.5,4.16666666666667,6,0,0,6
23,5,2015,9,397880,4,5,7,6.77777777777778,4,0,0,9
23,5,2015,10,397881,5,0,4.5,5.125,8,0,0,8
23,5,2015,11,397882,1,2,6,6.42857142857143,7,0,0,7
23,5,2015,12,397883,7,2,13,12,13,0,0,9
23,5,2015,13,397884,3,4,13,13.4285714285714,13,0,0,7
23,5,2015,14,397885,5,3,11,11.2222222222222,14,0,0,9
23,5,2015,15,397886,3,3,15,14.75,14,0,0,8
23,5,2015,16,397887,5,3,16,15.625,17,0,0,8
23,5,2015,17,397888,3,4,15.5,15.5,16,0,0,8
23,5,2015,18,397889,4,4,13,13.375,14,0,0,8
23,5,2015,19,397890,4,5,16,15.625,15,0,0,8
23,5,2015,20,397891,1,1,17,16.8571428571429,17,0,0,7
23,5,2015,21,397892,1,1,17,16.7142857142857,17,0,0,7
23,5,2015,22,397893,2,2,17,16.5714285714286,17,0,0,7
23,5,2015,23,397894,2,4,16,15.7777777777778,15,0,0,9
24,5,2015,0,397895,5,4,15,14.625,16,0,0,8
24,5,2015,1,397896,2,3,16,16,15,0,0,8
24,5,2015,2,397897,1,6,12,13.2222222222222,11,0,0,9
24,5,2015,3,397898,2,6,12,11.8888888888889,9,0,0,9
24,5,2015,4,397899,2,0,10.5,10.1666666666667,11,0,0,6
24,5,2015,5,397900,1,0,12,11.6666666666667,12,0,0,6
24,5,2015,6,397901,1,0,13.5,13.5,14,0,0,6
24,5,2015,7,397902,1,1,14,13.5714285714286,14,0,0,7
24,5,2015,8,397903,0,1,13,13.1666666666667,13,0,0,6
24,5,2015,9,397904,0,3,11,11.2857142857143,10,0,0,7
24,5,2015,10,397905,2,6,10,9.55555555555556,6,0,0,9
24,5,2015,11,397906,6,3,9.5,9.125,10,0,0,8
24,5,2015,12,397907,0,3,8,8.14285714285714,7,0,0,7
24,5,2015,13,397908,0,1,7,6.66666666666667,6,0,0,6
24,5,2015,14,397909,3,2,5,5,7,0,0,8
24,5,2015,15,397910,2,5,6,5.71428571428571,4,0,0,7
24,5,2015,16,397911,5,1,5,4.55555555555556,7,0,0,9
24,5,2015,17,397912,1,2,7,6.75,6,0,0,8
24,5,2015,18,397913,1,3,5,5,4,0,0,7
24,5,2015,19,397914,6,3,8.5,8.375,9,0,0,8
24,5,2015,20,397915,2,2,12,11.7142857142857,11,0,0,7
24,5,2015,21,397916,4,4,12,11.75,12,0,0,8
24,5,2015,22,397917,4,2,12,12.7142857142857,14,0,0,7
24,5,2015,23,397918,4,1,14,14.4285714285714,16,0,0,7
25,5,2015,0,397919,0,0,17,17,17,0,0,6
25,5,2015,1,397920,2,4,15,14.7142857142857,15,0,0,7
25,5,2015,2,397921,2,1,15.5,15.5,16,0,0,8
25,5,2015,3,397922,1,0,16,16.1428571428571,17,0,0,7
25,5,2015,4,397923,0,0,17,17,17,0,0,6
25,5,2015,5,397924,0,0,17,17,17,0,0,6
25,5,2015,6,397925,0,1,17,16.7142857142857,16,0,0,7
25,5,2015,7,397926,1,1,16,15.8333333333333,16,0,0,6
25,5,2015,8,397927,2,2,17,16.7142857142857,17,0,0,7
25,5,2015,9,397928,1,1,17,16.8571428571429,17,0,0,7
25,5,2015,10,397929,0,0,17,17,17,0,0,5
25,5,2015,11,397930,5,6,15,15,16,0,0,9
25,5,2015,12,397931,4,4,15,15.5,15,0,0,8
25,5,2015,13,397932,2,2,15,15.5714285714286,15,0,0,7
25,5,2015,14,397933,1,1,16,16.4285714285714,17,0,0,7
25,5,2015,15,397934,2,2,17,16.625,17,0,0,8
25,5,2015,16,397935,2,7,16,14.7,11,0,0,10
25,5,2015,17,397936,5,2,9,9.44444444444444,12,0,0,9
25,5,2015,18,397937,3,5,11.5,11.875,11,0,0,8
25,5,2015,19,397938,3,1,17,16.5,17,0,0,10
25,5,2015,20,397939,2,2,16,16.1666666666667,16,0,0,6
25,5,2015,21,397940,1,5,16,15.7777777777778,13,0,0,9
25,5,2015,22,397941,3,1,16,15.8,16,0,0,5
25,5,2015,23,397942,2,3,14,14.5,14,0,0,8
26,5,2015,0,397943,3,1,16,14.8571428571429,16,0,0,7
26,5,2015,1,397944,0,0,16,16,16,0,0,5
26,5,2015,2,397945,0,0,16,16,16,0,0,6
26,5,2015,3,397946,0,0,16,16,16,0,0,6
26,5,2015,4,397947,1,0,16,16.3333333333333,17,0,0,6
26,5,2015,5,397948,0,3,17,16.1428571428571,14,0,0,7
26,5,2015,6,397949,1,2,14,14,13,0,0,6
26,5,2015,7,397950,3,6,15,14.3333333333333,11,0,0,9
26,5,2015,8,397951,7,4,11,11.2222222222222,11,0,0,9
26,5,2015,9,397952,6,8,11,11.5555555555556,9,0,0,9
26,5,2015,10,397953,2,4,5.5,5.83333333333333,5,0,0,6
26,5,2015,11,397954,4,4,3,3.09090909090909,5,0,0,11
26,5,2015,12,397955,5,4,5,4.83333333333333,7,0,0,6
26,5,2015,13,397956,3,1,7,7.125,8,0,0,8
26,5,2015,14,397957,5,3,13,12.625,12,0,0,8
26,5,2015,15,397958,4,6,11,11.6666666666667,9,0,0,9
26,5,2015,16,397959,4,3,9,8.875,10,0,0,8
26,5,2015,17,397960,6,4,8,8.55555555555556,11,0,0,9
26,5,2015,18,397961,8,3,15,14.6,16,0,0,10
26,5,2015,19,397962,7,5,16,15.8,17,0,0,10
26,5,2015,20,397963,1,1,17,16.8571428571429,17,0,0,7
26,5,2015,21,397964,2,1,16,16.2857142857143,17,0,0,7
26,5,2015,22,397965,2,10,13,12.4,8,0,0,10
26,5,2015,23,397966,2,3,10,10.2857142857143,9,0,0,7
27,5,2015,0,397967,1,2,9,9,8,0,0,7
27,5,2015,1,397968,3,0,11,10.5714285714286,11,0,0,7
27,5,2015,2,397969,2,0,11,11.625,13,0,0,8
27,5,2015,3,397970,0,0,13,13,13,0,0,6
27,5,2015,4,397971,1,0,13,12.6666666666667,13,0,0,6
27,5,2015,5,397972,1,0,14,13.8333333333333,14,0,0,6
27,5,2015,6,397973,1,0,14,14.2,15,0,0,5
27,5,2015,7,397974,3,6,16,15.5,13,0,0,8
27,5,2015,8,397975,5,6,14,14.6363636363636,13,0,0,11
27,5,2015,9,397976,4,5,15,14.5,12,0,0,8
27,5,2015,10,397977,0,5,13,12.375,9,0,0,8
27,5,2015,11,397978,5,1,9,9.28571428571429,12,0,0,7
27,5,2015,12,397979,3,14,5,6.44444444444444,1,0,0,9
27,5,2015,13,397980,3,1,4,3.625,4,0,0,8
27,5,2015,14,397981,4,6,4,4.22222222222222,2,0,0,9
27,5,2015,15,397982,3,4,3,2.88888888888889,2,0,0,9
27,5,2015,16,397983,6,3,4.5,4.3,5,0,0,10
27,5,2015,17,397984,9,4,4,4.88888888888889,10,0,0,9
27,5,2015,18,397985,9,5,15,14.9,17,0,0,10
27,5,2015,19,397986,7,9,14,13.6666666666667,14,0,0,9
27,5,2015,20,397987,5,3,16,15.7777777777778,16,0,0,9
27,5,2015,21,397988,4,2,16,15.625,17,0,0,8
27,5,2015,22,397989,5,5,17,16.125,17,0,0,8
27,5,2015,23,397990,4,3,16,16.1428571428571,16,0,0,7
28,5,2015,0,397991,1,0,17,16.5714285714286,17,0,0,7
28,5,2015,1,397992,1,1,17,16.5714285714286,17,0,0,7
28,5,2015,2,397993,0,1,16,16.125,16,0,0,8
28,5,2015,3,397994,0,0,16,16,16,0,0,6
28,5,2015,4,397995,0,0,16,16,16,0,0,6
28,5,2015,5,397996,0,2,15.5,15.3333333333333,14,0,0,6
28,5,2015,6,397997,2,6,14.5,13.375,11,0,0,8
28,5,2015,7,397998,6,5,11,10.9,12,0,0,10
28,5,2015,8,397999,7,2,16,14.8,17,0,0,10
28,5,2015,9,398000,4,3,16,16,17,0,0,10
28,5,2015,10,398001,1,3,15,15.2857142857143,14,0,0,7
28,5,2015,11,398002,1,0,13.5,13.5,14,0,0,2
28,5,2015,12,398003,6,4,15.5,15.625,17,0,0,8
28,5,2015,13,398004,4,3,15,15.3,17,0,0,10
28,5,2015,14,398005,1,3,17,16.5,15,0,0,6
28,5,2015,15,398006,0,11,10.5,11.1,6,0,0,10
28,5,2015,16,398007,5,7,9,9.11111111111111,6,0,0,9
28,5,2015,17,398008,2,2,7,6.625,7,0,0,8
28,5,2015,18,398009,12,7,12,11.1,12,0,0,10
28,5,2015,19,398010,2,7,10,9.77777777777778,7,0,0,9
28,5,2015,20,398011,3,3,4,3.75,4,0,0,8
28,5,2015,21,398012,2,3,3,2.66666666666667,2,0,0,9
28,5,2015,22,398013,4,0,5,5,7,0,0,6
28,5,2015,23,398014,10,3,8,8.11111111111111,13,0,0,9
29,5,2015,0,398015,2,2,11,11.125,12,0,0,8
29,5,2015,1,398016,2,1,12,12.25,13,0,0,8
29,5,2015,2,398017,0,1,13,12.7142857142857,12,0,0,7
29,5,2015,3,398018,1,0,12,12.4285714285714,13,0,0,7
29,5,2015,4,398019,0,0,13,13,13,0,0,6
29,5,2015,5,398020,0,2,12.5,12.3333333333333,11,0,0,6
29,5,2015,6,398021,1,0,11,11.1666666666667,12,0,0,6
29,5,2015,7,398022,5,8,15,13.5555555555556,11,0,0,9
29,5,2015,8,398023,9,3,11.5,12.625,17,0,0,8
29,5,2015,9,398024,4,6,15,14.3333333333333,14,0,0,9
29,5,2015,10,398025,1,3,14.5,14.375,13,0,0,8
29,5,2015,11,398026,2,6,5,5.5,5,0,0,10
29,5,2015,12,398027,5,4,3.5,3.6,4,0,0,10
29,5,2015,13,398028,6,6,4,3.9,5,0,0,10
29,5,2015,14,398029,3,4,3,2.88888888888889,3,0,0,9
29,5,2015,15,398030,2,4,2,2.77777777777778,2,0,0,9
29,5,2015,16,398031,2,3,3,3.22222222222222,2,0,0,9
29,5,2015,17,398032,10,6,4.5,4.2,6,0,0,10
29,5,2015,18,398033,6,1,15,14.5,16,0,0,10
29,5,2015,19,398034,1,12,5.5,7.4,4,0,0,10
29,5,2015,20,398035,12,3,11,10.6,16,0,0,10
29,5,2015,21,398036,2,7,15,14.6666666666667,12,0,0,9
29,5,2015,22,398037,6,1,16.5,15.375,17,0,0,8
29,5,2015,23,398038,1,5,17,16.1666666666667,13,0,0,6
30,5,2015,0,398039,0,5,10,10,8,0,0,8
30,5,2015,1,398040,0,7,1,2.14285714285714,1,0,0,7
30,5,2015,2,398041,6,1,4.5,3.625,6,0,0,8
30,5,2015,3,398042,2,5,4,3.88888888888889,2,0,0,9
30,5,2015,4,398043,1,0,2,1.66666666666667,2,0,0,6
30,5,2015,5,398044,0,0,2,2,2,0,0,6
30,5,2015,6,398045,0,1,2,1.66666666666667,1,0,0,6
30,5,2015,7,398046,2,1,1.5,1.66666666666667,2,0,0,6
30,5,2015,8,398047,3,2,2.5,2.5,3,0,0,6
30,5,2015,9,398048,2,4,5,5.3,3,0,0,10
30,5,2015,10,398049,3,3,3,3.85714285714286,3,0,0,7
30,5,2015,11,398050,7,5,5,4.66666666666667,5,0,0,9
30,5,2015,12,398051,4,7,5,4.77777777777778,1,0,0,9
30,5,2015,13,398052,4,3,2,2,3,0,0,8
30,5,2015,14,398053,2,2,3,3,3,0,0,7
30,5,2015,15,398054,2,2,2,2.25,2,0,0,8
30,5,2015,16,398055,11,1,3,4.5,11,0,0,8
30,5,2015,17,398056,5,12,10,9.72727272727273,5,0,0,11
30,5,2015,18,398057,5,5,7.5,7.5,8,0,0,8
30,5,2015,19,398058,2,9,5.5,6,3,0,0,10
30,5,2015,20,398059,7,0,4,4.33333333333333,8,0,0,6
30,5,2015,21,398060,5,7,7,7.375,7,0,0,8
30,5,2015,22,398061,3,2,9,8.57142857142857,9,0,0,7
30,5,2015,23,398062,1,7,3,3.75,2,0,0,8
31,5,2015,0,398063,7,3,4,4,6,0,0,9
31,5,2015,1,398064,6,0,12,11.2,13,0,0,5
31,5,2015,2,398065,5,3,13,12.3333333333333,14,0,0,9
31,5,2015,3,398066,2,6,11,11,8,0,0,7
31,5,2015,4,398067,5,2,9,9.11111111111111,10,0,0,9
31,5,2015,5,398068,0,0,10,10,10,0,0,5
31,5,2015,6,398069,0,1,10,9.85714285714286,9,0,0,7
31,5,2015,7,398070,1,3,7,7.57142857142857,7,0,0,7
31,5,2015,8,398071,4,1,8.5,8.5,10,0,0,6
31,5,2015,9,398072,1,3,10,9.42857142857143,8,0,0,7
31,5,2015,10,398073,2,5,2.5,2.875,3,0,0,8
31,5,2015,11,398074,1,0,3,3.4,4,0,0,5
31,5,2015,12,398075,2,2,4,4.14285714285714,5,0,0,7
31,5,2015,13,398076,2,2,6,5.875,5,0,0,8
31,5,2015,14,398077,2,0,4,4.57142857142857,6,0,0,7
31,5,2015,15,398078,2,5,2,2,2,0.142857142857143,0,7
31,5,2015,16,398079,3,0,4,3.85714285714286,5,0,0,7
31,5,2015,17,398080,6,5,8,8.55555555555556,8,0,0,9
31,5,2015,18,398081,2,7,3,3.25,2,0,0,8
31,5,2015,19,398082,5,1,5.5,4.875,6,0,0,8
31,5,2015,20,398083,4,1,9,9.11111111111111,10,0,0,9
31,5,2015,21,398084,0,1,11,10.8333333333333,10,0,0,6
31,5,2015,22,398085,2,0,12,11.4285714285714,12,0,0,7
31,5,2015,23,398086,0,1,11.5,11.5,11,0,0,6
1,6,2015,0,398087,0,2,10,10,9,0,0,6
1,6,2015,1,398088,0,0,9,9,9,0,0,6
1,6,2015,2,398089,0,0,9,9,9,0,0,7
1,6,2015,3,398090,0,1,8.5,8.5,8,0,0,6
1,6,2015,4,398091,0,0,8,8,8,0,0,6
1,6,2015,5,398092,1,0,8,8.16666666666667,9,0,0,6
1,6,2015,6,398093,4,2,10,10.25,11,0,0,8
1,6,2015,7,398094,2,11,7,6.33333333333333,1,0,0,9
1,6,2015,8,398095,3,5,2,1.81818181818182,1,0,0,11
1,6,2015,9,398096,1,2,1,0.571428571428571,0,0.428571428571429,0,7
1,6,2015,10,398097,3,2,1,0.875,1,0.375,0,8
1,6,2015,11,398098,3,3,1,1.11111111111111,1,0.111111111111111,0,9
1,6,2015,12,398099,4,4,0,0.555555555555556,0,0.666666666666667,0,9
1,6,2015,13,398100,3,3,2,1.625,1,0.125,0,8
1,6,2015,14,398101,2,1,2,1.71428571428571,2,0,0,7
1,6,2015,15,398102,5,3,4,3.44444444444444,4,0,0,9
1,6,2015,16,398103,7,7,5,5.11111111111111,6,0,0,9
1,6,2015,17,398104,7,5,7,6.77777777777778,9,0,0,9
1,6,2015,18,398105,9,4,9.5,10.6,14,0,0,10
1,6,2015,19,398106,6,7,16.5,16.125,14,0,0,8
1,6,2015,20,398107,5,4,16,15.7777777777778,15,0,0,9
1,6,2015,21,398108,0,3,14,13.7142857142857,12,0,0,7
1,6,2015,22,398109,1,4,8,7.71428571428571,6,0,0,7
1,6,2015,23,398110,1,2,5.5,5.5,5,0,0,6
2,6,2015,0,398111,1,1,5,4.85714285714286,5,0,0,7
2,6,2015,1,398112,2,0,5,5.66666666666667,7,0,0,6
2,6,2015,2,398113,1,0,8,7.71428571428571,8,0,0,7
2,6,2015,3,398114,0,0,8,8,8,0,0,6
2,6,2015,4,398115,1,0,8,8.14285714285714,9,0,0,7
2,6,2015,5,398116,0,1,8.5,8.5,8,0,0,6
2,6,2015,6,398117,0,2,7,6.83333333333333,6,0,0,6
2,6,2015,7,398118,4,7,3.5,3.5,1,0,0,8
2,6,2015,8,398119,11,1,5,5.6,11,0,0,10
2,6,2015,9,398120,3,6,11,11.125,11,0,0,8
2,6,2015,10,398121,5,6,12,12.2,11,0,0,10
2,6,2015,11,398122,4,5,11,10.875,9,0,0,8
2,6,2015,12,398123,7,3,9,8.88888888888889,13,0,0,9
2,6,2015,13,398124,6,2,17,16.7142857142857,18,0,0,7
2,6,2015,14,398125,4,4,17.5,17.5,18,0,0,10
2,6,2015,15,398126,1,1,18,17.875,18,0,0,8
2,6,2015,16,398127,2,3,18,17.625,17,0,0,8
2,6,2015,17,398128,2,4,17,16.5,15,0,0,10
2,6,2015,18,398129,2,2,17,17.375,17,0,0,8
2,6,2015,19,398130,0,2,18,17.5,16,0,0,8
2,6,2015,20,398131,4,5,18,17.3333333333333,17,0,0,9
2,6,2015,21,398132,3,3,16,16.375,16,0,0,8
2,6,2015,22,398133,1,4,14.5,14.125,12,0,0,8
2,6,2015,23,398134,1,3,11.5,11.625,11,0,0,8
3,6,2015,0,398135,1,2,10,10,10,0,0,8
3,6,2015,1,398136,1,0,10.5,10.5,11,0,0,6
3,6,2015,2,398137,0,0,11,11,11,0,0,7
3,6,2015,3,398138,0,0,11,11,11,0,0,5
3,6,2015,4,398139,0,0,11,11,11,0,0,6
3,6,2015,5,398140,0,2,11,10.5,9,0,0,6
3,6,2015,6,398141,5,2,10,10.375,12,0,0,8
3,6,2015,7,398142,6,7,13,13.2,12,0,0,10
3,6,2015,8,398143,8,9,13,13.7,12,0,0,10
3,6,2015,9,398144,6,1,16,15.9,18,0,0,10
3,6,2015,10,398145,1,4,17,16.7142857142857,15,0,0,7
3,6,2015,11,398146,3,4,15,15,15,0,0,9
3,6,2015,12,398147,4,2,17,16.6666666666667,18,0,0,9
3,6,2015,13,398148,0,5,17,16.1428571428571,13,0,0,7
3,6,2015,14,398149,7,2,15,14.625,17,0,0,8
3,6,2015,15,398150,1,5,14,14.375,13,0,0,8
3,6,2015,16,398151,7,5,16,15.3,15,0,0,10
3,6,2015,17,398152,7,4,15,15.1,18,0,0,10
3,6,2015,18,398153,7,7,16.5,16.2,17,0,0,10
3,6,2015,19,398154,1,3,17,16.8888888888889,15,0,0,9
3,6,2015,20,398155,5,4,16,16,17,0,0,10
3,6,2015,21,398156,3,1,18,17.3333333333333,18,0,0,9
3,6,2015,22,398157,4,3,17.5,17.375,18,0,0,8
3,6,2015,23,398158,2,5,15.5,15.75,15,0,0,8
4,6,2015,0,398159,4,3,16,16.4444444444444,17,0,0,9
4,6,2015,1,398160,1,1,17,16.75,17,0,0,8
4,6,2015,2,398161,0,1,16,16.1428571428571,16,0,0,7
4,6,2015,3,398162,0,0,16,16,16,0,0,6
4,6,2015,4,398163,0,0,16,16,16,0,0,6
4,6,2015,5,398164,1,0,17,16.5714285714286,17,0,0,7
4,6,2015,6,398165,1,3,18,17.25,16,0,0,8
4,6,2015,7,398166,2,4,17.5,16.75,15,0,0,8
4,6,2015,8,398167,2,3,17,17,16,0,0,10
4,6,2015,9,398168,3,4,16,16.2,15,0,0,10
4,6,2015,10,398169,1,4,14,14.1428571428571,12,0,0,7
4,6,2015,11,398170,2,2,12,11.7142857142857,12,0,0,7
4,6,2015,12,398171,3,6,11,10.8888888888889,9,0,0,9
4,6,2015,13,398172,8,3,11,10.875,13,0,0,8
4,6,2015,14,398173,4,3,15,15.2222222222222,15,0,0,9
4,6,2015,15,398174,3,3,13,13.125,14,0,0,8
4,6,2015,16,398175,7,7,16,16,17,0,0,10
4,6,2015,17,398176,1,2,17,17,16,0,0,8
4,6,2015,18,398177,3,5,16,16.1428571428571,15,0,0,7
4,6,2015,19,398178,5,5,12,13.1818181818182,15,0,0,11
4,6,2015,20,398179,5,0,18,17,18,0,0,7
4,6,2015,21,398180,1,3,17,16.875,16,0,0,8
4,6,2015,22,398181,5,4,15.5,15.5,18,0,0,8
4,6,2015,23,398182,4,7,16.5,16.5,15,0,0,10
5,6,2015,0,398183,4,1,18,16.8571428571429,18,0,0,7
5,6,2015,1,398184,0,4,17,16.7142857142857,14,0,0,7
5,6,2015,2,398185,4,0,12,13.25,16,0,0,8
5,6,2015,3,398186,0,0,16,16,16,0,0,6
5,6,2015,4,398187,1,2,15,15.5,15,0,0,6
5,6,2015,5,398188,0,0,16,16,16,0,0,6
5,6,2015,6,398189,4,2,17,17.3333333333333,18,0,0,9
5,6,2015,7,398190,1,1,17,17.1428571428571,17,0,0,7
5,6,2015,8,398191,8,10,15.5,14.8,15,0,0,10
5,6,2015,9,398192,9,5,10,10.2,14,0,0,10
5,6,2015,10,398193,3,2,13,12.7777777777778,13,0,0,9
5,6,2015,11,398194,4,3,10.5,10.5,12,0,0,8
5,6,2015,12,398195,6,3,15,14.5,15,0,0,10
5,6,2015,13,398196,3,3,17,17,17,0,0,8
5,6,2015,14,398197,3,10,12,13.1111111111111,11,0,0,9
5,6,2015,15,398198,4,2,11,10.7777777777778,13,0,0,9
5,6,2015,16,398199,4,2,17,16.5555555555556,16,0,0,9
5,6,2015,17,398200,4,4,16,15.4,16,0,0,10
5,6,2015,18,398201,2,4,18,17.1111111111111,15,0,0,9
5,6,2015,19,398202,6,5,17,16.4444444444444,18,0,0,9
5,6,2015,20,398203,5,6,16,16.2,15,0,0,10
5,6,2015,21,398204,3,4,15.5,15.5,14,0,0,6
5,6,2015,22,398205,1,3,14,14.25,13,0,0,8
5,6,2015,23,398206,8,2,16,15.75,18,0,0,8
6,6,2015,0,398207,1,5,16.5,16,13,0,0,8
6,6,2015,1,398208,1,4,11.5,11.5,10,0,0,8
6,6,2015,2,398209,3,2,11,10.5714285714286,11,0,0,7
6,6,2015,3,398210,4,5,13,12.75,12,0,0,8
6,6,2015,4,398211,0,1,11,11.2857142857143,11,0,0,7
6,6,2015,5,398212,0,0,11,11,11,0,0,6
6,6,2015,6,398213,1,2,10,10.4,10,0,0,5
6,6,2015,7,398214,1,1,10,10.3333333333333,10,0,0,6
6,6,2015,8,398215,2,7,11,10.25,6,0,0,8
6,6,2015,9,398216,1,4,5,4.85714285714286,3,0,0,7
6,6,2015,10,398217,5,0,4,4,7,0,0,8
6,6,2015,11,398218,8,3,13.5,13,13,0,0,10
6,6,2015,12,398219,3,7,7.5,8.125,7,0,0,8
6,6,2015,13,398220,4,4,8.5,8.5,7,0,0,8
6,6,2015,14,398221,5,9,4.5,4.1,2,0,0,10
6,6,2015,15,398222,5,4,3,2.88888888888889,4,0,0,9
6,6,2015,16,398223,5,7,6,6,5,0,0,8
6,6,2015,17,398224,5,3,9.5,9.125,9,0,0,8
6,6,2015,18,398225,9,2,10,9.44444444444444,14,0,0,9
6,6,2015,19,398226,9,5,14,13.875,16,0,0,8
6,6,2015,20,398227,2,1,16,16.4285714285714,17,0,0,7
6,6,2015,21,398228,3,2,17,17.25,18,0,0,8
6,6,2015,22,398229,0,0,18,18,18,0,0,6
6,6,2015,23,398230,2,4,17,16.8571428571429,16,0,0,7
7,6,2015,0,398231,2,7,13,12.75,11,0,0,8
7,6,2015,1,398232,3,2,11,11.375,13,0,0,8
7,6,2015,2,398233,2,6,13,12.25,9,0,0,8
7,6,2015,3,398234,2,3,8,7.85714285714286,8,0,0,7
7,6,2015,4,398235,1,0,9,8.85714285714286,9,0,0,7
7,6,2015,5,398236,1,0,9.5,9.5,10,0,0,6
7,6,2015,6,398237,0,0,10,10,10,0,0,6
7,6,2015,7,398238,0,0,10,10,10,0,0,6
7,6,2015,8,398239,1,2,10,10,9,0,0,6
7,6,2015,9,398240,3,2,9,9.42857142857143,10,0,0,7
7,6,2015,10,398241,0,6,9,8.375,5,0,0,8
7,6,2015,11,398242,1,3,4,3.77777777777778,3,0,0,9
7,6,2015,12,398243,6,4,5,5,5,0,0,8
7,6,2015,13,398244,3,3,8,7.75,8,0,0,8
7,6,2015,14,398245,3,10,4,3.44444444444444,0,0.111111111111111,0,9
7,6,2015,15,398246,2,2,1,0.857142857142857,0,0.428571428571429,0,7
7,6,2015,16,398247,4,0,1,1.625,4,0.25,0,8
7,6,2015,17,398248,1,3,5,4.55555555555556,4,0,0,9
7,6,2015,18,398249,9,2,5.5,5.9,10,0,0,10
7,6,2015,19,398250,5,7,11.5,11.2,10,0,0,10
7,6,2015,20,398251,3,3,8,7.71428571428571,9,0,0,7
7,6,2015,21,398252,6,5,9,8.5,10,0,0,10
7,6,2015,22,398253,2,4,9,9.125,7,0,0,8
7,6,2015,23,398254,0,0,7,7,7,0,0,6
8,6,2015,0,398255,1,0,8,7.71428571428571,8,0,0,7
8,6,2015,1,398256,0,0,8,8,8,0,0,6
8,6,2015,2,398257,0,0,8,8,8,0,0,6
8,6,2015,3,398258,1,0,8.5,8.5,9,0,0,6
8,6,2015,4,398259,0,0,10,10,10,0,0,6
8,6,2015,5,398260,0,0,10,10,10,0,0,6
8,6,2015,6,398261,0,1,10,9.66666666666667,9,0,0,6
8,6,2015,7,398262,2,12,8,7.1,0,0.1,0,10
8,6,2015,8,398263,8,4,3.5,3.3,4,0.2,0,10
8,6,2015,9,398264,3,4,4,4,3,0,0,8
8,6,2015,10,398265,4,2,4,4.375,6,0,0,8
8,6,2015,11,398266,1,3,6,6.14285714285714,5,0,0,7
8,6,2015,12,398267,4,1,8,8,9,0,0,7
8,6,2015,13,398268,3,9,8,7.11111111111111,2,0,0,9
8,6,2015,14,398269,5,4,2,1.4,3,0.3,0,10
8,6,2015,15,398270,2,4,1,0.7,0,0.4,0,10
8,6,2015,16,398271,6,1,2,2.55555555555556,6,0.111111111111111,0,9
8,6,2015,17,398272,3,6,4.5,4.25,2,0,0,8
8,6,2015,18,398273,11,7,8.5,7.7,6,0,0,10
8,6,2015,19,398274,7,6,6,5.54545454545455,7,0,0,11
8,6,2015,20,398275,9,3,13,11.8888888888889,16,0,0,9
8,6,2015,21,398276,4,5,15.5,15,15,0,0,8
8,6,2015,22,398277,3,5,15,15,13,0,0,8
8,6,2015,23,398278,4,2,13,12.5714285714286,15,0,0,7
9,6,2015,0,398279,0,0,15,15,15,0,0,6
9,6,2015,1,398280,3,1,17,16.8571428571429,17,0,0,7
9,6,2015,2,398281,1,0,17,17.1666666666667,18,0,0,6
9,6,2015,3,398282,0,0,18,18,18,0,0,6
9,6,2015,4,398283,0,0,18,18,18,0,0,6
9,6,2015,5,398284,0,1,18,17.8571428571429,17,0,0,7
9,6,2015,6,398285,1,4,15.5,15.6666666666667,14,0,0,6
9,6,2015,7,398286,1,13,5,7.45454545454545,3,0,0,11
9,6,2015,8,398287,14,0,12.5,12.25,18,0,0,8
9,6,2015,9,398288,1,2,18,17.5,17,0,0,8
9,6,2015,10,398289,3,4,17,16.625,17,0,0,8
9,6,2015,11,398290,0,5,12,12.375,10,0,0,8
9,6,2015,12,398291,4,7,9,8.88888888888889,8,0,0,9
9,6,2015,13,398292,5,2,11.5,11.3,12,0,0,10
9,6,2015,14,398293,3,4,10.5,10.125,11,0,0,8
9,6,2015,15,398294,6,2,12,12.7777777777778,16,0,0,9
9,6,2015,16,398295,2,2,18,17.5714285714286,18,0,0,7
9,6,2015,17,398296,4,8,15,14,11,0,0,9
9,6,2015,18,398297,12,4,13,12.5555555555556,18,0,0,9
9,6,2015,19,398298,3,4,16,15.8,16,0,0,10
9,6,2015,20,398299,2,2,17,16.5714285714286,17,0,0,7
9,6,2015,21,398300,2,3,17,16.5555555555556,16,0,0,9
9,6,2015,22,398301,3,4,14,14.2857142857143,14,0,0,7
9,6,2015,23,398302,5,3,13.5,13.375,16,0,0,8
10,6,2015,0,398303,2,1,16,16,16,0,0,7
10,6,2015,1,398304,1,0,17,16.8333333333333,17,0,0,6
10,6,2015,2,398305,0,0,17,17,17,0,0,6
10,6,2015,3,398306,1,0,18,17.6666666666667,18,0,0,6
10,6,2015,4,398307,0,0,18,18,18,0,0,6
10,6,2015,5,398308,0,0,18,18,18,0,0,6
10,6,2015,6,398309,0,1,18,17.8333333333333,17,0,0,6
10,6,2015,7,398310,10,10,17,16.125,17,0,0,8
10,6,2015,8,398311,3,5,18,17.3333333333333,16,0,0,9
10,6,2015,9,398312,4,10,12,12.4,10,0,0,10
10,6,2015,10,398313,3,8,11,10.1818181818182,6,0,0,11
10,6,2015,11,398314,1,6,2,2.625,1,0,0,8
10,6,2015,12,398315,2,2,1,1.28571428571429,1,0,0,7
10,6,2015,13,398316,8,1,5,4.77777777777778,8,0,0,9
10,6,2015,14,398317,6,5,5,4.5,7,0,0,8
10,6,2015,15,398318,2,4,6.5,6.6,6,0,0,10
10,6,2015,16,398319,4,2,11.5,11.1666666666667,11,0,0,6
10,6,2015,17,398320,9,6,13.5,14,16,0,0,10
10,6,2015,18,398321,5,7,16.5,16.7,16,0,0,10
10,6,2015,19,398322,2,2,18,17.7,18,0,0,10
10,6,2015,20,398323,8,8,15,14.6,16,0,0,10
10,6,2015,21,398324,4,8,13.5,13.6,13,0,0,10
10,6,2015,22,398325,8,3,16,15.5714285714286,18,0,0,7
10,6,2015,23,398326,3,7,16,15.6666666666667,14,0,0,9
11,6,2015,0,398327,2,4,13,12.7,12,0,0,10
11,6,2015,1,398328,1,1,9,9.28571428571429,10,0,0,7
11,6,2015,2,398329,1,0,10.5,10.5,11,0,0,8
11,6,2015,3,398330,1,0,12,11.6666666666667,12,0,0,6
11,6,2015,4,398331,0,0,12,12,12,0,0,6
11,6,2015,5,398332,0,1,12,11.6666666666667,11,0,0,6
11,6,2015,6,398333,2,4,10,10.4285714285714,9,0,0,7
11,6,2015,7,398334,8,5,11,10.5555555555556,12,0,0,9
11,6,2015,8,398335,8,4,15.5,14.7,14,0,0,10
11,6,2015,9,398336,3,1,17,16.5555555555556,17,0,0,9
11,6,2015,10,398337,4,3,17,16.75,17,0,0,8
11,6,2015,11,398338,0,4,16,15.6666666666667,13,0,0,6
11,6,2015,12,398339,5,3,15,14.8888888888889,16,0,0,9
11,6,2015,13,398340,1,3,18,17.4285714285714,16,0,0,7
11,6,2015,14,398341,4,6,16,16,13,0,0,8
11,6,2015,15,398342,6,4,14,14.4444444444444,16,0,0,9
11,6,2015,16,398343,1,5,16,15,12,0,0,7
11,6,2015,17,398344,11,7,13.5,13.8,16,0,0,10
11,6,2015,18,398345,2,2,18,17.5555555555556,17,0,0,9
11,6,2015,19,398346,2,5,16.5,16.5,15,0,0,8
11,6,2015,20,398347,2,6,12,13,11,0,0,10
11,6,2015,21,398348,4,8,9.5,9,6,0,0,8
11,6,2015,22,398349,8,5,7,7.63636363636364,9,0,0,11
11,6,2015,23,398350,8,3,12,12.5714285714286,16,0,0,7
12,6,2015,0,398351,2,6,17,16.5555555555556,14,0,0,9
12,6,2015,1,398352,0,3,10.5,11,10,0,0,8
12,6,2015,2,398353,1,2,9.5,9.66666666666667,9,0,0,6
12,6,2015,3,398354,0,0,9,9,9,0,0,6
12,6,2015,4,398355,1,1,9,8.71428571428571,9,0,0,7
12,6,2015,5,398356,0,3,7,7.42857142857143,6,0,0,7
12,6,2015,6,398357,1,1,6,6.16666666666667,6,0,0,6
12,6,2015,7,398358,2,4,4.5,4.625,4,0,0,8
12,6,2015,8,398359,10,4,4.5,4,7,0.1,0,10
12,6,2015,9,398360,3,4,5,4.25,4,0,0,8
12,6,2015,10,398361,2,6,1,1.57142857142857,2,0.285714285714286,0,7
12,6,2015,11,398362,3,0,3,4,6,0,0,7
12,6,2015,12,398363,5,2,10,10,12,0,0,8
12,6,2015,13,398364,3,4,14,13.625,12,0,0,8
12,6,2015,14,398365,3,6,10,10.875,12,0,0,8
12,6,2015,15,398366,1,3,12,11.8888888888889,11,0,0,9
12,6,2015,16,398367,3,11,9,9.22222222222222,5,0,0,9
12,6,2015,17,398368,4,5,4,4.3,4,0,0,10
12,6,2015,18,398369,7,6,5,5,6,0,0,10
12,6,2015,19,398370,5,11,8,6.81818181818182,1,0,0,11
12,6,2015,20,398371,7,2,2,3.42857142857143,7,0.142857142857143,0,7
12,6,2015,21,398372,2,5,5,5.11111111111111,5,0,0,9
12,6,2015,22,398373,4,6,8.5,8.5,6,0,0,8
12,6,2015,23,398374,1,4,4,3.22222222222222,1,0,0,9
13,6,2015,0,398375,3,3,2,2.57142857142857,1,0,0,7
13,6,2015,1,398376,9,4,6,5.5,6,0,0,8
13,6,2015,2,398377,2,4,5,5.125,4,0,0,8
13,6,2015,3,398378,1,3,1.5,1.75,1,0,0,8
13,6,2015,4,398379,0,1,0,0.333333333333333,0,0.666666666666667,0,6
13,6,2015,5,398380,0,0,0,0,0,1,0,6
13,6,2015,6,398381,0,0,0,0,0,1,0,6
13,6,2015,7,398382,1,1,0,0.285714285714286,0,0.714285714285714,0,7
13,6,2015,8,398383,2,1,1,1.42857142857143,2,0,0,7
13,6,2015,9,398384,4,4,2,1.57142857142857,2,0.142857142857143,0,7
13,6,2015,10,398385,6,6,2,2.09090909090909,2,0,0,11
13,6,2015,11,398386,7,2,5,4.22222222222222,6,0,0,9
13,6,2015,12,398387,0,7,3,4.125,2,0,0,8
13,6,2015,13,398388,4,1,3,3,4,0,0,7
13,6,2015,14,398389,5,7,2,2.22222222222222,3,0.111111111111111,0,9
13,6,2015,15,398390,4,5,5,5,4,0,0,8
13,6,2015,16,398391,6,6,1.5,1.7,3,0.2,0,10
13,6,2015,17,398392,11,1,7.5,8.7,14,0,0,10
13,6,2015,18,398393,9,10,15,14.5555555555556,14,0,0,9
13,6,2015,19,398394,7,5,13,13,15,0,0,10
13,6,2015,20,398395,5,3,16,16.4285714285714,17,0,0.142857142857143,7
13,6,2015,21,398396,3,2,18,18.1428571428571,18,0,0.285714285714286,7
13,6,2015,22,398397,1,3,17,17.2857142857143,17,0,0.142857142857143,7
13,6,2015,23,398398,2,6,17,16.625,15,0,0.375,8
14,6,2015,0,398399,3,7,12,12.125,8,0,0,8
14,6,2015,1,398400,4,5,1,2,4,0.222222222222222,0,9
14,6,2015,2,398401,1,4,2.5,2.66666666666667,1,0,0,6
14,6,2015,3,398402,0,1,0,0.142857142857143,0,0.857142857142857,0,7
14,6,2015,4,398403,4,0,3,2.28571428571429,4,0.285714285714286,0,7
14,6,2015,5,398404,0,0,4,4,4,0,0,6
14,6,2015,6,398405,1,0,4,3.85714285714286,4,0,0,7
14,6,2015,7,398406,4,0,6,5.85714285714286,8,0,0,7
14,6,2015,8,398407,1,3,7.5,7.375,6,0,0,8
14,6,2015,9,398408,0,5,4,3.16666666666667,0,0.166666666666667,0,6
14,6,2015,10,398409,7,5,4,3.7,2,0.1,0,10
14,6,2015,11,398410,2,3,1,0.666666666666667,0,0.444444444444444,0,9
14,6,2015,12,398411,2,3,1,1.28571428571429,2,0.285714285714286,0,7
14,6,2015,13,398412,4,4,2,1.625,2,0.125,0,8
14,6,2015,14,398413,1,2,1,0.857142857142857,1,0.428571428571429,0,7
14,6,2015,15,398414,1,2,1,0.714285714285714,1,0.428571428571429,0,7
14,6,2015,16,398415,5,2,3,3.125,4,0,0,8
14,6,2015,17,398416,9,6,8,8.22222222222222,9,0,0,9
14,6,2015,18,398417,7,8,9,8.66666666666667,7,0,0,9
14,6,2015,19,398418,6,3,9,8,9,0,0,9
14,6,2015,20,398419,2,4,4,4.42857142857143,4,0,0,7
14,6,2015,21,398420,3,3,7,8.14285714285714,7,0,0,7
14,6,2015,22,398421,2,1,8.5,8.5,9,0,0,6
14,6,2015,23,398422,3,2,10.5,10.875,11,0,0,8
15,6,2015,0,398423,2,0,14,13.6666666666667,14,0,0,6
15,6,2015,1,398424,1,0,15,14.7142857142857,15,0,0,7
15,6,2015,2,398425,0,0,15,15,15,0,0,6
15,6,2015,3,398426,0,0,15,15,15,0,0,6
15,6,2015,4,398427,0,0,15,15,15,0,0,6
15,6,2015,5,398428,0,1,15,14.6,14,0,0,5
15,6,2015,6,398429,4,3,16,15.7,16,0,0,10
15,6,2015,7,398430,3,3,16,15.7777777777778,15,0,0,9
15,6,2015,8,398431,4,9,7,6.90909090909091,6,0,0,11
15,6,2015,9,398432,5,5,6,6,6,0,0,8
15,6,2015,10,398433,2,4,5,4.71428571428571,3,0,0,7
15,6,2015,11,398434,5,3,4,4.11111111111111,5,0,0,9
15,6,2015,12,398435,3,5,5.5,5.5,4,0,0,8
15,6,2015,13,398436,5,3,3,3.28571428571429,6,0,0,7
15,6,2015,14,398437,5,2,9.5,9.125,10,0,0,8
15,6,2015,15,398438,3,9,6,6.3,3,0,0,10
15,6,2015,16,398439,5,5,4.5,4.6,4,0,0,10
15,6,2015,17,398440,8,7,5.5,5.7,3,0,0,10
15,6,2015,18,398441,10,3,7.5,7.2,10,0,0,10
15,6,2015,19,398442,10,2,14.5,14.4,18,0,0,10
15,6,2015,20,398443,6,7,17.5,17.1,15,0,0.2,10
15,6,2015,21,398444,1,10,10.5,11.1666666666667,7,0,0,6
15,6,2015,22,398445,6,3,12,11.3,12,0,0,10
15,6,2015,23,398446,5,2,17,16.4444444444444,17,0,0,9
16,6,2015,0,398447,1,2,17,16.7142857142857,17,0,0,7
16,6,2015,1,398448,0,1,17,16.6666666666667,16,0,0,6
16,6,2015,2,398449,0,0,16,16,16,0,0,7
16,6,2015,3,398450,1,2,15,15.5,15,0,0,6
16,6,2015,4,398451,0,0,15,15,15,0,0,6
16,6,2015,5,398452,0,2,14,14,13,0,0,7
16,6,2015,6,398453,0,3,11,10.4285714285714,9,0,0,7
16,6,2015,7,398454,0,6,4,3.55555555555556,1,0,0,9
16,6,2015,8,398455,11,10,6,6.3,4,0,0,10
16,6,2015,9,398456,3,3,6,5.625,6,0,0,8
16,6,2015,10,398457,5,5,4,4.18181818181818,5,0,0,11
16,6,2015,11,398458,2,5,4,4.22222222222222,3,0,0,9
16,6,2015,12,398459,6,2,4.5,4.625,6,0,0,8
16,6,2015,13,398460,7,1,9,9.42857142857143,12,0,0,7
16,6,2015,14,398461,1,5,12,11.8888888888889,10,0,0,9
16,6,2015,15,398462,5,5,11,10.4444444444444,11,0,0,9
16,6,2015,16,398463,3,2,11,11,12,0,0,8
16,6,2015,17,398464,8,9,14,14.6,13,0,0,10
16,6,2015,18,398465,5,6,15.5,15.7,13,0,0,10
16,6,2015,19,398466,4,6,15,15.6,15,0,0,10
16,6,2015,20,398467,5,5,13,12.4444444444444,14,0,0,9
16,6,2015,21,398468,3,3,13,13.2222222222222,13,0,0,9
16,6,2015,22,398469,4,8,8,7.875,6,0,0,8
16,6,2015,23,398470,4,4,2,2.28571428571429,2,0,0,7
17,6,2015,0,398471,1,0,6.5,6.5,7,0,0,6
17,6,2015,1,398472,2,0,9,8.6,9,0,0,5
17,6,2015,2,398473,1,0,7,7.375,8,0,0,8
17,6,2015,3,398474,1,0,9,8.83333333333333,9,0,0,6
17,6,2015,4,398475,0,0,9,9,9,0,0,6
17,6,2015,5,398476,1,0,10,9.85714285714286,10,0,0,7
17,6,2015,6,398477,2,4,9,9,9,0,0,7
17,6,2015,7,398478,2,7,6,5.55555555555556,2,0,0,9
17,6,2015,8,398479,13,6,8,7.81818181818182,11,0,0,11
17,6,2015,9,398480,11,2,14,14.5,19,0,0.125,8
17,6,2015,10,398481,2,7,12.5,13.5,12,0,0,10
17,6,2015,11,398482,2,3,12,12.25,11,0,0,8
17,6,2015,12,398483,2,4,9,9.5,9,0,0,8
17,6,2015,13,398484,6,0,14,13.9090909090909,17,0,0,11
17,6,2015,14,398485,3,4,16,16,16,0,0,8
17,6,2015,15,398486,4,2,14,14.1428571428571,14,0,0,7
17,6,2015,16,398487,4,9,12,12,9,0,0,11
17,6,2015,17,398488,4,4,4,4,6,0,0,9
17,6,2015,18,398489,15,4,9.5,10.2,17,0,0,10
17,6,2015,19,398490,6,9,10,10.4,12,0,0,10
17,6,2015,20,398491,6,1,13.5,14.1,18,0,0,10
17,6,2015,21,398492,3,6,14.5,15.125,14,0,0,8
17,6,2015,22,398493,6,5,14,14.8181818181818,15,0,0,11
17,6,2015,23,398494,3,6,13,13.625,13,0,0,8
18,6,2015,0,398495,5,5,14.5,14.625,13,0,0,8
18,6,2015,1,398496,0,0,14,14,14,0,0,6
18,6,2015,2,398497,1,0,14.5,14.5,15,0,0,8
18,6,2015,3,398498,0,1,15,15.4285714285714,15,0,0,7
18,6,2015,4,398499,0,0,15,15,15,0,0,5
18,6,2015,5,398500,0,1,14,14.1666666666667,14,0,0,6
18,6,2015,6,398501,1,2,12,12.2857142857143,12,0,0,7
18,6,2015,7,398502,4,4,14,14,13,0,0,8
18,6,2015,8,398503,7,3,16.5,16.375,17,0,0,8
18,6,2015,9,398504,4,6,15.5,15.5,15,0,0,10
18,6,2015,10,398505,3,6,13,13.125,12,0,0,8
18,6,2015,11,398506,4,6,13,12.875,11,0,0,8
18,6,2015,12,398507,5,2,14,13.6666666666667,15,0,0,9
18,6,2015,13,398508,4,2,16,16.3333333333333,18,0,0,9
18,6,2015,14,398509,0,3,18,17,15,0,0,9
18,6,2015,15,398510,5,4,17,17.1,17,0,0,10
18,6,2015,16,398511,1,1,18,17.8571428571429,18,0,0,7
18,6,2015,17,398512,2,3,17.5,17.375,16,0,0,8
18,6,2015,18,398513,5,4,15,15.3333333333333,15,0,0,9
18,6,2015,19,398514,9,6,14,14.7,17,0,0,10
18,6,2015,20,398515,4,3,16,16,16,0,0,9
18,6,2015,21,398516,5,6,17,17.3333333333333,16,0,0.111111111111111,9
18,6,2015,22,398517,2,7,15,14.6363636363636,11,0,0,11
18,6,2015,23,398518,6,3,9.5,9.75,12,0,0,8
19,6,2015,0,398519,0,9,10,9.28571428571429,4,0,0,7
19,6,2015,1,398520,1,0,4.5,4.5,5,0,0,6
19,6,2015,2,398521,1,1,5,4.71428571428571,5,0,0,7
19,6,2015,3,398522,0,1,5,5.33333333333333,5,0,0,6
19,6,2015,4,398523,0,0,5,5,5,0,0,6
19,6,2015,5,398524,0,1,5,4.66666666666667,4,0,0,6
19,6,2015,6,398525,1,1,3,2.83333333333333,3,0,0,6
19,6,2015,7,398526,7,9,3.5,4,1,0,0,10
19,6,2015,8,398527,7,1,2.5,2.7,6,0.2,0,10
19,6,2015,9,398528,3,6,7,6.66666666666667,6,0,0,9
19,6,2015,10,398529,4,2,4,4.28571428571429,5,0,0,7
19,6,2015,11,398530,4,3,6,5.88888888888889,7,0,0,9
19,6,2015,12,398531,7,1,12,11.5714285714286,14,0,0,7
19,6,2015,13,398532,8,6,17,16.5555555555556,15,0,0.111111111111111,9
19,6,2015,14,398533,2,12,6,7.44444444444444,4,0,0,9
19,6,2015,15,398534,4,2,7,6.75,7,0,0,8
19,6,2015,16,398535,4,5,3,2.9,4,0.1,0,10
19,6,2015,17,398536,10,1,8,8.5,14,0,0,10
19,6,2015,18,398537,8,3,17,16.375,18,0,0,8
19,6,2015,19,398538,5,4,16,16.4444444444444,18,0,0,9
19,6,2015,20,398539,1,2,17,17.1428571428571,16,0,0,7
19,6,2015,21,398540,10,7,13,13.4444444444444,18,0,0,9
19,6,2015,22,398541,2,4,17.5,17.375,16,0,0,8
19,6,2015,23,398542,6,3,17.5,17.3,18,0,0,10
20,6,2015,0,398543,2,2,17,17.2857142857143,18,0,0,7
20,6,2015,1,398544,3,3,18,17.625,18,0,0,8
20,6,2015,2,398545,1,3,17,17,16,0,0,9
20,6,2015,3,398546,1,5,15,14.8571428571429,13,0,0,7
20,6,2015,4,398547,1,0,13.5,13.5,14,0,0,6
20,6,2015,5,398548,2,0,15,15,16,0,0,7
20,6,2015,6,398549,0,1,16,15.6666666666667,15,0,0,6
20,6,2015,7,398550,2,0,15.5,15.6666666666667,17,0,0,6
20,6,2015,8,398551,2,4,15,15.375,15,0,0,8
20,6,2015,9,398552,5,8,15,15,12,0,0,9
20,6,2015,10,398553,3,7,7.5,7.75,7,0,0,8
20,6,2015,11,398554,4,3,13,12.5,11,0,0,8
20,6,2015,12,398555,1,5,10,9.85714285714286,8,0,0,7
20,6,2015,13,398556,7,1,9,9.25,13,0,0,8
20,6,2015,14,398557,5,7,12,13,10,0,0,9
20,6,2015,15,398558,3,4,13,13.5,12,0,0,8
20,6,2015,16,398559,3,1,16,15.4285714285714,17,0,0,7
20,6,2015,17,398560,3,4,15,15,14,0,0,9
20,6,2015,18,398561,5,7,13,12.7777777777778,12,0,0,9
20,6,2015,19,398562,12,11,14,14.0909090909091,13,0,0,11
20,6,2015,20,398563,5,2,17,16.1428571428571,17,0,0,7
20,6,2015,21,398564,1,3,15,15.2857142857143,15,0,0,7
20,6,2015,22,398565,4,2,18,17.25,18,0,0,8
20,6,2015,23,398566,1,4,18,17.3333333333333,15,0,0,6
21,6,2015,0,398567,3,11,14.5,12.25,6,0,0,8
21,6,2015,1,398568,5,2,8,7.75,9,0,0,8
21,6,2015,2,398569,5,0,13.5,13.25,15,0,0,8
21,6,2015,3,398570,1,3,14.5,14.6666666666667,14,0,0,6
21,6,2015,4,398571,3,0,16,16.2857142857143,18,0,0,7
21,6,2015,5,398572,0,0,18,18,18,0,0,6
21,6,2015,6,398573,0,0,18,18,18,0,0,6
21,6,2015,7,398574,0,1,18,17.8333333333333,17,0,0,6
21,6,2015,8,398575,2,5,17,15.7142857142857,14,0,0,7
21,6,2015,9,398576,1,4,11.5,12,11,0,0,6
21,6,2015,10,398577,0,5,9,9,6,0,0,7
21,6,2015,11,398578,6,1,6,6.9,11,0,0,10
21,6,2015,12,398579,5,1,12.5,12.375,14,0,0,8
21,6,2015,13,398580,3,9,10,9.875,8,0,0,8
21,6,2015,14,398581,1,4,6,6.125,5,0,0,8
21,6,2015,15,398582,4,2,3,3.28571428571429,5,0,0,7
21,6,2015,16,398583,4,4,4,4,4,0,0,9
21,6,2015,17,398584,4,3,3.5,4,6,0,0,8
21,6,2015,18,398585,3,5,4,4.25,4,0,0,8
21,6,2015,19,398586,2,1,3,2.875,3,0,0,8
21,6,2015,20,398587,6,1,5.5,4.75,7,0,0,8
21,6,2015,21,398588,8,3,8,7.7,11,0,0,10
21,6,2015,22,398589,3,4,8,8,9,0,0,7
21,6,2015,23,398590,9,0,16,14.4285714285714,18,0,0,7
22,6,2015,0,398591,3,1,16,15.625,17,0,0,8
22,6,2015,1,398592,1,1,17.5,17.5,17,0,0,6
22,6,2015,2,398593,1,0,17,17.2857142857143,18,0,0,7
22,6,2015,3,398594,0,1,17,17.3333333333333,17,0,0,6
22,6,2015,4,398595,0,0,17,17,17,0,0,6
22,6,2015,5,398596,1,2,17,16.5,16,0,0,6
22,6,2015,6,398597,0,3,15,15,14,0,0,7
22,6,2015,7,398598,2,15,14,10.5555555555556,1,0,0,9
22,6,2015,8,398599,2,4,0,0.625,1,0.625,0,8
22,6,2015,9,398600,4,0,3,2,4,0.333333333333333,0,9
22,6,2015,10,398601,0,3,3.5,3.16666666666667,1,0,0,6
22,6,2015,11,398602,3,3,1,0.666666666666667,1,0.444444444444444,0,9
22,6,2015,12,398603,4,4,1,1.375,1,0.25,0,8
22,6,2015,13,398604,4,4,1,1.125,1,0.25,0,8
22,6,2015,14,398605,3,3,1,0.888888888888889,1,0.222222222222222,0,9
22,6,2015,15,398606,1,0,0,0.333333333333333,1,0.666666666666667,0,6
22,6,2015,16,398607,0,0,0,0,0,1,0,6
22,6,2015,17,398608,0,0,0,0,0,1,0,7
22,6,2015,18,398609,2,2,0,0.333333333333333,1,0.666666666666667,0,9
22,6,2015,19,398610,2,3,1,0.875,0,0.25,0,8
22,6,2015,20,398611,2,2,1,1.25,1,0,0,8
22,6,2015,21,398612,1,3,1,1.5,1,0.166666666666667,0,6
22,6,2015,22,398613,7,1,3.5,3.125,6,0.25,0,8
22,6,2015,23,398614,6,3,8,7.375,9,0,0,8
23,6,2015,0,398615,2,3,9.5,9.5,8,0,0,6
23,6,2015,1,398616,1,0,8,8.42857142857143,9,0,0,7
23,6,2015,2,398617,1,0,9,9.14285714285714,10,0,0,7
23,6,2015,3,398618,1,3,9.5,9.75,9,0,0,8
23,6,2015,4,398619,0,0,9,9,9,0,0,5
23,6,2015,5,398620,1,1,9,8.75,9,0,0,8
23,6,2015,6,398621,1,1,9,9.28571428571429,9,0,0,7
23,6,2015,7,398622,1,8,1,2,0,0.5,0,8
23,6,2015,8,398623,7,5,2,2.11111111111111,3,0.111111111111111,0,9
23,6,2015,9,398624,5,6,1,1.45454545454545,0,0.0909090909090909,0,11
23,6,2015,10,398625,1,1,0,0.285714285714286,0,0.714285714285714,0,7
23,6,2015,11,398626,4,4,1,0.875,0,0.375,0,8
23,6,2015,12,398627,4,2,2,1.25,2,0.375,0,8
23,6,2015,13,398628,3,5,1,1.66666666666667,1,0.111111111111111,0,9
23,6,2015,14,398629,9,1,6,5,8,0.222222222222222,0,9
23,6,2015,15,398630,3,8,6,6,4,0,0,9
23,6,2015,16,398631,7,7,4,3.9,4,0,0,10
23,6,2015,17,398632,6,9,4,4.4,2,0,0,10
23,6,2015,18,398633,3,2,4,3.88888888888889,4,0,0,9
23,6,2015,19,398634,4,4,2,2.25,2,0,0,8
23,6,2015,20,398635,5,4,4,3.875,5,0,0,8
23,6,2015,21,398636,6,3,8,8.125,11,0,0,8
23,6,2015,22,398637,5,5,11,11.3333333333333,13,0,0,9
23,6,2015,23,398638,4,6,14,14.2857142857143,12,0,0,7
24,6,2015,0,398639,1,5,11,10.5,8,0,0,8
24,6,2015,1,398640,0,2,6,6,5,0,0,6
24,6,2015,2,398641,1,0,5,5.125,6,0,0,8
24,6,2015,3,398642,1,2,5,5.71428571428571,5,0,0,7
24,6,2015,4,398643,0,0,4,4,4,0,0,5
24,6,2015,5,398644,0,1,4,3.85714285714286,3,0,0,7
24,6,2015,6,398645,1,2,2,2.28571428571429,2,0,0,7
24,6,2015,7,398646,3,3,1,0.75,0,0.375,0,8
24,6,2015,8,398647,12,8,6,6.7,6,0,0,10
24,6,2015,9,398648,3,5,4.5,4.5,4,0,0,8
24,6,2015,10,398649,1,3,1.5,1.375,0,0.25,0,8
24,6,2015,11,398650,7,2,1,1.375,5,0.375,0,8
24,6,2015,12,398651,3,2,7,6.88888888888889,7,0,0,9
24,6,2015,13,398652,0,3,6,6.25,5,0,0,8
24,6,2015,14,398653,3,1,6,5.88888888888889,7,0,0,9
24,6,2015,15,398654,1,4,2.5,3.125,3,0,0,8
24,6,2015,16,398655,8,2,2.5,2.7,6,0.2,0,10
24,6,2015,17,398656,11,4,15,14.7,14,0,0,10
24,6,2015,18,398657,6,15,13,13.3,9,0,0,10
24,6,2015,19,398658,9,5,14,13.8,14,0,0,10
24,6,2015,20,398659,6,6,15,16,15,0,0,9
24,6,2015,21,398660,4,2,14.5,14.75,17,0,0,8
24,6,2015,22,398661,4,3,17.5,17.4,19,0,0.1,10
24,6,2015,23,398662,3,8,14.5,14.875,13,0,0,8
25,6,2015,0,398663,5,0,17,16.8571428571429,19,0,0.142857142857143,7
25,6,2015,1,398664,1,1,19,18.7142857142857,19,0,0.714285714285714,7
25,6,2015,2,398665,0,0,19,19,19,0,1,5
25,6,2015,3,398666,0,0,19,19,19,0,1,6
25,6,2015,4,398667,0,0,19,19,19,0,1,6
25,6,2015,5,398668,0,1,19,18.625,18,0,0.625,8
25,6,2015,6,398669,2,3,18,17.8333333333333,18,0,0.166666666666667,6
25,6,2015,7,398670,6,7,16,16.6666666666667,16,0,0.111111111111111,9
25,6,2015,8,398671,6,5,14.5,14.9,13,0,0,10
25,6,2015,9,398672,2,8,11.5,11.8,9,0,0,10
25,6,2015,10,398673,2,9,10,9.11111111111111,5,0,0,9
25,6,2015,11,398674,3,7,2,2.63636363636364,1,0,0,11
25,6,2015,12,398675,0,1,1,0.6,0,0.4,0,5
25,6,2015,13,398676,6,5,2,1.54545454545455,1,0.181818181818182,0,11
25,6,2015,14,398677,5,3,2.5,2.625,5,0,0,8
25,6,2015,15,398678,2,2,6.5,6.625,6,0,0,8
25,6,2015,16,398679,12,3,12.5,12.1,14,0,0,10
25,6,2015,17,398680,7,3,17,17,18,0,0.111111111111111,9
25,6,2015,18,398681,2,6,18,17.7,15,0,0.4,10
25,6,2015,19,398682,9,5,14,14.1,17,0,0,10
25,6,2015,20,398683,7,5,15,15.4,19,0,0.1,10
25,6,2015,21,398684,1,9,16,16,11,0,0.25,8
25,6,2015,22,398685,7,4,14,13.7,14,0,0,10
25,6,2015,23,398686,4,2,16,15.875,17,0,0,8
26,6,2015,0,398687,3,7,14,14.2222222222222,13,0,0,9
26,6,2015,1,398688,6,2,15,15.1,17,0,0,10
26,6,2015,2,398689,0,2,16,15.8333333333333,15,0,0,6
26,6,2015,3,398690,0,2,14.5,14.1666666666667,13,0,0,6
26,6,2015,4,398691,1,2,13,13.25,12,0,0,8
26,6,2015,5,398692,0,1,11,11.3333333333333,11,0,0,6
26,6,2015,6,398693,1,5,9,9.14285714285714,7,0,0,7
26,6,2015,7,398694,3,11,6,5.3,0,0.1,0,10
26,6,2015,8,398695,7,8,2.5,2.4,1,0.2,0,10
26,6,2015,9,398696,6,5,4,3.9,3,0,0,10
26,6,2015,10,398697,1,5,3,2.75,0,0.125,0,8
26,6,2015,11,398698,5,2,1,1.55555555555556,3,0.111111111111111,0,9
26,6,2015,12,398699,4,2,7,6.375,7,0,0,8
26,6,2015,13,398700,2,4,5,5.625,6,0,0,8
26,6,2015,14,398701,9,6,4,4.5,7,0,0,10
26,6,2015,15,398702,3,2,8,7.875,9,0,0,8
26,6,2015,16,398703,3,2,11,11.2222222222222,11,0,0,9
26,6,2015,17,398704,10,5,13,13.2,16,0,0,10
26,6,2015,18,398705,2,4,16.5,16.6,15,0,0,10
26,6,2015,19,398706,4,1,16.5,16.375,17,0,0,8
26,6,2015,20,398707,4,4,17,17.2222222222222,18,0,0,9
26,6,2015,21,398708,2,1,18,18.1666666666667,19,0,0.333333333333333,6
26,6,2015,22,398709,4,5,17,16.8,16,0,0,10
26,6,2015,23,398710,3,5,13,12.8888888888889,14,0,0,9
27,6,2015,0,398711,5,1,17,17.125,19,0,0.25,8
27,6,2015,1,398712,2,0,19,18.5714285714286,19,0,0.714285714285714,7
27,6,2015,2,398713,1,1,19,18.5714285714286,19,0,0.571428571428571,7
27,6,2015,3,398714,1,2,17,16.875,16,0,0,8
27,6,2015,4,398715,2,0,18,18,19,0,0.5,6
27,6,2015,5,398716,0,0,19,19,19,0,1,6
27,6,2015,6,398717,0,3,17,16.5714285714286,15,0,0,7
27,6,2015,7,398718,2,3,15,15,15,0,0,7
27,6,2015,8,398719,4,4,14.5,14.5,16,0,0,6
27,6,2015,9,398720,0,5,13,13.2857142857143,11,0,0,7
27,6,2015,10,398721,2,9,5,5.11111111111111,1,0,0,9
27,6,2015,11,398722,0,3,1.5,1.83333333333333,1,0,0,6
27,6,2015,12,398723,4,2,3,3,3,0,0,8
27,6,2015,13,398724,8,4,3.5,2.75,5,0.125,0,8
27,6,2015,14,398725,2,2,3,3,3,0,0,7
27,6,2015,15,398726,6,4,4,4.2,6,0,0,10
27,6,2015,16,398727,1,3,4,4.125,4,0,0,8
27,6,2015,17,398728,6,5,4,4.33333333333333,5,0,0,9
27,6,2015,18,398729,12,1,12.5,11.9,17,0,0,10
27,6,2015,19,398730,3,3,18,17.5714285714286,16,0,0.142857142857143,7
27,6,2015,20,398731,3,4,17,17.25,16,0,0.25,8
27,6,2015,21,398732,3,2,17,16.875,17,0,0,8
27,6,2015,22,398733,1,3,16,16.5,16,0,0,8
27,6,2015,23,398734,4,8,14,14.3,13,0,0,10
28,6,2015,0,398735,6,4,13.5,13.75,16,0,0,8
28,6,2015,1,398736,2,5,13,14.2222222222222,14,0,0,9
28,6,2015,2,398737,2,2,14,14.375,14,0,0,8
28,6,2015,3,398738,6,3,17,16.6666666666667,16,0,0.111111111111111,9
28,6,2015,4,398739,0,2,16,15.5,14,0,0,6
28,6,2015,5,398740,0,0,14,14,14,0,0,6
28,6,2015,6,398741,0,0,15,15,15,0,0,6
28,6,2015,7,398742,0,0,15,15,15,0,0,6
28,6,2015,8,398743,0,3,14.5,13.875,12,0,0,8
28,6,2015,9,398744,0,1,12,11.5714285714286,11,0,0,7
28,6,2015,10,398745,1,4,5,6.28571428571429,6,0,0,7
28,6,2015,11,398746,3,4,5.5,5.75,6,0,0,8
28,6,2015,12,398747,6,7,5,5.66666666666667,5,0,0,9
28,6,2015,13,398748,2,4,3,3.5,3,0,0,8
28,6,2015,14,398749,2,2,3,3,3,0,0,7
28,6,2015,15,398750,4,2,3,2.88888888888889,5,0,0,9
28,6,2015,16,398751,4,2,5,4.42857142857143,5,0,0,7
28,6,2015,17,398752,7,1,10,8.875,11,0,0,8
28,6,2015,18,398753,9,1,16,14.8888888888889,19,0,0.111111111111111,9
28,6,2015,19,398754,1,5,16,15.8333333333333,14,0,0,6
28,6,2015,20,398755,3,2,14,13.4285714285714,14,0,0,7
28,6,2015,21,398756,4,5,13,12.3333333333333,13,0,0,9
28,6,2015,22,398757,4,0,15,15.2857142857143,18,0,0,7
28,6,2015,23,398758,3,3,18.5,18.375,19,0,0.5,8
29,6,2015,0,398759,1,1,19,18.5714285714286,19,0,0.571428571428571,7
29,6,2015,1,398760,0,0,19,19,19,0,1,6
29,6,2015,2,398761,0,0,19,19,19,0,1,5
29,6,2015,3,398762,1,1,19,18.8571428571429,19,0,0.857142857142857,7
29,6,2015,4,398763,0,0,19,19,19,0,1,6
29,6,2015,5,398764,0,0,19,19,19,0,1,6
29,6,2015,6,398765,0,2,19,18.5,17,0,0.666666666666667,6
29,6,2015,7,398766,3,4,15,14.5555555555556,14,0,0,9
29,6,2015,8,398767,5,18,6,7,3,0,0,10
29,6,2015,9,398768,4,3,4,4.88888888888889,4,0,0,9
29,6,2015,10,398769,1,3,4.5,4.375,3,0,0,8
29,6,2015,11,398770,0,2,2,2.28571428571429,2,0,0,7
29,6,2015,12,398771,2,2,2,2.375,2,0,0,8
29,6,2015,13,398772,2,2,2.5,2.66666666666667,3,0,0,6
29,6,2015,14,398773,1,2,4,3.875,3,0,0,8
29,6,2015,15,398774,5,3,3,3.28571428571429,6,0,0,7
29,6,2015,16,398775,3,3,6,6.1,5,0,0,10
29,6,2015,17,398776,8,4,9,8.4,9,0,0,10
29,6,2015,18,398777,7,4,9,9.3,13,0,0,10
29,6,2015,19,398778,7,2,18,17.3,18,0,0.1,10
29,6,2015,20,398779,2,3,18,17.8888888888889,18,0,0.222222222222222,9
29,6,2015,21,398780,2,9,13,14.2222222222222,12,0,0.111111111111111,9
29,6,2015,22,398781,3,7,10,9.66666666666667,9,0,0,9
29,6,2015,23,398782,8,4,11,10.25,12,0,0,8
30,6,2015,0,398783,3,4,13,13,11,0,0,8
30,6,2015,1,398784,3,0,12,11.6666666666667,13,0,0,6
30,6,2015,2,398785,3,0,14,14.4285714285714,16,0,0,7
30,6,2015,3,398786,0,1,16,16.3333333333333,16,0,0,6
30,6,2015,4,398787,0,0,16,16,16,0,0,5
30,6,2015,5,398788,1,2,17,16.2857142857143,15,0,0,7
30,6,2015,6,398789,2,2,14.5,14.375,15,0,0,8
30,6,2015,7,398790,4,14,12,11.2222222222222,5,0,0,9
30,6,2015,8,398791,9,7,4.5,4.5,7,0,0,10
30,6,2015,9,398792,6,2,7.5,7.2,8,0,0,10
30,6,2015,10,398793,0,5,4,4.14285714285714,2,0,0,7
30,6,2015,11,398794,4,3,2,2.33333333333333,3,0,0,9
30,6,2015,12,398795,1,3,3.5,3.625,3,0,0,8
30,6,2015,13,398796,9,3,6,6.33333333333333,9,0,0,9
30,6,2015,14,398797,0,9,5,5.22222222222222,1,0,0,9
30,6,2015,15,398798,3,3,1,1.71428571428571,1,0,0,7
30,6,2015,16,398799,3,4,3,3.11111111111111,1,0,0,9
30,6,2015,17,398800,9,1,4.5,4.2,10,0,0,10
30,6,2015,18,398801,4,8,3,3.11111111111111,2,0,0,9
30,6,2015,19,398802,7,3,5,5,7,0,0,10
30,6,2015,20,398803,8,2,5.5,5.8,10,0,0,10
30,6,2015,21,398804,6,5,8,8.77777777777778,11,0,0,9
30,6,2015,22,398805,7,5,14,14,14,0,0,9
30,6,2015,23,398806,2,2,15,15.6666666666667,15,0,0,6
1,7,2015,0,398807,2,2,12,12.2857142857143,13,0,0,7
1,7,2015,1,398808,2,1,16,15.625,16,0,0,8
1,7,2015,2,398809,1,0,17,16.8,17,0,0,5
1,7,2015,3,398810,0,1,16,16.1666666666667,16,0,0,6
1,7,2015,4,398811,0,0,16,16,16,0,0,9
1,7,2015,5,398812,1,0,16,16.1666666666667,17,0,0,6
1,7,2015,6,398813,0,2,16,16,15,0,0,7
1,7,2015,7,398814,6,8,16,15.5555555555556,12,0,0,9
1,7,2015,8,398815,8,2,13,12.7777777777778,16,0,0,9
1,7,2015,9,398816,5,4,17,16.5555555555556,16,0,0.111111111111111,9
1,7,2015,10,398817,2,5,15,14.7777777777778,14,0,0,9
1,7,2015,11,398818,3,7,8,9.1,9,0,0,10
1,7,2015,12,398819,2,5,10,9.375,7,0,0,8
1,7,2015,13,398820,5,3,7,7.4,9,0,0,10
1,7,2015,14,398821,3,3,6,6.375,8,0,0,8
1,7,2015,15,398822,2,5,4,4.75,5,0,0,8
1,7,2015,16,398823,0,5,3,3.71428571428571,2,0,0,7
1,7,2015,17,398824,8,3,4,5.44444444444444,7,0,0,9
1,7,2015,18,398825,4,6,3.5,3.8,2,0,0,10
1,7,2015,19,398826,6,4,4.5,4.6,4,0,0,10
1,7,2015,20,398827,4,3,4,3.44444444444444,5,0,0,9
1,7,2015,21,398828,1,3,3,2.625,2,0,0,8
1,7,2015,22,398829,9,0,8.5,8.5,12,0,0,8
1,7,2015,23,398830,7,3,16,15.6666666666667,16,0,0,9
2,7,2015,0,398831,2,3,15,14.75,15,0,0,8
2,7,2015,1,398832,4,1,15,15.1428571428571,18,0,0,7
2,7,2015,2,398833,0,0,18,18,18,0,0,2
