"day","month","year","hour","houred","totinc","totdecr","medbikes","meanbikes","lastbikes","propempty","propfull","count"
26,9,2014,10,392145,0,0,11,11,11,0,0,2
26,9,2014,11,392146,0,0,11,11,11,0,0,6
26,9,2014,12,392147,0,0,11,11,11,0,0,6
26,9,2014,13,392148,0,0,11,11,11,0,0,6
26,9,2014,14,392149,0,0,11,11,11,0,0,6
26,9,2014,15,392150,0,0,11,11,11,0,0,7
26,9,2014,16,392151,0,0,11,11,11,0,0,6
26,9,2014,17,392152,1,0,12,12.1666666666667,13,0,0,6
26,9,2014,18,392153,0,1,12,12.4285714285714,12,0,0,7
26,9,2014,19,392154,0,0,12,12,12,0,0,6
26,9,2014,20,392155,0,0,12,12,12,0,0,6
26,9,2014,21,392156,0,0,12,12,12,0,0,6
26,9,2014,22,392157,0,0,12,12,12,0,0,6
26,9,2014,23,392158,0,0,12,12,12,0,0,6
27,9,2014,0,392159,0,0,12,12,12,0,0,6
27,9,2014,1,392160,0,0,12,12,12,0,0,5
27,9,2014,2,392161,0,0,12,12,12,0,0,6
27,9,2014,3,392162,0,0,12,12,12,0,0,8
27,9,2014,4,392163,0,0,12,12,12,0,0,6
27,9,2014,5,392164,0,0,12,12,12,0,0,6
27,9,2014,6,392165,0,0,12,12,12,0,0,6
27,9,2014,7,392166,0,0,12,12,12,0,0,6
27,9,2014,8,392167,0,0,12,12,12,0,0,6
27,9,2014,9,392168,0,1,12,11.6666666666667,11,0,0,6
27,9,2014,10,392169,1,0,12,11.8333333333333,12,0,0,6
27,9,2014,11,392170,0,0,12,12,12,0,0,6
27,9,2014,12,392171,1,3,10,10.5384615384615,10,0,0,13
27,9,2014,13,392172,0,0,10,10,10,0,0,6
27,9,2014,14,392173,0,0,10,10,10,0,0,6
27,9,2014,15,392174,0,0,10,10,10,0,0,6
27,9,2014,16,392175,0,0,10,10,10,0,0,6
27,9,2014,17,392176,0,0,10,10,10,0,0,6
27,9,2014,18,392177,0,0,10,10,10,0,0,6
27,9,2014,19,392178,0,0,10,10,10,0,0,6
27,9,2014,20,392179,0,0,10,10,10,0,0,6
27,9,2014,21,392180,0,0,10,10,10,0,0,6
27,9,2014,22,392181,0,0,10,10,10,0,0,6
27,9,2014,23,392182,0,0,10,10,10,0,0,6
28,9,2014,0,392183,0,0,10,10,10,0,0,6
28,9,2014,1,392184,0,0,10,10,10,0,0,6
28,9,2014,2,392185,0,0,10,10,10,0,0,6
28,9,2014,3,392186,0,0,10,10,10,0,0,7
28,9,2014,4,392187,0,0,10,10,10,0,0,6
28,9,2014,5,392188,0,0,10,10,10,0,0,6
28,9,2014,6,392189,0,0,10,10,10,0,0,6
28,9,2014,7,392190,0,0,10,10,10,0,0,6
28,9,2014,8,392191,0,0,10,10,10,0,0,6
28,9,2014,9,392192,0,0,10,10,10,0,0,6
28,9,2014,10,392193,1,0,10,10.3333333333333,11,0,0,6
28,9,2014,11,392194,0,0,11,11,11,0,0,6
28,9,2014,12,392195,0,0,11,11,11,0,0,6
28,9,2014,13,392196,0,1,10.5,10.5,10,0,0,8
28,9,2014,14,392197,0,0,10,10,10,0,0,5
28,9,2014,15,392198,0,0,10,10,10,0,0,8
28,9,2014,16,392199,1,0,10,10.1428571428571,11,0,0,7
28,9,2014,17,392200,0,0,11,11,11,0,0,5
28,9,2014,18,392201,0,0,11,11,11,0,0,6
28,9,2014,19,392202,0,0,11,11,11,0,0,6
28,9,2014,20,392203,0,0,11,11,11,0,0,6
28,9,2014,21,392204,0,0,11,11,11,0,0,6
28,9,2014,22,392205,0,0,11,11,11,0,0,6
28,9,2014,23,392206,0,0,11,11,11,0,0,6
29,9,2014,0,392207,0,0,11,11,11,0,0,6
29,9,2014,1,392208,0,0,11,11,11,0,0,6
29,9,2014,2,392209,0,0,11,11,11,0,0,6
29,9,2014,3,392210,0,0,11,11,11,0,0,7
29,9,2014,4,392211,0,0,11,11,11,0,0,6
29,9,2014,5,392212,0,0,11,11,11,0,0,6
29,9,2014,6,392213,0,0,11,11,11,0,0,6
29,9,2014,7,392214,0,0,11,11,11,0,0,6
29,9,2014,8,392215,0,0,11,11,11,0,0,6
29,9,2014,9,392216,0,0,11,11,11,0,0,6
29,9,2014,10,392217,0,0,11,11,11,0,0,6
29,9,2014,11,392218,1,1,11,11.375,11,0,0,8
29,9,2014,12,392219,0,0,11,11,11,0,0,6
29,9,2014,13,392220,0,0,11,11,11,0,0,6
29,9,2014,14,392221,0,0,11,11,11,0,0,6
29,9,2014,15,392222,0,0,11,11,11,0,0,6
29,9,2014,16,392223,0,0,11,11,11,0,0,6
29,9,2014,17,392224,0,0,11,11,11,0,0,6
29,9,2014,18,392225,0,0,11,11,11,0,0,6
29,9,2014,19,392226,0,0,11,11,11,0,0,6
29,9,2014,20,392227,0,0,11,11,11,0,0,6
29,9,2014,21,392228,0,0,11,11,11,0,0,6
29,9,2014,22,392229,0,0,11,11,11,0,0,6
29,9,2014,23,392230,0,0,11,11,11,0,0,6
30,9,2014,0,392231,0,0,11,11,11,0,0,6
30,9,2014,1,392232,0,0,11,11,11,0,0,6
30,9,2014,2,392233,0,0,11,11,11,0,0,6
30,9,2014,3,392234,0,0,11,11,11,0,0,6
30,9,2014,4,392235,0,0,11,11,11,0,0,6
30,9,2014,5,392236,0,0,11,11,11,0,0,6
30,9,2014,6,392237,0,0,11,11,11,0,0,6
30,9,2014,7,392238,0,0,11,11,11,0,0,6
30,9,2014,8,392239,0,0,11,11,11,0,0,6
30,9,2014,9,392240,0,0,11,11,11,0,0,6
30,9,2014,10,392241,0,0,11,11,11,0,0,6
30,9,2014,11,392242,0,0,11,11,11,0,0,6
30,9,2014,12,392243,1,0,12,11.6666666666667,12,0,0,6
30,9,2014,13,392244,0,0,12,12,12,0,0,6
30,9,2014,14,392245,0,0,12,12,12,0,0,6
30,9,2014,15,392246,0,0,12,12,12,0,0,8
30,9,2014,16,392247,0,0,12,12,12,0,0,6
30,9,2014,17,392248,0,0,12,12,12,0,0,6
30,9,2014,18,392249,0,0,12,12,12,0,0,6
30,9,2014,19,392250,0,0,12,12,12,0,0,6
30,9,2014,20,392251,0,0,12,12,12,0,0,6
30,9,2014,21,392252,0,0,12,12,12,0,0,6
30,9,2014,22,392253,0,0,12,12,12,0,0,6
30,9,2014,23,392254,0,0,12,12,12,0,0,6
1,10,2014,0,392255,0,0,12,12,12,0,0,7
1,10,2014,1,392256,0,0,12,12,12,0,0,6
1,10,2014,2,392257,0,0,12,12,12,0,0,6
1,10,2014,3,392258,0,0,12,12,12,0,0,7
1,10,2014,4,392259,0,0,12,12,12,0,0,6
1,10,2014,5,392260,0,0,12,12,12,0,0,6
1,10,2014,6,392261,0,0,12,12,12,0,0,6
1,10,2014,7,392262,0,0,12,12,12,0,0,6
1,10,2014,8,392263,0,0,12,12,12,0,0,6
1,10,2014,9,392264,0,0,12,12,12,0,0,6
1,10,2014,10,392265,0,0,12,12,12,0,0,6
1,10,2014,11,392266,0,0,12,12,12,0,0,6
1,10,2014,12,392267,0,0,12,12,12,0,0,6
1,10,2014,13,392268,0,0,12,12,12,0,0,6
1,10,2014,14,392269,0,0,12,12,12,0,0,6
1,10,2014,15,392270,0,0,12,12,12,0,0,7
1,10,2014,16,392271,1,0,13,12.5714285714286,13,0,0,7
1,10,2014,17,392272,0,0,13,13,13,0,0,5
1,10,2014,18,392273,1,0,14,13.7142857142857,14,0,0,7
1,10,2014,19,392274,0,0,14,14,14,0,0,6
1,10,2014,20,392275,0,0,14,14,14,0,0,6
1,10,2014,21,392276,0,0,14,14,14,0,0,6
1,10,2014,22,392277,0,0,14,14,14,0,0,6
1,10,2014,23,392278,0,1,13,13.3333333333333,13,0,0,6
2,10,2014,0,392279,0,0,13,13,13,0,0,6
2,10,2014,1,392280,0,0,13,13,13,0,0,6
2,10,2014,2,392281,0,0,13,13,13,0,0,6
2,10,2014,3,392282,0,0,13,13,13,0,0,9
2,10,2014,4,392283,0,0,13,13,13,0,0,6
2,10,2014,5,392284,0,0,13,13,13,0,0,5
2,10,2014,6,392285,0,0,13,13,13,0,0,6
2,10,2014,7,392286,0,0,13,13,13,0,0,6
2,10,2014,8,392287,0,0,13,13,13,0,0,6
2,10,2014,9,392288,0,0,13,13,13,0,0,6
2,10,2014,10,392289,0,0,13,13,13,0,0,6
2,10,2014,11,392290,1,0,13,13.1666666666667,14,0,0,6
2,10,2014,12,392291,0,1,13.5,13.5,13,0,0,8
2,10,2014,13,392292,0,0,13,13,13,0,0,6
2,10,2014,14,392293,0,0,13,13,13,0,0,6
2,10,2014,15,392294,0,0,13,13,13,0,0,8
2,10,2014,16,392295,0,0,13,13,13,0,0,6
2,10,2014,17,392296,0,0,13,13,13,0,0,6
2,10,2014,18,392297,0,0,13,13,13,0,0,6
2,10,2014,19,392298,0,0,13,13,13,0,0,6
2,10,2014,20,392299,0,0,13,13,13,0,0,6
2,10,2014,21,392300,0,0,13,13,13,0,0,5
2,10,2014,22,392301,0,0,13,13,13,0,0,6
2,10,2014,23,392302,0,0,13,13,13,0,0,6
3,10,2014,0,392303,0,0,13,13,13,0,0,6
3,10,2014,1,392304,0,0,13,13,13,0,0,6
3,10,2014,2,392305,0,0,13,13,13,0,0,5
3,10,2014,3,392306,0,0,13,13,13,0,0,7
3,10,2014,4,392307,0,0,13,13,13,0,0,6
3,10,2014,5,392308,0,0,13,13,13,0,0,6
3,10,2014,6,392309,0,0,13,13,13,0,0,6
3,10,2014,7,392310,0,0,13,13,13,0,0,6
3,10,2014,8,392311,0,0,13,13,13,0,0,6
3,10,2014,9,392312,0,0,13,13,13,0,0,6
3,10,2014,10,392313,0,0,13,13,13,0,0,6
3,10,2014,11,392314,0,0,13,13,13,0,0,6
3,10,2014,12,392315,0,0,13,13,13,0,0,6
3,10,2014,13,392316,0,0,13,13,13,0,0,6
3,10,2014,14,392317,0,0,13,13,13,0,0,6
3,10,2014,15,392318,0,0,13,13,13,0,0,7
3,10,2014,16,392319,2,1,13,13,14,0,0,8
3,10,2014,17,392320,0,1,14,13.5714285714286,13,0,0,7
3,10,2014,18,392321,0,0,13,13,13,0,0,6
3,10,2014,19,392322,0,0,13,13,13,0,0,6
3,10,2014,20,392323,0,0,13,13,13,0,0,6
3,10,2014,21,392324,0,0,13,13,13,0,0,6
3,10,2014,22,392325,0,0,13,13,13,0,0,6
3,10,2014,23,392326,0,0,13,13,13,0,0,6
4,10,2014,0,392327,0,0,13,13,13,0,0,6
4,10,2014,1,392328,0,0,13,13,13,0,0,6
4,10,2014,2,392329,0,0,13,13,13,0,0,6
4,10,2014,3,392330,0,0,13,13,13,0,0,7
4,10,2014,4,392331,0,0,13,13,13,0,0,6
4,10,2014,5,392332,0,0,13,13,13,0,0,6
4,10,2014,6,392333,0,0,13,13,13,0,0,6
4,10,2014,7,392334,0,0,13,13,13,0,0,6
4,10,2014,8,392335,0,0,13,13,13,0,0,6
4,10,2014,9,392336,0,0,13,13,13,0,0,6
4,10,2014,10,392337,0,0,13,13,13,0,0,6
4,10,2014,11,392338,0,0,13,13,13,0,0,6
4,10,2014,12,392339,0,0,13,13,13,0,0,6
4,10,2014,13,392340,0,0,13,13,13,0,0,6
4,10,2014,14,392341,0,0,13,13,13,0,0,6
4,10,2014,15,392342,2,0,13,13.6,15,0,0,10
4,10,2014,16,392343,0,0,15,15,15,0,0,6
4,10,2014,17,392344,1,0,15,15.1428571428571,16,0,0,7
4,10,2014,18,392345,0,1,16,16.375,16,0,0,8
4,10,2014,19,392346,0,0,16,16,16,0,0,6
4,10,2014,20,392347,0,0,16,16,16,0,0,6
4,10,2014,21,392348,0,0,16,16,16,0,0,6
4,10,2014,22,392349,0,0,16,16,16,0,0,6
4,10,2014,23,392350,0,0,16,16,16,0,0,6
5,10,2014,0,392351,0,0,16,16,16,0,0,5
5,10,2014,1,392352,0,0,16,16,16,0,0,6
5,10,2014,2,392353,0,0,16,16,16,0,0,6
5,10,2014,3,392354,0,0,16,16,16,0,0,7
5,10,2014,4,392355,0,0,16,16,16,0,0,6
5,10,2014,5,392356,0,0,16,16,16,0,0,6
5,10,2014,6,392357,0,0,16,16,16,0,0,6
5,10,2014,7,392358,0,0,16,16,16,0,0,6
5,10,2014,8,392359,0,0,16,16,16,0,0,6
5,10,2014,9,392360,0,0,16,16,16,0,0,6
5,10,2014,10,392361,0,0,16,16,16,0,0,6
5,10,2014,11,392362,0,0,16,16,16,0,0,6
5,10,2014,12,392363,0,0,16,16,16,0,0,6
5,10,2014,13,392364,0,0,16,16,16,0,0,6
5,10,2014,14,392365,0,0,16,16,16,0,0,6
5,10,2014,15,392366,0,0,16,16,16,0,0,7
5,10,2014,16,392367,0,0,16,16,16,0,0,6
5,10,2014,17,392368,0,0,16,16,16,0,0,6
5,10,2014,18,392369,0,0,16,16,16,0,0,6
5,10,2014,19,392370,0,0,16,16,16,0,0,6
5,10,2014,20,392371,0,0,16,16,16,0,0,6
5,10,2014,21,392372,0,0,16,16,16,0,0,6
5,10,2014,22,392373,0,0,16,16,16,0,0,6
5,10,2014,23,392374,0,0,16,16,16,0,0,5
6,10,2014,0,392375,0,0,16,16,16,0,0,6
6,10,2014,1,392376,0,0,16,16,16,0,0,6
6,10,2014,2,392377,0,0,16,16,16,0,0,6
6,10,2014,3,392378,0,0,16,16,16,0,0,7
6,10,2014,4,392379,0,0,16,16,16,0,0,6
6,10,2014,5,392380,0,0,16,16,16,0,0,6
6,10,2014,6,392381,0,0,16,16,16,0,0,6
6,10,2014,7,392382,0,0,16,16,16,0,0,6
6,10,2014,8,392383,0,0,16,16,16,0,0,6
6,10,2014,9,392384,0,0,16,16,16,0,0,6
6,10,2014,10,392385,0,0,16,16,16,0,0,6
6,10,2014,11,392386,0,2,15,15,14,0,0,8
6,10,2014,12,392387,0,0,14,14,14,0,0,6
6,10,2014,13,392388,0,0,14,14,14,0,0,6
6,10,2014,14,392389,0,0,14,14,14,0,0,6
6,10,2014,15,392390,0,0,14,14,14,0,0,7
6,10,2014,16,392391,0,1,13,13.1666666666667,13,0,0,6
6,10,2014,17,392392,0,0,13,13,13,0,0,6
6,10,2014,18,392393,0,0,13,13,13,0,0,6
6,10,2014,19,392394,0,0,13,13,13,0,0,6
6,10,2014,20,392395,0,0,13,13,13,0,0,6
6,10,2014,21,392396,0,0,13,13,13,0,0,6
6,10,2014,22,392397,0,0,13,13,13,0,0,6
6,10,2014,23,392398,0,0,13,13,13,0,0,6
7,10,2014,0,392399,0,0,13,13,13,0,0,6
7,10,2014,1,392400,0,0,13,13,13,0,0,6
7,10,2014,2,392401,0,0,13,13,13,0,0,6
7,10,2014,3,392402,0,0,13,13,13,0,0,7
7,10,2014,4,392403,0,0,13,13,13,0,0,6
7,10,2014,5,392404,0,0,13,13,13,0,0,7
7,10,2014,6,392405,0,0,13,13,13,0,0,6
7,10,2014,7,392406,0,0,13,13,13,0,0,6
7,10,2014,8,392407,0,0,13,13,13,0,0,6
7,10,2014,9,392408,0,0,13,13,13,0,0,5
7,10,2014,10,392409,0,0,13,13,13,0,0,6
7,10,2014,11,392410,0,0,13,13,13,0,0,6
7,10,2014,12,392411,0,0,13,13,13,0,0,6
7,10,2014,13,392412,0,0,13,13,13,0,0,6
7,10,2014,14,392413,0,0,13,13,13,0,0,6
7,10,2014,15,392414,0,0,13,13,13,0,0,8
7,10,2014,16,392415,1,0,13,13.375,14,0,0,8
7,10,2014,17,392416,0,0,14,14,14,0,0,5
7,10,2014,18,392417,0,0,14,14,14,0,0,6
7,10,2014,19,392418,0,0,14,14,14,0,0,6
7,10,2014,20,392419,0,0,14,14,14,0,0,6
7,10,2014,21,392420,0,0,14,14,14,0,0,6
7,10,2014,22,392421,0,0,14,14,14,0,0,6
7,10,2014,23,392422,0,0,14,14,14,0,0,6
8,10,2014,0,392423,0,0,14,14,14,0,0,6
8,10,2014,1,392424,0,0,14,14,14,0,0,6
8,10,2014,2,392425,0,0,14,14,14,0,0,6
8,10,2014,3,392426,0,0,14,14,14,0,0,7
8,10,2014,4,392427,0,0,14,14,14,0,0,6
8,10,2014,5,392428,0,0,14,14,14,0,0,6
8,10,2014,6,392429,0,0,14,14,14,0,0,6
8,10,2014,7,392430,0,0,14,14,14,0,0,6
8,10,2014,8,392431,0,0,14,14,14,0,0,6
8,10,2014,9,392432,0,0,14,14,14,0,0,6
8,10,2014,10,392433,0,0,14,14,14,0,0,6
8,10,2014,11,392434,0,0,14,14,14,0,0,6
8,10,2014,12,392435,0,0,14,14,14,0,0,6
8,10,2014,13,392436,0,0,14,14,14,0,0,6
8,10,2014,14,392437,0,0,14,14,14,0,0,6
8,10,2014,15,392438,0,0,14,14,14,0,0,7
8,10,2014,16,392439,0,0,14,14,14,0,0,6
8,10,2014,17,392440,0,0,14,14,14,0,0,6
8,10,2014,18,392441,0,0,14,14,14,0,0,6
8,10,2014,19,392442,0,0,14,14,14,0,0,6
8,10,2014,20,392443,0,0,14,14,14,0,0,6
8,10,2014,21,392444,0,0,14,14,14,0,0,6
8,10,2014,22,392445,0,0,14,14,14,0,0,5
8,10,2014,23,392446,0,0,14,14,14,0,0,6
9,10,2014,0,392447,0,0,14,14,14,0,0,6
9,10,2014,1,392448,0,0,14,14,14,0,0,6
9,10,2014,2,392449,0,0,14,14,14,0,0,6
9,10,2014,3,392450,0,0,14,14,14,0,0,6
9,10,2014,4,392451,0,0,14,14,14,0,0,6
9,10,2014,5,392452,0,0,14,14,14,0,0,6
9,10,2014,6,392453,0,0,14,14,14,0,0,5
9,10,2014,7,392454,0,0,14,14,14,0,0,6
9,10,2014,8,392455,0,0,14,14,14,0,0,6
9,10,2014,9,392456,0,0,14,14,14,0,0,6
9,10,2014,10,392457,0,0,14,14,14,0,0,6
9,10,2014,11,392458,0,0,14,14,14,0,0,6
9,10,2014,12,392459,0,0,14,14,14,0,0,6
9,10,2014,13,392460,0,0,14,14,14,0,0,6
9,10,2014,14,392461,0,0,14,14,14,0,0,6
9,10,2014,15,392462,0,0,14,14,14,0,0,6
9,10,2014,16,392463,0,0,14,14,14,0,0,8
9,10,2014,17,392464,0,0,14,14,14,0,0,5
9,10,2014,18,392465,0,0,14,14,14,0,0,6
9,10,2014,19,392466,0,0,14,14,14,0,0,6
9,10,2014,20,392467,0,0,14,14,14,0,0,6
9,10,2014,21,392468,0,0,14,14,14,0,0,6
9,10,2014,22,392469,0,0,14,14,14,0,0,6
9,10,2014,23,392470,0,0,14,14,14,0,0,6
10,10,2014,0,392471,0,0,14,14,14,0,0,6
10,10,2014,1,392472,0,0,14,14,14,0,0,6
10,10,2014,2,392473,0,0,14,14,14,0,0,6
10,10,2014,3,392474,0,0,14,14,14,0,0,7
10,10,2014,4,392475,0,0,14,14,14,0,0,6
10,10,2014,5,392476,0,0,14,14,14,0,0,6
10,10,2014,6,392477,0,0,14,14,14,0,0,6
10,10,2014,7,392478,0,0,14,14,14,0,0,6
10,10,2014,8,392479,0,0,14,14,14,0,0,6
10,10,2014,9,392480,0,0,14,14,14,0,0,6
10,10,2014,10,392481,0,0,14,14,14,0,0,6
10,10,2014,11,392482,0,1,13,13.4285714285714,13,0,0,7
10,10,2014,12,392483,0,0,13,13,13,0,0,6
10,10,2014,13,392484,1,0,14,13.6666666666667,14,0,0,6
10,10,2014,14,392485,0,0,14,14,14,0,0,6
10,10,2014,15,392486,0,0,14,14,14,0,0,7
10,10,2014,16,392487,0,0,14,14,14,0,0,6
10,10,2014,17,392488,1,1,14.5,14.5,14,0,0,8
10,10,2014,18,392489,0,1,13,13.1428571428571,13,0,0,7
10,10,2014,19,392490,0,0,13,13,13,0,0,6
10,10,2014,20,392491,0,0,13,13,13,0,0,6
10,10,2014,21,392492,0,1,13,12.7142857142857,12,0,0,7
10,10,2014,22,392493,0,0,12,12,12,0,0,6
10,10,2014,23,392494,0,0,12,12,12,0,0,6
11,10,2014,0,392495,0,0,12,12,12,0,0,6
11,10,2014,1,392496,0,0,12,12,12,0,0,6
11,10,2014,2,392497,0,0,12,12,12,0,0,6
11,10,2014,3,392498,0,0,12,12,12,0,0,7
11,10,2014,4,392499,0,0,12,12,12,0,0,6
11,10,2014,5,392500,0,0,12,12,12,0,0,6
11,10,2014,6,392501,0,0,12,12,12,0,0,6
11,10,2014,7,392502,0,0,12,12,12,0,0,6
11,10,2014,8,392503,0,0,12,12,12,0,0,6
11,10,2014,9,392504,0,0,12,12,12,0,0,6
11,10,2014,10,392505,0,0,12,12,12,0,0,6
11,10,2014,11,392506,0,0,12,12,12,0,0,6
11,10,2014,12,392507,0,0,12,12,12,0,0,6
11,10,2014,13,392508,0,0,12,12,12,0,0,6
11,10,2014,14,392509,0,0,12,12,12,0,0,6
11,10,2014,15,392510,0,0,12,12,12,0,0,7
11,10,2014,16,392511,0,0,12,12,12,0,0,6
11,10,2014,17,392512,0,0,12,12,12,0,0,6
11,10,2014,18,392513,0,0,12,12,12,0,0,6
11,10,2014,19,392514,0,0,12,12,12,0,0,6
11,10,2014,20,392515,0,0,12,12,12,0,0,6
11,10,2014,21,392516,0,0,12,12,12,0,0,6
11,10,2014,22,392517,0,0,12,12,12,0,0,6
11,10,2014,23,392518,0,0,12,12,12,0,0,5
12,10,2014,0,392519,0,0,12,12,12,0,0,6
12,10,2014,1,392520,0,0,12,12,12,0,0,6
12,10,2014,2,392521,0,0,12,12,12,0,0,6
12,10,2014,3,392522,0,0,12,12,12,0,0,7
12,10,2014,4,392523,0,0,12,12,12,0,0,6
12,10,2014,5,392524,0,0,12,12,12,0,0,6
12,10,2014,6,392525,0,0,12,12,12,0,0,6
12,10,2014,7,392526,0,1,12,11.5714285714286,11,0,0,7
12,10,2014,8,392527,0,0,11,11,11,0,0,5
12,10,2014,9,392528,0,0,11,11,11,0,0,6
12,10,2014,10,392529,1,0,12,11.7142857142857,12,0,0,7
12,10,2014,11,392530,0,0,11,11,11,0,0,6
12,10,2014,12,392531,0,0,11,11,11,0,0,6
12,10,2014,13,392532,0,0,11,11,11,0,0,6
12,10,2014,14,392533,0,0,11,11,11,0,0,6
12,10,2014,15,392534,0,0,11,11,11,0,0,6
12,10,2014,16,392535,0,0,11,11,11,0,0,6
12,10,2014,17,392536,0,0,11,11,11,0,0,6
12,10,2014,18,392537,0,0,11,11,11,0,0,6
12,10,2014,19,392538,0,0,11,11,11,0,0,6
12,10,2014,20,392539,0,0,11,11,11,0,0,6
12,10,2014,21,392540,0,0,11,11,11,0,0,6
12,10,2014,22,392541,0,0,11,11,11,0,0,6
12,10,2014,23,392542,0,0,11,11,11,0,0,6
13,10,2014,0,392543,0,0,11,11,11,0,0,6
13,10,2014,1,392544,0,0,11,11,11,0,0,6
13,10,2014,2,392545,0,0,11,11,11,0,0,6
13,10,2014,3,392546,0,0,11,11,11,0,0,7
13,10,2014,4,392547,0,0,11,11,11,0,0,6
13,10,2014,5,392548,0,0,11,11,11,0,0,6
13,10,2014,6,392549,0,0,11,11,11,0,0,6
13,10,2014,7,392550,0,0,11,11,11,0,0,6
13,10,2014,8,392551,0,0,11,11,11,0,0,6
13,10,2014,9,392552,0,0,11,11,11,0,0,6
13,10,2014,10,392553,0,0,11,11,11,0,0,6
13,10,2014,11,392554,0,0,11,11,11,0,0,6
13,10,2014,12,392555,1,1,11,11.2857142857143,11,0,0,7
13,10,2014,13,392556,0,0,11,11,11,0,0,6
13,10,2014,14,392557,0,0,11,11,11,0,0,6
13,10,2014,15,392558,0,0,11,11,11,0,0,8
13,10,2014,16,392559,0,0,11,11,11,0,0,6
13,10,2014,17,392560,0,0,11,11,11,0,0,6
13,10,2014,18,392561,0,0,11,11,11,0,0,6
13,10,2014,19,392562,0,0,11,11,11,0,0,6
13,10,2014,20,392563,0,0,11,11,11,0,0,6
13,10,2014,21,392564,0,0,11,11,11,0,0,6
13,10,2014,22,392565,0,0,11,11,11,0,0,6
13,10,2014,23,392566,0,0,11,11,11,0,0,5
14,10,2014,0,392567,0,0,11,11,11,0,0,6
14,10,2014,1,392568,0,0,11,11,11,0,0,6
14,10,2014,2,392569,0,0,11,11,11,0,0,6
14,10,2014,3,392570,0,0,11,11,11,0,0,7
14,10,2014,4,392571,0,0,11,11,11,0,0,6
14,10,2014,5,392572,0,0,11,11,11,0,0,7
14,10,2014,6,392573,0,0,11,11,11,0,0,8
14,10,2014,7,392574,0,0,11,11,11,0,0,3
14,10,2014,8,392575,0,0,11,11,11,0,0,6
14,10,2014,9,392576,0,0,11,11,11,0,0,6
14,10,2014,10,392577,0,0,11,11,11,0,0,6
14,10,2014,11,392578,0,0,11,11,11,0,0,6
14,10,2014,12,392579,0,0,11,11,11,0,0,6
14,10,2014,13,392580,0,0,11,11,11,0,0,7
14,10,2014,14,392581,1,0,12,11.6666666666667,12,0,0,6
14,10,2014,15,392582,0,0,12,12,12,0,0,6
14,10,2014,16,392583,0,0,12,12,12,0,0,6
14,10,2014,17,392584,0,0,12,12,12,0,0,6
14,10,2014,18,392585,0,0,12,12,12,0,0,6
14,10,2014,19,392586,0,0,12,12,12,0,0,6
14,10,2014,20,392587,0,0,12,12,12,0,0,7
14,10,2014,21,392588,0,0,12,12,12,0,0,6
14,10,2014,22,392589,0,0,12,12,12,0,0,6
14,10,2014,23,392590,0,0,12,12,12,0,0,6
15,10,2014,0,392591,0,0,12,12,12,0,0,6
15,10,2014,1,392592,0,0,12,12,12,0,0,6
15,10,2014,2,392593,0,0,12,12,12,0,0,6
15,10,2014,3,392594,0,0,12,12,12,0,0,8
15,10,2014,4,392595,0,0,12,12,12,0,0,6
15,10,2014,5,392596,0,0,12,12,12,0,0,6
15,10,2014,6,392597,0,0,12,12,12,0,0,6
15,10,2014,7,392598,0,0,12,12,12,0,0,6
15,10,2014,8,392599,0,0,12,12,12,0,0,6
15,10,2014,9,392600,0,0,12,12,12,0,0,6
15,10,2014,10,392601,0,0,12,12,12,0,0,6
15,10,2014,11,392602,0,0,12,12,12,0,0,6
15,10,2014,12,392603,0,0,12,12,12,0,0,6
15,10,2014,13,392604,0,0,12,12,12,0,0,6
15,10,2014,14,392605,0,0,12,12,12,0,0,6
15,10,2014,15,392606,0,0,12,12,12,0,0,7
15,10,2014,16,392607,0,0,12,12,12,0,0,6
15,10,2014,17,392608,0,0,12,12,12,0,0,6
15,10,2014,18,392609,0,0,12,12,12,0,0,6
15,10,2014,19,392610,0,0,12,12,12,0,0,6
15,10,2014,20,392611,0,0,12,12,12,0,0,6
15,10,2014,21,392612,0,0,12,12,12,0,0,6
15,10,2014,22,392613,0,0,12,12,12,0,0,7
15,10,2014,23,392614,0,0,12,12,12,0,0,6
16,10,2014,0,392615,0,0,12,12,12,0,0,6
16,10,2014,1,392616,0,0,12,12,12,0,0,6
16,10,2014,2,392617,0,0,12,12,12,0,0,6
16,10,2014,3,392618,0,0,12,12,12,0,0,7
16,10,2014,4,392619,0,0,12,12,12,0,0,6
16,10,2014,5,392620,0,0,12,12,12,0,0,8
16,10,2014,6,392621,0,0,12,12,12,0,0,6
16,10,2014,7,392622,0,0,12,12,12,0,0,5
16,10,2014,8,392623,0,0,12,12,12,0,0,6
16,10,2014,9,392624,0,0,12,12,12,0,0,6
16,10,2014,10,392625,0,0,12,12,12,0,0,6
16,10,2014,11,392626,0,0,12,12,12,0,0,6
16,10,2014,12,392627,0,0,12,12,12,0,0,6
16,10,2014,13,392628,0,0,12,12,12,0,0,6
16,10,2014,14,392629,0,0,12,12,12,0,0,6
16,10,2014,15,392630,0,0,12,12,12,0,0,7
16,10,2014,16,392631,0,0,12,12,12,0,0,6
16,10,2014,17,392632,0,0,12,12,12,0,0,6
16,10,2014,18,392633,0,0,12,12,12,0,0,6
16,10,2014,19,392634,0,0,12,12,12,0,0,6
16,10,2014,20,392635,0,1,11,11.1428571428571,11,0,0,7
16,10,2014,21,392636,0,0,11,11,11,0,0,6
16,10,2014,22,392637,0,0,11,11,11,0,0,6
16,10,2014,23,392638,0,0,11,11,11,0,0,6
17,10,2014,0,392639,0,0,11,11,11,0,0,6
17,10,2014,1,392640,0,0,11,11,11,0,0,6
17,10,2014,2,392641,0,0,11,11,11,0,0,6
17,10,2014,3,392642,0,0,11,11,11,0,0,7
17,10,2014,4,392643,0,0,11,11,11,0,0,6
17,10,2014,5,392644,0,1,11,10.5714285714286,10,0,0,7
17,10,2014,6,392645,0,0,10,10,10,0,0,6
17,10,2014,7,392646,0,1,9,9.14285714285714,9,0,0,7
17,10,2014,8,392647,0,0,9,9,9,0,0,6
17,10,2014,9,392648,0,0,9,9,9,0,0,6
17,10,2014,10,392649,0,0,9,9,9,0,0,6
17,10,2014,11,392650,0,0,9,9,9,0,0,6
17,10,2014,12,392651,0,0,9,9,9,0,0,6
17,10,2014,13,392652,0,0,9,9,9,0,0,6
17,10,2014,14,392653,0,0,9,9,9,0,0,6
17,10,2014,15,392654,0,0,9,9,9,0,0,7
17,10,2014,16,392655,0,0,9,9,9,0,0,6
17,10,2014,17,392656,0,0,9,9,9,0,0,6
17,10,2014,18,392657,1,0,9,9.16666666666667,10,0,0,6
17,10,2014,19,392658,0,1,9,9.33333333333333,9,0,0,6
17,10,2014,20,392659,0,0,9,9,9,0,0,6
17,10,2014,21,392660,0,0,9,9,9,0,0,6
17,10,2014,22,392661,0,0,9,9,9,0,0,6
17,10,2014,23,392662,0,0,9,9,9,0,0,6
18,10,2014,0,392663,0,0,9,9,9,0,0,6
18,10,2014,1,392664,0,0,9,9,9,0,0,6
18,10,2014,2,392665,0,0,9,9,9,0,0,6
18,10,2014,3,392666,0,0,9,9,9,0,0,7
18,10,2014,4,392667,0,0,9,9,9,0,0,6
18,10,2014,5,392668,0,0,9,9,9,0,0,6
18,10,2014,6,392669,0,0,9,9,9,0,0,6
18,10,2014,7,392670,0,0,9,9,9,0,0,6
18,10,2014,8,392671,0,0,9,9,9,0,0,6
18,10,2014,9,392672,0,0,9,9,9,0,0,6
18,10,2014,10,392673,0,0,9,9,9,0,0,6
18,10,2014,11,392674,1,2,8,8.22222222222222,8,0,0,9
18,10,2014,12,392675,0,0,8,8,8,0,0,5
18,10,2014,13,392676,0,0,8,8,8,0,0,6
18,10,2014,14,392677,0,0,8,8,8,0,0,6
18,10,2014,15,392678,0,0,8,8,8,0,0,8
18,10,2014,16,392679,0,0,8,8,8,0,0,6
18,10,2014,17,392680,0,0,8,8,8,0,0,6
18,10,2014,18,392681,0,0,8,8,8,0,0,6
18,10,2014,19,392682,0,0,7,7,7,0,0,6
18,10,2014,20,392683,0,0,7,7,7,0,0,6
18,10,2014,21,392684,0,0,7,7,7,0,0,6
18,10,2014,22,392685,0,0,7,7,7,0,0,6
18,10,2014,23,392686,1,0,8,7.66666666666667,8,0,0,6
19,10,2014,0,392687,0,0,8,8,8,0,0,6
19,10,2014,1,392688,0,0,8,8,8,0,0,6
19,10,2014,2,392689,0,0,8,8,8,0,0,6
19,10,2014,3,392690,0,0,8,8,8,0,0,7
19,10,2014,4,392691,0,0,8,8,8,0,0,6
19,10,2014,5,392692,0,0,8,8,8,0,0,6
19,10,2014,6,392693,0,0,8,8,8,0,0,6
19,10,2014,7,392694,0,0,8,8,8,0,0,5
19,10,2014,8,392695,0,0,8,8,8,0,0,6
19,10,2014,9,392696,0,0,8,8,8,0,0,6
19,10,2014,10,392697,0,0,8,8,8,0,0,6
19,10,2014,11,392698,0,1,8,7.85714285714286,7,0,0,7
19,10,2014,12,392699,0,0,7,7,7,0,0,6
19,10,2014,13,392700,0,0,7,7,7,0,0,6
19,10,2014,14,392701,0,1,6.5,6.5,6,0,0,8
19,10,2014,15,392702,0,0,6,6,6,0,0,7
19,10,2014,16,392703,0,0,6,6,6,0,0,6
19,10,2014,17,392704,1,0,6,6.33333333333333,7,0,0,6
19,10,2014,18,392705,1,0,8,7.66666666666667,8,0,0,6
19,10,2014,19,392706,0,0,8,8,8,0,0,6
19,10,2014,20,392707,0,0,8,8,8,0,0,6
19,10,2014,21,392708,0,0,8,8,8,0,0,6
19,10,2014,22,392709,0,0,8,8,8,0,0,6
19,10,2014,23,392710,0,0,8,8,8,0,0,6
20,10,2014,0,392711,0,0,8,8,8,0,0,6
20,10,2014,1,392712,0,0,8,8,8,0,0,6
20,10,2014,2,392713,0,0,8,8,8,0,0,6
20,10,2014,3,392714,0,0,8,8,8,0,0,7
20,10,2014,4,392715,0,0,8,8,8,0,0,6
20,10,2014,5,392716,0,0,8,8,8,0,0,6
20,10,2014,6,392717,0,0,8,8,8,0,0,6
20,10,2014,7,392718,0,0,8,8,8,0,0,6
20,10,2014,8,392719,0,0,8,8,8,0,0,6
20,10,2014,9,392720,0,0,8,8,8,0,0,6
20,10,2014,10,392721,0,0,8,8,8,0,0,6
20,10,2014,11,392722,0,0,8,8,8,0,0,6
20,10,2014,12,392723,0,0,8,8,8,0,0,6
20,10,2014,13,392724,0,0,8,8,8,0,0,6
20,10,2014,14,392725,0,0,8,8,8,0,0,6
20,10,2014,15,392726,0,0,8,8,8,0,0,7
20,10,2014,16,392727,0,0,8,8,8,0,0,6
20,10,2014,17,392728,0,1,8,7.66666666666667,7,0,0,6
20,10,2014,18,392729,0,0,7,7,7,0,0,6
20,10,2014,19,392730,0,0,7,7,7,0,0,6
20,10,2014,20,392731,0,0,7,7,7,0,0,6
20,10,2014,21,392732,0,0,7,7,7,0,0,6
20,10,2014,22,392733,0,0,7,7,7,0,0,6
20,10,2014,23,392734,0,0,7,7,7,0,0,6
21,10,2014,0,392735,0,0,7,7,7,0,0,6
21,10,2014,1,392736,0,0,7,7,7,0,0,6
21,10,2014,2,392737,0,0,7,7,7,0,0,6
21,10,2014,3,392738,0,0,7,7,7,0,0,7
21,10,2014,4,392739,0,0,7,7,7,0,0,6
21,10,2014,5,392740,0,0,7,7,7,0,0,6
21,10,2014,6,392741,0,0,7,7,7,0,0,6
21,10,2014,7,392742,0,1,6.5,6.5,6,0,0,8
21,10,2014,8,392743,0,0,6,6,6,0,0,6
21,10,2014,9,392744,4,0,6,6.625,10,0,0,8
21,10,2014,10,392745,0,0,10,10,10,0,0,6
21,10,2014,11,392746,0,0,10,10,10,0,0,5
21,10,2014,12,392747,0,0,10,10,10,0,0,6
21,10,2014,13,392748,0,0,10,10,10,0,0,6
21,10,2014,14,392749,0,0,10,10,10,0,0,7
21,10,2014,15,392750,0,0,10,10,10,0,0,8
21,10,2014,16,392751,0,0,10,10,10,0,0,6
21,10,2014,17,392752,0,0,10,10,10,0,0,6
21,10,2014,18,392753,0,0,10,10,10,0,0,6
21,10,2014,19,392754,0,0,10,10,10,0,0,6
21,10,2014,20,392755,0,0,10,10,10,0,0,6
21,10,2014,21,392756,0,0,10,10,10,0,0,6
21,10,2014,22,392757,0,0,10,10,10,0,0,6
21,10,2014,23,392758,0,0,10,10,10,0,0,6
22,10,2014,0,392759,0,0,10,10,10,0,0,5
22,10,2014,1,392760,0,0,10,10,10,0,0,2
22,10,2014,3,392762,0,0,10,10,10,0,0,5
22,10,2014,4,392763,0,0,10,10,10,0,0,6
22,10,2014,5,392764,0,0,10,10,10,0,0,6
22,10,2014,6,392765,0,0,10,10,10,0,0,6
22,10,2014,7,392766,0,0,10,10,10,0,0,6
22,10,2014,8,392767,0,0,10,10,10,0,0,6
22,10,2014,9,392768,0,0,10,10,10,0,0,6
22,10,2014,10,392769,0,0,10,10,10,0,0,6
22,10,2014,11,392770,0,0,10,10,10,0,0,6
22,10,2014,12,392771,0,0,10,10,10,0,0,6
22,10,2014,13,392772,0,0,10,10,10,0,0,6
22,10,2014,14,392773,0,0,10,10,10,0,0,6
22,10,2014,15,392774,0,0,10,10,10,0,0,6
22,10,2014,16,392775,0,0,10,10,10,0,0,6
22,10,2014,17,392776,0,0,10,10,10,0,0,7
22,10,2014,18,392777,0,0,10,10,10,0,0,6
22,10,2014,19,392778,0,0,10,10,10,0,0,6
22,10,2014,20,392779,0,0,10,10,10,0,0,6
22,10,2014,21,392780,0,0,10,10,10,0,0,6
22,10,2014,22,392781,0,0,10,10,10,0,0,6
22,10,2014,23,392782,0,0,10,10,10,0,0,6
23,10,2014,0,392783,0,0,10,10,10,0,0,5
23,10,2014,1,392784,0,0,10,10,10,0,0,6
23,10,2014,2,392785,0,0,10,10,10,0,0,6
23,10,2014,3,392786,0,0,10,10,10,0,0,7
23,10,2014,4,392787,0,0,10,10,10,0,0,6
23,10,2014,5,392788,0,0,10,10,10,0,0,6
23,10,2014,6,392789,0,0,10,10,10,0,0,6
23,10,2014,7,392790,0,0,10,10,10,0,0,6
23,10,2014,8,392791,0,0,10,10,10,0,0,6
23,10,2014,9,392792,0,0,10,10,10,0,0,6
23,10,2014,10,392793,0,0,10,10,10,0,0,6
23,10,2014,11,392794,0,1,10,9.57142857142857,9,0,0,7
23,10,2014,12,392795,0,0,9,9,9,0,0,6
23,10,2014,13,392796,1,0,9.5,9.5,10,0,0,6
23,10,2014,14,392797,0,0,10,10,10,0,0,6
23,10,2014,15,392798,0,0,10,10,10,0,0,7
23,10,2014,16,392799,0,0,10,10,10,0,0,6
23,10,2014,17,392800,0,0,10,10,10,0,0,6
23,10,2014,18,392801,0,0,10,10,10,0,0,6
23,10,2014,19,392802,0,0,10,10,10,0,0,6
23,10,2014,20,392803,0,0,10,10,10,0,0,6
23,10,2014,21,392804,0,0,10,10,10,0,0,6
23,10,2014,22,392805,0,0,10,10,10,0,0,6
23,10,2014,23,392806,0,0,10,10,10,0,0,6
24,10,2014,0,392807,0,0,10,10,10,0,0,5
24,10,2014,1,392808,0,0,10,10,10,0,0,6
24,10,2014,2,392809,0,0,10,10,10,0,0,7
24,10,2014,3,392810,0,0,10,10,10,0,0,7
24,10,2014,4,392811,0,0,10,10,10,0,0,6
24,10,2014,5,392812,0,0,10,10,10,0,0,6
24,10,2014,6,392813,0,0,10,10,10,0,0,6
24,10,2014,7,392814,1,0,11,10.8571428571429,11,0,0,7
24,10,2014,8,392815,0,0,11,11,11,0,0,6
24,10,2014,9,392816,0,0,11,11,11,0,0,6
24,10,2014,10,392817,0,0,11,11,11,0,0,6
24,10,2014,11,392818,0,0,11,11,11,0,0,6
24,10,2014,12,392819,0,1,11,10.8571428571429,10,0,0,7
24,10,2014,13,392820,0,0,10,10,10,0,0,6
24,10,2014,14,392821,0,0,10,10,10,0,0,6
24,10,2014,15,392822,0,0,10,10,10,0,0,8
24,10,2014,16,392823,0,0,10,10,10,0,0,6
24,10,2014,17,392824,0,0,10,10,10,0,0,6
24,10,2014,18,392825,1,0,10,10.1666666666667,11,0,0,6
24,10,2014,19,392826,0,1,10,10.4285714285714,10,0,0,7
24,10,2014,20,392827,0,0,10,10,10,0,0,6
24,10,2014,21,392828,0,0,10,10,10,0,0,6
24,10,2014,22,392829,0,0,10,10,10,0,0,6
24,10,2014,23,392830,0,0,10,10,10,0,0,6
25,10,2014,0,392831,0,0,10,10,10,0,0,6
25,10,2014,1,392832,0,0,10,10,10,0,0,6
25,10,2014,2,392833,0,0,10,10,10,0,0,6
25,10,2014,3,392834,0,0,10,10,10,0,0,7
25,10,2014,4,392835,0,0,10,10,10,0,0,6
25,10,2014,5,392836,0,0,10,10,10,0,0,6
25,10,2014,6,392837,0,0,10,10,10,0,0,6
25,10,2014,7,392838,0,0,10,10,10,0,0,6
25,10,2014,8,392839,0,0,10,10,10,0,0,6
25,10,2014,9,392840,0,0,10,10,10,0,0,6
25,10,2014,10,392841,0,0,10,10,10,0,0,6
25,10,2014,11,392842,0,0,10,10,10,0,0,6
25,10,2014,12,392843,0,0,10,10,10,0,0,6
25,10,2014,13,392844,0,0,10,10,10,0,0,6
25,10,2014,14,392845,0,0,10,10,10,0,0,6
25,10,2014,15,392846,0,0,10,10,10,0,0,7
25,10,2014,16,392847,0,0,10,10,10,0,0,6
25,10,2014,17,392848,0,0,10,10,10,0,0,6
25,10,2014,18,392849,0,0,10,10,10,0,0,6
25,10,2014,19,392850,0,0,10,10,10,0,0,6
25,10,2014,20,392851,0,0,10,10,10,0,0,6
25,10,2014,21,392852,0,0,10,10,10,0,0,6
25,10,2014,22,392853,0,0,10,10,10,0,0,5
25,10,2014,23,392854,0,0,10,10,10,0,0,6
26,10,2014,0,392855,0,0,10,10,10,0,0,6
26,10,2014,1,392856,0,0,10,10,10,0,0,6
26,10,2014,1,392857,0,0,10,10,10,0,0,7
26,10,2014,2,392858,0,0,10,10,10,0,0,6
26,10,2014,3,392859,0,0,10,10,10,0,0,7
26,10,2014,4,392860,0,0,10,10,10,0,0,6
26,10,2014,5,392861,0,0,10,10,10,0,0,6
26,10,2014,6,392862,0,0,10,10,10,0,0,6
26,10,2014,7,392863,0,0,10,10,10,0,0,6
26,10,2014,8,392864,0,0,10,10,10,0,0,6
26,10,2014,9,392865,1,1,11,10.75,10,0,0,8
26,10,2014,10,392866,0,0,10,10,10,0,0,6
26,10,2014,11,392867,0,0,10,10,10,0,0,6
26,10,2014,12,392868,0,0,10,10,10,0,0,6
26,10,2014,13,392869,0,0,10,10,10,0,0,6
26,10,2014,14,392870,0,0,10,10,10,0,0,6
26,10,2014,15,392871,0,0,10,10,10,0,0,7
26,10,2014,16,392872,0,0,10,10,10,0,0,6
26,10,2014,17,392873,0,0,10,10,10,0,0,6
26,10,2014,18,392874,0,0,10,10,10,0,0,6
26,10,2014,19,392875,0,0,10,10,10,0,0,6
26,10,2014,20,392876,0,0,10,10,10,0,0,6
26,10,2014,21,392877,0,0,10,10,10,0,0,6
26,10,2014,22,392878,0,0,10,10,10,0,0,6
26,10,2014,23,392879,0,0,10,10,10,0,0,5
27,10,2014,0,392880,0,0,10,10,10,0,0,6
27,10,2014,1,392881,0,0,10,10,10,0,0,6
27,10,2014,2,392882,0,0,10,10,10,0,0,6
27,10,2014,3,392883,0,0,10,10,10,0,0,7
27,10,2014,4,392884,0,0,10,10,10,0,0,6
27,10,2014,5,392885,0,0,10,10,10,0,0,6
27,10,2014,6,392886,0,0,10,10,10,0,0,6
27,10,2014,7,392887,0,0,10,10,10,0,0,6
27,10,2014,8,392888,0,0,10,10,10,0,0,6
27,10,2014,9,392889,0,0,10,10,10,0,0,6
27,10,2014,10,392890,0,0,10,10,10,0,0,6
27,10,2014,11,392891,0,0,10,10,10,0,0,6
27,10,2014,12,392892,0,0,10,10,10,0,0,6
27,10,2014,13,392893,0,0,10,10,10,0,0,6
27,10,2014,14,392894,0,0,10,10,10,0,0,6
27,10,2014,15,392895,0,0,10,10,10,0,0,7
27,10,2014,16,392896,0,0,10,10,10,0,0,6
27,10,2014,17,392897,0,0,10,10,10,0,0,6
27,10,2014,18,392898,0,0,10,10,10,0,0,6
27,10,2014,19,392899,0,0,10,10,10,0,0,5
27,10,2014,20,392900,0,0,10,10,10,0,0,6
27,10,2014,21,392901,0,0,10,10,10,0,0,6
27,10,2014,22,392902,0,0,10,10,10,0,0,6
27,10,2014,23,392903,0,0,10,10,10,0,0,6
28,10,2014,0,392904,0,0,10,10,10,0,0,6
28,10,2014,1,392905,0,0,10,10,10,0,0,6
28,10,2014,2,392906,0,0,10,10,10,0,0,6
28,10,2014,3,392907,0,0,10,10,10,0,0,7
28,10,2014,4,392908,0,0,10,10,10,0,0,6
28,10,2014,5,392909,0,0,10,10,10,0,0,6
28,10,2014,6,392910,0,0,10,10,10,0,0,6
28,10,2014,7,392911,0,0,10,10,10,0,0,6
28,10,2014,8,392912,0,0,10,10,10,0,0,6
28,10,2014,9,392913,0,0,10,10,10,0,0,6
28,10,2014,10,392914,0,0,10,10,10,0,0,6
28,10,2014,11,392915,0,0,10,10,10,0,0,5
28,10,2014,12,392916,0,0,10,10,10,0,0,5
28,10,2014,13,392917,0,0,10,10,10,0,0,6
28,10,2014,14,392918,0,0,10,10,10,0,0,6
28,10,2014,15,392919,0,0,10,10,10,0,0,6
28,10,2014,16,392920,0,0,10,10,10,0,0,6
28,10,2014,17,392921,0,0,10,10,10,0,0,6
28,10,2014,18,392922,0,0,10,10,10,0,0,6
28,10,2014,19,392923,0,0,10,10,10,0,0,6
28,10,2014,20,392924,0,0,10,10,10,0,0,6
28,10,2014,21,392925,0,0,10,10,10,0,0,6
28,10,2014,22,392926,0,0,10,10,10,0,0,6
28,10,2014,23,392927,0,0,10,10,10,0,0,7
29,10,2014,0,392928,0,0,10,10,10,0,0,6
29,10,2014,1,392929,0,0,10,10,10,0,0,6
29,10,2014,2,392930,0,0,10,10,10,0,0,6
29,10,2014,3,392931,0,0,10,10,10,0,0,7
29,10,2014,4,392932,0,0,10,10,10,0,0,6
29,10,2014,5,392933,0,0,10,10,10,0,0,7
29,10,2014,6,392934,0,0,10,10,10,0,0,6
29,10,2014,7,392935,0,0,10,10,10,0,0,6
29,10,2014,8,392936,0,0,10,10,10,0,0,6
29,10,2014,9,392937,0,0,10,10,10,0,0,6
29,10,2014,10,392938,0,0,10,10,10,0,0,6
29,10,2014,11,392939,0,0,10,10,10,0,0,6
29,10,2014,12,392940,0,0,10,10,10,0,0,6
29,10,2014,13,392941,0,0,10,10,10,0,0,6
29,10,2014,14,392942,0,0,10,10,10,0,0,6
29,10,2014,15,392943,0,0,10,10,10,0,0,6
29,10,2014,16,392944,0,0,10,10,10,0,0,6
29,10,2014,17,392945,0,0,10,10,10,0,0,7
29,10,2014,18,392946,0,0,10,10,10,0,0,6
29,10,2014,19,392947,0,0,10,10,10,0,0,6
29,10,2014,20,392948,0,0,10,10,10,0,0,6
29,10,2014,21,392949,0,0,10,10,10,0,0,6
29,10,2014,22,392950,0,0,10,10,10,0,0,6
29,10,2014,23,392951,0,0,10,10,10,0,0,6
30,10,2014,0,392952,0,0,10,10,10,0,0,6
30,10,2014,1,392953,0,0,10,10,10,0,0,6
30,10,2014,2,392954,0,0,10,10,10,0,0,6
30,10,2014,3,392955,0,0,10,10,10,0,0,7
30,10,2014,4,392956,0,0,10,10,10,0,0,6
30,10,2014,5,392957,0,0,10,10,10,0,0,6
30,10,2014,6,392958,0,0,10,10,10,0,0,6
30,10,2014,7,392959,0,0,10,10,10,0,0,6
30,10,2014,8,392960,0,0,10,10,10,0,0,6
30,10,2014,9,392961,0,0,10,10,10,0,0,6
30,10,2014,10,392962,0,0,10,10,10,0,0,6
30,10,2014,11,392963,0,0,10,10,10,0,0,6
30,10,2014,12,392964,0,0,10,10,10,0,0,6
30,10,2014,13,392965,0,0,10,10,10,0,0,6
30,10,2014,14,392966,0,0,10,10,10,0,0,6
30,10,2014,15,392967,0,0,10,10,10,0,0,6
30,10,2014,16,392968,0,1,10,9.85714285714286,9,0,0,7
30,10,2014,17,392969,0,0,9,9,9,0,0,6
30,10,2014,18,392970,0,0,9,9,9,0,0,6
30,10,2014,19,392971,0,0,9,9,9,0,0,6
30,10,2014,20,392972,0,0,9,9,9,0,0,6
30,10,2014,21,392973,0,0,9,9,9,0,0,6
30,10,2014,22,392974,0,0,9,9,9,0,0,6
30,10,2014,23,392975,0,0,9,9,9,0,0,7
31,10,2014,0,392976,0,0,9,9,9,0,0,6
31,10,2014,1,392977,0,0,9,9,9,0,0,6
31,10,2014,2,392978,0,0,9,9,9,0,0,6
31,10,2014,3,392979,0,0,9,9,9,0,0,7
31,10,2014,4,392980,0,0,9,9,9,0,0,6
31,10,2014,5,392981,0,0,9,9,9,0,0,6
31,10,2014,6,392982,0,0,9,9,9,0,0,6
31,10,2014,7,392983,0,0,9,9,9,0,0,6
31,10,2014,8,392984,0,0,9,9,9,0,0,6
31,10,2014,9,392985,0,0,9,9,9,0,0,6
31,10,2014,10,392986,0,0,9,9,9,0,0,6
31,10,2014,11,392987,0,0,9,9,9,0,0,6
31,10,2014,12,392988,0,0,9,9,9,0,0,6
31,10,2014,13,392989,0,0,9,9,9,0,0,6
31,10,2014,14,392990,0,0,9,9,9,0,0,6
31,10,2014,15,392991,0,0,9,9,9,0,0,7
31,10,2014,16,392992,0,0,9,9,9,0,0,6
31,10,2014,17,392993,0,0,9,9,9,0,0,6
31,10,2014,18,392994,1,0,9.5,9.5,10,0,0,6
31,10,2014,19,392995,0,1,9,9.14285714285714,9,0,0,7
31,10,2014,20,392996,0,0,9,9,9,0,0,6
31,10,2014,21,392997,0,0,9,9,9,0,0,6
31,10,2014,22,392998,0,0,9,9,9,0,0,6
31,10,2014,23,392999,0,0,9,9,9,0,0,6
1,11,2014,0,393000,0,0,9,9,9,0,0,6
1,11,2014,1,393001,0,0,9,9,9,0,0,6
1,11,2014,2,393002,0,0,9,9,9,0,0,6
1,11,2014,3,393003,0,0,9,9,9,0,0,7
1,11,2014,4,393004,0,0,9,9,9,0,0,6
1,11,2014,5,393005,0,0,9,9,9,0,0,6
1,11,2014,6,393006,0,0,9,9,9,0,0,6
1,11,2014,7,393007,0,0,9,9,9,0,0,6
1,11,2014,8,393008,0,0,9,9,9,0,0,3
1,11,2014,9,393009,0,0,8,8,8,0,0,4
1,11,2014,10,393010,0,0,8,8,8,0,0,6
1,11,2014,11,393011,0,0,8,8,8,0,0,6
1,11,2014,12,393012,0,0,8,8,8,0,0,6
1,11,2014,13,393013,0,0,8,8,8,0,0,6
1,11,2014,14,393014,0,0,8,8,8,0,0,7
1,11,2014,15,393015,0,0,8,8,8,0,0,6
1,11,2014,16,393016,0,0,8,8,8,0,0,6
1,11,2014,17,393017,0,0,8,8,8,0,0,6
1,11,2014,18,393018,0,0,8,8,8,0,0,6
1,11,2014,19,393019,0,0,8,8,8,0,0,6
1,11,2014,20,393020,0,0,8,8,8,0,0,6
1,11,2014,21,393021,0,0,8,8,8,0,0,7
1,11,2014,22,393022,0,0,8,8,8,0,0,6
1,11,2014,23,393023,0,0,8,8,8,0,0,6
2,11,2014,0,393024,0,0,8,8,8,0,0,6
2,11,2014,1,393025,0,0,8,8,8,0,0,6
2,11,2014,2,393026,0,0,8,8,8,0,0,6
2,11,2014,3,393027,0,0,8,8,8,0,0,8
2,11,2014,4,393028,0,0,8,8,8,0,0,6
2,11,2014,5,393029,0,0,8,8,8,0,0,6
2,11,2014,6,393030,0,0,8,8,8,0,0,6
2,11,2014,7,393031,0,0,8,8,8,0,0,6
2,11,2014,8,393032,0,0,8,8,8,0,0,6
2,11,2014,9,393033,0,0,8,8,8,0,0,6
2,11,2014,10,393034,0,0,8,8,8,0,0,6
2,11,2014,11,393035,1,0,8,8.42857142857143,9,0,0,7
2,11,2014,12,393036,0,1,9,8.57142857142857,8,0,0,7
2,11,2014,13,393037,0,0,8,8,8,0,0,6
2,11,2014,14,393038,0,0,8,8,8,0,0,6
2,11,2014,15,393039,0,0,8,8,8,0,0,7
2,11,2014,16,393040,0,0,8,8,8,0,0,6
2,11,2014,17,393041,0,0,8,8,8,0,0,6
2,11,2014,18,393042,0,0,8,8,8,0,0,6
2,11,2014,19,393043,0,0,8,8,8,0,0,6
2,11,2014,20,393044,0,0,8,8,8,0,0,6
2,11,2014,21,393045,0,0,8,8,8,0,0,6
2,11,2014,22,393046,0,0,8,8,8,0,0,6
2,11,2014,23,393047,0,0,8,8,8,0,0,6
3,11,2014,0,393048,0,0,8,8,8,0,0,5
3,11,2014,1,393049,0,0,8,8,8,0,0,6
3,11,2014,2,393050,0,0,8,8,8,0,0,6
3,11,2014,3,393051,0,0,8,8,8,0,0,8
3,11,2014,4,393052,0,0,8,8,8,0,0,6
3,11,2014,5,393053,0,0,8,8,8,0,0,6
3,11,2014,6,393054,0,0,8,8,8,0,0,6
3,11,2014,7,393055,0,0,8,8,8,0,0,6
3,11,2014,8,393056,0,0,8,8,8,0,0,6
3,11,2014,9,393057,0,0,8,8,8,0,0,6
3,11,2014,10,393058,1,0,9,8.85714285714286,9,0,0,7
3,11,2014,11,393059,0,0,9,9,9,0,0,5
3,11,2014,12,393060,0,0,9,9,9,0,0,6
3,11,2014,13,393061,0,0,9,9,9,0,0,6
3,11,2014,14,393062,0,0,9,9,9,0,0,6
3,11,2014,15,393063,0,0,9,9,9,0,0,8
3,11,2014,16,393064,0,0,9,9,9,0,0,6
3,11,2014,17,393065,0,0,9,9,9,0,0,6
3,11,2014,18,393066,0,0,9,9,9,0,0,6
3,11,2014,19,393067,0,0,9,9,9,0,0,6
3,11,2014,20,393068,0,0,9,9,9,0,0,6
3,11,2014,21,393069,0,0,9,9,9,0,0,6
3,11,2014,22,393070,0,0,9,9,9,0,0,6
3,11,2014,23,393071,0,0,9,9,9,0,0,5
4,11,2014,0,393072,0,0,9,9,9,0,0,6
4,11,2014,1,393073,0,0,9,9,9,0,0,6
4,11,2014,2,393074,0,0,9,9,9,0,0,6
4,11,2014,3,393075,0,0,9,9,9,0,0,8
4,11,2014,4,393076,0,0,9,9,9,0,0,6
4,11,2014,5,393077,0,0,9,9,9,0,0,6
4,11,2014,6,393078,0,0,9,9,9,0,0,6
4,11,2014,7,393079,0,0,9,9,9,0,0,3
4,11,2014,9,393081,0,0,9,9,9,0,0,5
4,11,2014,10,393082,0,0,9,9,9,0,0,6
4,11,2014,11,393083,0,0,9,9,9,0,0,6
4,11,2014,12,393084,0,0,9,9,9,0,0,6
4,11,2014,13,393085,0,0,9,9,9,0,0,6
4,11,2014,14,393086,0,0,9,9,9,0,0,6
4,11,2014,15,393087,0,0,9,9,9,0,0,7
4,11,2014,16,393088,1,1,9,8.85714285714286,9,0,0,7
4,11,2014,17,393089,0,0,9,9,9,0,0,6
4,11,2014,18,393090,0,0,9,9,9,0,0,6
4,11,2014,19,393091,0,0,9,9,9,0,0,6
4,11,2014,20,393092,0,0,9,9,9,0,0,6
4,11,2014,21,393093,0,0,9,9,9,0,0,6
4,11,2014,22,393094,0,0,9,9,9,0,0,6
4,11,2014,23,393095,0,0,9,9,9,0,0,6
5,11,2014,0,393096,0,0,9,9,9,0,0,6
5,11,2014,1,393097,0,0,9,9,9,0,0,6
5,11,2014,2,393098,0,0,9,9,9,0,0,6
5,11,2014,3,393099,0,0,9,9,9,0,0,7
5,11,2014,4,393100,0,0,9,9,9,0,0,6
5,11,2014,5,393101,0,0,9,9,9,0,0,6
5,11,2014,6,393102,0,0,9,9,9,0,0,6
5,11,2014,7,393103,0,0,9,9,9,0,0,6
5,11,2014,8,393104,0,0,9,9,9,0,0,6
5,11,2014,9,393105,0,0,9,9,9,0,0,6
5,11,2014,10,393106,0,0,9,9,9,0,0,6
5,11,2014,11,393107,0,0,9,9,9,0,0,6
5,11,2014,12,393108,1,0,10,9.83333333333333,10,0,0,6
5,11,2014,13,393109,0,0,10,10,10,0,0,6
5,11,2014,14,393110,0,0,10,10,10,0,0,6
5,11,2014,15,393111,0,0,10,10,10,0,0,8
5,11,2014,16,393112,0,0,10,10,10,0,0,5
5,11,2014,17,393113,0,0,10,10,10,0,0,6
5,11,2014,18,393114,0,0,10,10,10,0,0,6
5,11,2014,19,393115,0,0,10,10,10,0,0,6
5,11,2014,20,393116,0,0,10,10,10,0,0,6
5,11,2014,21,393117,0,0,10,10,10,0,0,6
5,11,2014,22,393118,0,0,10,10,10,0,0,6
5,11,2014,23,393119,0,0,10,10,10,0,0,6
6,11,2014,0,393120,0,0,10,10,10,0,0,6
6,11,2014,1,393121,0,0,10,10,10,0,0,6
6,11,2014,2,393122,0,0,10,10,10,0,0,6
6,11,2014,3,393123,0,0,10,10,10,0,0,7
6,11,2014,4,393124,0,0,10,10,10,0,0,6
6,11,2014,5,393125,0,0,10,10,10,0,0,6
6,11,2014,6,393126,0,0,10,10,10,0,0,6
6,11,2014,7,393127,0,0,10,10,10,0,0,6
6,11,2014,8,393128,0,0,10,10,10,0,0,6
6,11,2014,9,393129,0,0,10,10,10,0,0,6
6,11,2014,10,393130,0,0,10,10,10,0,0,6
6,11,2014,11,393131,0,0,10,10,10,0,0,6
6,11,2014,12,393132,0,0,10,10,10,0,0,6
6,11,2014,13,393133,0,0,10,10,10,0,0,5
6,11,2014,14,393134,0,0,10,10,10,0,0,6
6,11,2014,15,393135,0,0,10,10,10,0,0,8
6,11,2014,16,393136,0,0,10,10,10,0,0,6
6,11,2014,17,393137,0,0,10,10,10,0,0,6
6,11,2014,18,393138,0,0,10,10,10,0,0,6
6,11,2014,19,393139,0,0,10,10,10,0,0,6
6,11,2014,20,393140,0,0,10,10,10,0,0,6
6,11,2014,21,393141,0,0,10,10,10,0,0,6
6,11,2014,22,393142,0,0,10,10,10,0,0,6
6,11,2014,23,393143,0,0,10,10,10,0,0,5
7,11,2014,0,393144,0,0,10,10,10,0,0,6
7,11,2014,1,393145,0,0,10,10,10,0,0,6
7,11,2014,2,393146,0,0,10,10,10,0,0,6
7,11,2014,3,393147,0,0,10,10,10,0,0,8
7,11,2014,4,393148,0,0,10,10,10,0,0,6
7,11,2014,5,393149,0,0,10,10,10,0,0,6
7,11,2014,6,393150,0,0,10,10,10,0,0,6
7,11,2014,7,393151,0,0,10,10,10,0,0,6
7,11,2014,8,393152,0,0,10,10,10,0,0,6
7,11,2014,9,393153,0,0,10,10,10,0,0,6
7,11,2014,10,393154,0,0,10,10,10,0,0,6
7,11,2014,11,393155,0,0,10,10,10,0,0,6
7,11,2014,12,393156,0,0,10,10,10,0,0,6
7,11,2014,13,393157,0,0,10,10,10,0,0,6
7,11,2014,14,393158,0,0,10,10,10,0,0,6
7,11,2014,15,393159,0,0,10,10,10,0,0,7
7,11,2014,16,393160,0,0,10,10,10,0,0,6
7,11,2014,17,393161,0,0,10,10,10,0,0,6
7,11,2014,18,393162,1,0,10,10.1666666666667,11,0,0,6
7,11,2014,19,393163,0,1,10,10.3333333333333,10,0,0,6
7,11,2014,20,393164,0,0,10,10,10,0,0,6
7,11,2014,21,393165,0,0,10,10,10,0,0,6
7,11,2014,22,393166,0,0,10,10,10,0,0,6
7,11,2014,23,393167,0,0,10,10,10,0,0,6
8,11,2014,0,393168,0,0,10,10,10,0,0,6
8,11,2014,1,393169,0,0,10,10,10,0,0,6
8,11,2014,2,393170,0,0,10,10,10,0,0,6
8,11,2014,3,393171,0,0,10,10,10,0,0,7
8,11,2014,4,393172,0,0,10,10,10,0,0,6
8,11,2014,5,393173,0,0,10,10,10,0,0,6
8,11,2014,6,393174,0,0,10,10,10,0,0,6
8,11,2014,7,393175,0,0,10,10,10,0,0,6
8,11,2014,8,393176,0,0,10,10,10,0,0,6
8,11,2014,9,393177,0,0,10,10,10,0,0,6
8,11,2014,10,393178,0,0,10,10,10,0,0,6
8,11,2014,11,393179,0,1,9.5,9.5,9,0,0,6
8,11,2014,12,393180,0,0,9,9,9,0,0,6
8,11,2014,13,393181,0,0,9,9,9,0,0,6
8,11,2014,14,393182,0,0,9,9,9,0,0,6
8,11,2014,15,393183,0,0,9,9,9,0,0,7
8,11,2014,16,393184,0,0,9,9,9,0,0,6
8,11,2014,17,393185,0,0,9,9,9,0,0,6
8,11,2014,18,393186,0,0,9,9,9,0,0,6
8,11,2014,19,393187,0,0,9,9,9,0,0,6
8,11,2014,20,393188,0,0,9,9,9,0,0,6
8,11,2014,21,393189,0,0,9,9,9,0,0,6
8,11,2014,22,393190,0,0,9,9,9,0,0,6
8,11,2014,23,393191,0,0,9,9,9,0,0,6
9,11,2014,0,393192,0,0,9,9,9,0,0,6
9,11,2014,1,393193,0,0,9,9,9,0,0,5
9,11,2014,2,393194,0,0,9,9,9,0,0,6
9,11,2014,3,393195,0,0,9,9,9,0,0,8
9,11,2014,4,393196,0,0,9,9,9,0,0,6
9,11,2014,5,393197,0,0,9,9,9,0,0,6
9,11,2014,6,393198,0,0,9,9,9,0,0,6
9,11,2014,7,393199,0,0,9,9,9,0,0,6
9,11,2014,8,393200,1,0,10,9.875,10,0,0,8
9,11,2014,9,393201,0,0,10,10,10,0,0,6
9,11,2014,10,393202,0,0,10,10,10,0,0,6
9,11,2014,11,393203,0,0,10,10,10,0,0,5
9,11,2014,12,393204,0,0,10,10,10,0,0,6
9,11,2014,13,393205,0,0,10,10,10,0,0,6
9,11,2014,14,393206,0,0,10,10,10,0,0,6
9,11,2014,15,393207,0,0,10,10,10,0,0,8
9,11,2014,16,393208,0,0,10,10,10,0,0,6
9,11,2014,17,393209,0,0,10,10,10,0,0,6
9,11,2014,18,393210,0,0,10,10,10,0,0,6
9,11,2014,19,393211,0,0,10,10,10,0,0,6
9,11,2014,20,393212,0,0,10,10,10,0,0,6
9,11,2014,21,393213,0,0,10,10,10,0,0,6
9,11,2014,22,393214,0,0,10,10,10,0,0,6
9,11,2014,23,393215,0,0,10,10,10,0,0,6
10,11,2014,0,393216,0,0,10,10,10,0,0,6
10,11,2014,1,393217,0,0,10,10,10,0,0,6
10,11,2014,2,393218,0,0,10,10,10,0,0,5
10,11,2014,3,393219,0,0,10,10,10,0,0,8
10,11,2014,4,393220,0,0,10,10,10,0,0,6
10,11,2014,5,393221,0,0,10,10,10,0,0,6
10,11,2014,6,393222,0,0,10,10,10,0,0,6
10,11,2014,7,393223,0,0,10,10,10,0,0,6
10,11,2014,8,393224,0,0,10,10,10,0,0,6
10,11,2014,9,393225,0,0,10,10,10,0,0,6
10,11,2014,10,393226,0,0,10,10,10,0,0,6
10,11,2014,11,393227,0,0,10,10,10,0,0,6
10,11,2014,12,393228,0,0,10,10,10,0,0,6
10,11,2014,13,393229,0,0,10,10,10,0,0,6
10,11,2014,14,393230,0,0,10,10,10,0,0,6
10,11,2014,15,393231,0,0,10,10,10,0,0,7
10,11,2014,16,393232,0,0,10,10,10,0,0,6
10,11,2014,17,393233,0,0,10,10,10,0,0,6
10,11,2014,18,393234,0,0,10,10,10,0,0,6
10,11,2014,19,393235,0,0,10,10,10,0,0,6
10,11,2014,20,393236,0,0,10,10,10,0,0,6
10,11,2014,21,393237,0,0,10,10,10,0,0,6
10,11,2014,22,393238,0,0,10,10,10,0,0,6
10,11,2014,23,393239,0,0,10,10,10,0,0,6
11,11,2014,0,393240,0,0,10,10,10,0,0,5
11,11,2014,1,393241,0,0,10,10,10,0,0,6
11,11,2014,2,393242,0,0,10,10,10,0,0,6
11,11,2014,3,393243,0,0,10,10,10,0,0,7
11,11,2014,4,393244,0,0,10,10,10,0,0,6
11,11,2014,5,393245,0,0,10,10,10,0,0,6
11,11,2014,6,393246,0,0,10,10,10,0,0,6
11,11,2014,7,393247,0,0,10,10,10,0,0,6
11,11,2014,8,393248,0,0,10,10,10,0,0,6
11,11,2014,9,393249,0,0,10,10,10,0,0,6
11,11,2014,10,393250,0,0,10,10,10,0,0,6
11,11,2014,11,393251,0,0,10,10,10,0,0,6
11,11,2014,12,393252,0,1,9,9.42857142857143,9,0,0,7
11,11,2014,13,393253,0,0,9,9,9,0,0,6
11,11,2014,14,393254,0,0,9,9,9,0,0,6
11,11,2014,15,393255,0,0,9,9,9,0,0,7
11,11,2014,16,393256,1,0,9,9.33333333333333,10,0,0,6
11,11,2014,17,393257,0,0,10,10,10,0,0,6
11,11,2014,18,393258,0,0,10,10,10,0,0,6
11,11,2014,19,393259,0,0,10,10,10,0,0,6
11,11,2014,20,393260,0,0,10,10,10,0,0,6
11,11,2014,21,393261,0,0,10,10,10,0,0,6
11,11,2014,22,393262,0,0,10,10,10,0,0,6
11,11,2014,23,393263,0,0,10,10,10,0,0,6
12,11,2014,0,393264,0,0,10,10,10,0,0,6
12,11,2014,1,393265,0,0,10,10,10,0,0,6
12,11,2014,2,393266,0,0,10,10,10,0,0,6
12,11,2014,3,393267,0,0,10,10,10,0,0,7
12,11,2014,4,393268,0,0,10,10,10,0,0,6
12,11,2014,5,393269,0,0,10,10,10,0,0,6
12,11,2014,6,393270,0,0,10,10,10,0,0,6
12,11,2014,7,393271,0,0,10,10,10,0,0,6
12,11,2014,8,393272,0,0,10,10,10,0,0,6
12,11,2014,9,393273,0,0,10,10,10,0,0,6
12,11,2014,10,393274,0,0,10,10,10,0,0,6
12,11,2014,11,393275,0,0,10,10,10,0,0,6
12,11,2014,12,393276,0,0,10,10,10,0,0,6
12,11,2014,13,393277,0,0,10,10,10,0,0,8
12,11,2014,14,393278,0,0,10,10,10,0,0,6
12,11,2014,15,393279,0,0,10,10,10,0,0,7
12,11,2014,16,393280,0,0,10,10,10,0,0,6
12,11,2014,17,393281,0,0,10,10,10,0,0,6
12,11,2014,18,393282,0,0,10,10,10,0,0,6
12,11,2014,19,393283,0,0,10,10,10,0,0,6
12,11,2014,20,393284,1,0,10.5,10.5,11,0,0,6
12,11,2014,21,393285,0,0,11,11,11,0,0,6
12,11,2014,22,393286,0,0,11,11,11,0,0,6
12,11,2014,23,393287,0,0,11,11,11,0,0,6
13,11,2014,0,393288,0,0,11,11,11,0,0,6
13,11,2014,1,393289,0,0,11,11,11,0,0,6
13,11,2014,2,393290,0,0,11,11,11,0,0,6
13,11,2014,3,393291,0,0,11,11,11,0,0,9
13,11,2014,4,393292,0,0,11,11,11,0,0,6
13,11,2014,5,393293,0,0,11,11,11,0,0,6
13,11,2014,6,393294,0,0,11,11,11,0,0,6
13,11,2014,7,393295,0,0,11,11,11,0,0,6
13,11,2014,8,393296,0,0,11,11,11,0,0,6
13,11,2014,9,393297,0,0,11,11,11,0,0,5
13,11,2014,10,393298,0,0,11,11,11,0,0,6
13,11,2014,11,393299,0,0,11,11,11,0,0,5
13,11,2014,12,393300,0,0,11,11,11,0,0,6
13,11,2014,13,393301,0,0,11,11,11,0,0,6
13,11,2014,14,393302,0,0,11,11,11,0,0,6
13,11,2014,15,393303,0,0,11,11,11,0,0,8
13,11,2014,16,393304,0,0,11,11,11,0,0,6
13,11,2014,17,393305,0,0,11,11,11,0,0,6
13,11,2014,18,393306,0,1,10,10.2857142857143,10,0,0,7
13,11,2014,19,393307,0,0,10,10,10,0,0,6
13,11,2014,20,393308,0,0,10,10,10,0,0,6
13,11,2014,21,393309,0,0,10,10,10,0,0,6
13,11,2014,22,393310,0,0,10,10,10,0,0,6
13,11,2014,23,393311,0,0,10,10,10,0,0,6
14,11,2014,0,393312,0,0,10,10,10,0,0,6
14,11,2014,1,393313,0,0,10,10,10,0,0,6
14,11,2014,2,393314,0,0,10,10,10,0,0,6
14,11,2014,3,393315,0,0,10,10,10,0,0,7
14,11,2014,4,393316,0,0,10,10,10,0,0,6
14,11,2014,5,393317,0,0,10,10,10,0,0,6
14,11,2014,6,393318,0,0,10,10,10,0,0,6
14,11,2014,7,393319,0,0,10,10,10,0,0,6
14,11,2014,8,393320,0,0,10,10,10,0,0,6
14,11,2014,9,393321,0,0,10,10,10,0,0,6
14,11,2014,10,393322,0,0,10,10,10,0,0,6
14,11,2014,11,393323,0,0,10,10,10,0,0,6
14,11,2014,12,393324,0,0,10,10,10,0,0,6
14,11,2014,13,393325,0,0,10,10,10,0,0,6
14,11,2014,14,393326,0,0,10,10,10,0,0,6
14,11,2014,15,393327,0,0,10,10,10,0,0,7
14,11,2014,16,393328,0,0,10,10,10,0,0,6
14,11,2014,17,393329,0,0,10,10,10,0,0,6
14,11,2014,18,393330,0,0,10,10,10,0,0,6
14,11,2014,19,393331,0,0,10,10,10,0,0,6
14,11,2014,20,393332,0,0,10,10,10,0,0,6
14,11,2014,21,393333,0,0,10,10,10,0,0,5
14,11,2014,22,393334,0,0,10,10,10,0,0,6
14,11,2014,23,393335,0,0,10,10,10,0,0,5
15,11,2014,0,393336,0,0,10,10,10,0,0,6
15,11,2014,1,393337,0,0,10,10,10,0,0,6
15,11,2014,2,393338,0,0,10,10,10,0,0,6
15,11,2014,3,393339,0,0,10,10,10,0,0,7
15,11,2014,4,393340,0,0,10,10,10,0,0,6
15,11,2014,5,393341,0,0,10,10,10,0,0,6
15,11,2014,6,393342,0,0,10,10,10,0,0,6
15,11,2014,7,393343,0,0,10,10,10,0,0,6
15,11,2014,8,393344,0,0,10,10,10,0,0,6
15,11,2014,9,393345,0,0,10,10,10,0,0,6
15,11,2014,10,393346,0,0,10,10,10,0,0,6
15,11,2014,11,393347,0,0,10,10,10,0,0,5
15,11,2014,12,393348,0,0,10,10,10,0,0,6
15,11,2014,13,393349,0,0,10,10,10,0,0,6
15,11,2014,14,393350,0,0,10,10,10,0,0,6
15,11,2014,15,393351,0,1,9.5,9.5,9,0,0,10
15,11,2014,16,393352,0,0,9,9,9,0,0,6
15,11,2014,17,393353,1,0,9,9.33333333333333,10,0,0,6
15,11,2014,18,393354,0,1,9,9.28571428571429,9,0,0,7
15,11,2014,19,393355,0,0,9,9,9,0,0,6
15,11,2014,20,393356,0,0,9,9,9,0,0,6
15,11,2014,21,393357,0,0,9,9,9,0,0,6
15,11,2014,22,393358,0,0,9,9,9,0,0,6
15,11,2014,23,393359,0,0,9,9,9,0,0,6
16,11,2014,0,393360,0,0,9,9,9,0,0,6
16,11,2014,1,393361,0,0,9,9,9,0,0,6
16,11,2014,2,393362,0,0,9,9,9,0,0,6
16,11,2014,3,393363,0,0,9,9,9,0,0,7
16,11,2014,4,393364,0,0,9,9,9,0,0,6
16,11,2014,5,393365,0,0,9,9,9,0,0,6
16,11,2014,6,393366,0,0,9,9,9,0,0,6
16,11,2014,7,393367,0,0,9,9,9,0,0,6
16,11,2014,8,393368,0,0,9,9,9,0,0,6
16,11,2014,9,393369,0,0,9,9,9,0,0,6
16,11,2014,10,393370,0,0,9,9,9,0,0,6
16,11,2014,11,393371,0,0,9,9,9,0,0,6
16,11,2014,12,393372,0,0,9,9,9,0,0,6
16,11,2014,13,393373,0,0,9,9,9,0,0,6
16,11,2014,14,393374,0,0,9,9,9,0,0,6
16,11,2014,15,393375,0,0,9,9,9,0,0,8
16,11,2014,16,393376,0,0,9,9,9,0,0,6
16,11,2014,17,393377,0,0,9,9,9,0,0,6
16,11,2014,18,393378,0,0,9,9,9,0,0,6
16,11,2014,19,393379,0,0,9,9,9,0,0,6
16,11,2014,20,393380,0,0,9,9,9,0,0,6
16,11,2014,21,393381,0,0,9,9,9,0,0,6
16,11,2014,22,393382,0,0,9,9,9,0,0,6
16,11,2014,23,393383,0,0,9,9,9,0,0,5
17,11,2014,0,393384,0,0,9,9,9,0,0,6
17,11,2014,1,393385,0,0,9,9,9,0,0,6
17,11,2014,2,393386,0,0,9,9,9,0,0,6
17,11,2014,3,393387,0,0,9,9,9,0,0,7
17,11,2014,4,393388,0,0,9,9,9,0,0,6
17,11,2014,5,393389,0,0,9,9,9,0,0,6
17,11,2014,6,393390,0,0,9,9,9,0,0,6
17,11,2014,7,393391,0,0,9,9,9,0,0,6
17,11,2014,8,393392,0,0,9,9,9,0,0,6
17,11,2014,9,393393,0,0,9,9,9,0,0,6
17,11,2014,10,393394,0,0,9,9,9,0,0,6
17,11,2014,11,393395,0,0,9,9,9,0,0,6
17,11,2014,12,393396,0,0,9,9,9,0,0,6
17,11,2014,13,393397,0,0,9,9,9,0,0,6
17,11,2014,14,393398,0,0,9,9,9,0,0,6
17,11,2014,15,393399,0,0,9,9,9,0,0,7
17,11,2014,16,393400,0,0,9,9,9,0,0,6
17,11,2014,17,393401,0,0,9,9,9,0,0,6
17,11,2014,18,393402,0,0,9,9,9,0,0,6
17,11,2014,19,393403,0,0,9,9,9,0,0,6
17,11,2014,20,393404,0,0,9,9,9,0,0,6
17,11,2014,21,393405,0,0,9,9,9,0,0,6
17,11,2014,22,393406,0,0,9,9,9,0,0,6
17,11,2014,23,393407,0,0,9,9,9,0,0,5
18,11,2014,0,393408,0,0,9,9,9,0,0,6
18,11,2014,1,393409,0,0,9,9,9,0,0,6
18,11,2014,2,393410,0,0,9,9,9,0,0,6
18,11,2014,3,393411,0,0,9,9,9,0,0,7
18,11,2014,4,393412,0,0,9,9,9,0,0,6
18,11,2014,5,393413,0,0,9,9,9,0,0,6
18,11,2014,6,393414,0,0,9,9,9,0,0,6
18,11,2014,7,393415,1,0,9,9.42857142857143,10,0,0,7
18,11,2014,8,393416,0,0,10,10,10,0,0,5
18,11,2014,9,393417,0,0,10,10,10,0,0,5
18,11,2014,10,393418,0,0,10,10,10,0,0,6
18,11,2014,11,393419,0,0,10,10,10,0,0,6
18,11,2014,12,393420,1,0,10,10.2857142857143,11,0,0,7
18,11,2014,13,393421,0,1,10,10.375,10,0,0,8
18,11,2014,14,393422,0,0,10,10,10,0,0,6
18,11,2014,15,393423,0,0,10,10,10,0,0,7
18,11,2014,16,393424,0,0,10,10,10,0,0,6
18,11,2014,17,393425,0,0,9,9,9,0,0,6
18,11,2014,18,393426,0,0,9,9,9,0,0,6
18,11,2014,19,393427,0,0,9,9,9,0,0,6
18,11,2014,20,393428,0,0,9,9,9,0,0,6
18,11,2014,21,393429,0,0,9,9,9,0,0,6
18,11,2014,22,393430,0,0,9,9,9,0,0,6
18,11,2014,23,393431,0,0,9,9,9,0,0,6
19,11,2014,0,393432,0,0,9,9,9,0,0,6
19,11,2014,1,393433,0,0,9,9,9,0,0,6
19,11,2014,2,393434,0,0,9,9,9,0,0,6
19,11,2014,3,393435,0,0,9,9,9,0,0,7
19,11,2014,4,393436,0,0,9,9,9,0,0,7
19,11,2014,5,393437,0,0,9,9,9,0,0,6
19,11,2014,6,393438,0,0,9,9,9,0,0,6
19,11,2014,7,393439,0,0,9,9,9,0,0,6
19,11,2014,8,393440,0,0,9,9,9,0,0,6
19,11,2014,9,393441,0,0,9,9,9,0,0,5
19,11,2014,10,393442,0,0,9,9,9,0,0,6
19,11,2014,11,393443,0,0,9,9,9,0,0,6
19,11,2014,12,393444,0,0,9,9,9,0,0,6
19,11,2014,13,393445,0,0,9,9,9,0,0,6
19,11,2014,14,393446,0,0,9,9,9,0,0,6
19,11,2014,15,393447,0,0,9,9,9,0,0,6
19,11,2014,16,393448,0,0,9,9,9,0,0,8
19,11,2014,17,393449,0,0,9,9,9,0,0,6
19,11,2014,18,393450,0,0,9,9,9,0,0,5
19,11,2014,19,393451,0,0,9,9,9,0,0,6
19,11,2014,20,393452,0,0,9,9,9,0,0,6
19,11,2014,21,393453,0,0,9,9,9,0,0,6
19,11,2014,22,393454,0,0,9,9,9,0,0,6
19,11,2014,23,393455,0,0,9,9,9,0,0,6
20,11,2014,0,393456,0,0,9,9,9,0,0,6
20,11,2014,1,393457,0,0,9,9,9,0,0,6
20,11,2014,2,393458,0,0,9,9,9,0,0,6
20,11,2014,3,393459,0,0,9,9,9,0,0,8
20,11,2014,4,393460,0,0,9,9,9,0,0,6
20,11,2014,5,393461,0,0,9,9,9,0,0,6
20,11,2014,6,393462,0,0,9,9,9,0,0,6
20,11,2014,7,393463,0,0,9,9,9,0,0,6
20,11,2014,8,393464,0,0,9,9,9,0,0,6
20,11,2014,9,393465,0,0,9,9,9,0,0,6
20,11,2014,10,393466,0,0,9,9,9,0,0,6
20,11,2014,11,393467,0,0,9,9,9,0,0,6
20,11,2014,12,393468,0,0,9,9,9,0,0,6
20,11,2014,13,393469,0,0,9,9,9,0,0,6
20,11,2014,14,393470,0,0,9,9,9,0,0,6
20,11,2014,15,393471,0,0,9,9,9,0,0,7
20,11,2014,16,393472,0,0,9,9,9,0,0,7
20,11,2014,17,393473,0,0,9,9,9,0,0,6
20,11,2014,18,393474,0,1,9,8.85714285714286,8,0,0,7
20,11,2014,19,393475,0,0,8,8,8,0,0,6
20,11,2014,20,393476,0,0,8,8,8,0,0,6
20,11,2014,21,393477,0,0,8,8,8,0,0,6
20,11,2014,22,393478,0,0,8,8,8,0,0,6
20,11,2014,23,393479,0,0,8,8,8,0,0,6
21,11,2014,0,393480,0,0,8,8,8,0,0,6
21,11,2014,1,393481,0,0,8,8,8,0,0,6
21,11,2014,2,393482,0,0,8,8,8,0,0,6
21,11,2014,3,393483,0,0,8,8,8,0,0,8
21,11,2014,4,393484,0,0,8,8,8,0,0,6
21,11,2014,5,393485,0,0,8,8,8,0,0,6
21,11,2014,6,393486,0,0,8,8,8,0,0,6
21,11,2014,7,393487,0,0,8,8,8,0,0,6
21,11,2014,8,393488,0,0,8,8,8,0,0,6
21,11,2014,9,393489,0,0,8,8,8,0,0,6
21,11,2014,10,393490,0,0,8,8,8,0,0,6
21,11,2014,11,393491,0,0,8,8,8,0,0,6
21,11,2014,12,393492,0,0,8,8,8,0,0,6
21,11,2014,13,393493,0,0,8,8,8,0,0,6
21,11,2014,14,393494,0,0,8,8,8,0,0,6
21,11,2014,15,393495,1,0,8,8.42857142857143,9,0,0,7
21,11,2014,16,393496,0,0,9,9,9,0,0,6
21,11,2014,17,393497,0,0,9,9,9,0,0,6
21,11,2014,18,393498,1,1,8,8.375,9,0,0,8
21,11,2014,19,393499,0,1,8,8.42857142857143,8,0,0,7
21,11,2014,20,393500,0,0,8,8,8,0,0,6
21,11,2014,21,393501,0,0,8,8,8,0,0,6
21,11,2014,22,393502,0,0,8,8,8,0,0,6
21,11,2014,23,393503,0,0,8,8,8,0,0,6
22,11,2014,0,393504,0,0,8,8,8,0,0,6
22,11,2014,1,393505,0,0,8,8,8,0,0,6
22,11,2014,2,393506,0,0,8,8,8,0,0,6
22,11,2014,3,393507,0,0,8,8,8,0,0,8
22,11,2014,4,393508,0,0,8,8,8,0,0,6
22,11,2014,5,393509,0,0,8,8,8,0,0,6
22,11,2014,6,393510,0,0,8,8,8,0,0,6
22,11,2014,7,393511,0,0,8,8,8,0,0,6
22,11,2014,8,393512,0,0,8,8,8,0,0,6
22,11,2014,9,393513,0,0,8,8,8,0,0,6
22,11,2014,10,393514,0,0,8,8,8,0,0,6
22,11,2014,11,393515,0,0,8,8,8,0,0,6
22,11,2014,12,393516,0,0,8,8,8,0,0,6
22,11,2014,13,393517,0,2,7,7,6,0,0,7
22,11,2014,14,393518,1,0,7,6.85714285714286,7,0,0,7
22,11,2014,15,393519,0,0,7,7,7,0,0,7
22,11,2014,16,393520,0,0,7,7,7,0,0,6
22,11,2014,17,393521,0,0,7,7,7,0,0,6
22,11,2014,18,393522,0,0,7,7,7,0,0,6
22,11,2014,19,393523,0,0,7,7,7,0,0,6
22,11,2014,20,393524,0,0,7,7,7,0,0,6
22,11,2014,21,393525,0,0,7,7,7,0,0,6
22,11,2014,22,393526,0,0,7,7,7,0,0,6
22,11,2014,23,393527,0,0,7,7,7,0,0,6
23,11,2014,0,393528,0,0,7,7,7,0,0,6
23,11,2014,1,393529,0,0,7,7,7,0,0,5
23,11,2014,2,393530,0,0,7,7,7,0,0,6
23,11,2014,3,393531,0,0,7,7,7,0,0,8
23,11,2014,4,393532,0,0,7,7,7,0,0,6
23,11,2014,5,393533,0,0,7,7,7,0,0,6
23,11,2014,6,393534,0,0,7,7,7,0,0,6
23,11,2014,7,393535,0,0,7,7,7,0,0,6
23,11,2014,8,393536,0,0,7,7,7,0,0,6
23,11,2014,9,393537,0,0,7,7,7,0,0,6
23,11,2014,10,393538,0,0,7,7,7,0,0,6
23,11,2014,11,393539,0,0,7,7,7,0,0,6
23,11,2014,12,393540,0,0,7,7,7,0,0,6
23,11,2014,13,393541,0,0,7,7,7,0,0,5
23,11,2014,14,393542,1,0,8,7.71428571428571,8,0,0,7
23,11,2014,15,393543,0,0,8,8,8,0,0,7
23,11,2014,16,393544,0,0,8,8,8,0,0,6
23,11,2014,17,393545,0,0,8,8,8,0,0,6
23,11,2014,18,393546,0,0,8,8,8,0,0,6
23,11,2014,19,393547,0,0,8,8,8,0,0,6
23,11,2014,20,393548,0,0,8,8,8,0,0,6
23,11,2014,21,393549,0,0,8,8,8,0,0,6
23,11,2014,22,393550,0,0,8,8,8,0,0,6
23,11,2014,23,393551,0,0,8,8,8,0,0,6
24,11,2014,0,393552,0,0,8,8,8,0,0,6
24,11,2014,1,393553,0,0,8,8,8,0,0,5
24,11,2014,2,393554,0,0,8,8,8,0,0,6
24,11,2014,3,393555,0,0,8,8,8,0,0,9
24,11,2014,4,393556,0,0,8,8,8,0,0,6
24,11,2014,5,393557,0,0,8,8,8,0,0,6
24,11,2014,6,393558,0,0,8,8,8,0,0,6
24,11,2014,7,393559,0,0,8,8,8,0,0,6
24,11,2014,8,393560,0,0,8,8,8,0,0,6
24,11,2014,9,393561,0,0,8,8,8,0,0,6
24,11,2014,10,393562,0,0,8,8,8,0,0,6
24,11,2014,11,393563,0,0,8,8,8,0,0,6
24,11,2014,12,393564,0,1,9,8.625,8,0,0,8
24,11,2014,13,393565,0,0,8,8,8,0,0,6
24,11,2014,14,393566,0,0,8,8,8,0,0,6
24,11,2014,15,393567,0,0,8,8,8,0,0,7
24,11,2014,16,393568,0,0,8,8,8,0,0,6
24,11,2014,17,393569,0,0,8,8,8,0,0,6
24,11,2014,18,393570,0,0,8,8,8,0,0,6
24,11,2014,19,393571,0,0,8,8,8,0,0,6
24,11,2014,20,393572,0,0,8,8,8,0,0,6
24,11,2014,21,393573,0,0,8,8,8,0,0,6
24,11,2014,22,393574,0,0,8,8,8,0,0,6
24,11,2014,23,393575,0,0,8,8,8,0,0,6
25,11,2014,0,393576,0,0,8,8,8,0,0,3
25,11,2014,2,393578,0,0,8,8,8,0,0,6
25,11,2014,3,393579,0,0,8,8,8,0,0,1
25,11,2014,4,393580,0,0,8,8,8,0,0,5
25,11,2014,5,393581,0,0,8,8,8,0,0,6
25,11,2014,6,393582,0,0,8,8,8,0,0,6
25,11,2014,7,393583,0,0,8,8,8,0,0,6
25,11,2014,8,393584,0,0,8,8,8,0,0,6
25,11,2014,9,393585,0,0,8,8,8,0,0,6
25,11,2014,10,393586,0,0,8,8,8,0,0,6
25,11,2014,11,393587,1,0,9,8.71428571428571,9,0,0,7
25,11,2014,12,393588,0,0,9,9,9,0,0,6
25,11,2014,13,393589,0,0,9,9,9,0,0,6
25,11,2014,14,393590,0,0,9,9,9,0,0,6
25,11,2014,15,393591,0,0,9,9,9,0,0,5
25,11,2014,16,393592,1,0,9,9.33333333333333,10,0,0,9
25,11,2014,17,393593,0,0,10,10,10,0,0,6
25,11,2014,18,393594,0,0,10,10,10,0,0,5
25,11,2014,19,393595,0,0,10,10,10,0,0,6
25,11,2014,20,393596,0,0,10,10,10,0,0,6
25,11,2014,21,393597,0,0,10,10,10,0,0,6
25,11,2014,22,393598,0,0,10,10,10,0,0,6
25,11,2014,23,393599,0,0,10,10,10,0,0,6
26,11,2014,0,393600,0,0,10,10,10,0,0,8
26,11,2014,1,393601,0,0,10,10,10,0,0,5
26,11,2014,2,393602,0,0,10,10,10,0,0,6
26,11,2014,3,393603,0,0,10,10,10,0,0,8
26,11,2014,4,393604,0,0,10,10,10,0,0,6
26,11,2014,5,393605,0,0,10,10,10,0,0,6
26,11,2014,6,393606,0,0,10,10,10,0,0,6
26,11,2014,7,393607,0,0,11,11,11,0,0,6
26,11,2014,8,393608,0,0,11,11,11,0,0,6
26,11,2014,9,393609,0,0,11,11,11,0,0,6
26,11,2014,10,393610,0,0,11,11,11,0,0,6
26,11,2014,11,393611,0,0,11,11,11,0,0,6
26,11,2014,12,393612,0,0,11,11,11,0,0,6
26,11,2014,13,393613,0,0,11,11,11,0,0,6
26,11,2014,14,393614,0,0,11,11,11,0,0,6
26,11,2014,15,393615,0,0,11,11,11,0,0,7
26,11,2014,16,393616,0,0,11,11,11,0,0,6
26,11,2014,17,393617,0,0,11,11,11,0,0,6
26,11,2014,18,393618,0,0,11,11,11,0,0,6
26,11,2014,19,393619,0,0,11,11,11,0,0,6
26,11,2014,20,393620,0,0,11,11,11,0,0,6
26,11,2014,21,393621,0,0,11,11,11,0,0,6
26,11,2014,22,393622,0,0,11,11,11,0,0,6
26,11,2014,23,393623,0,0,11,11,11,0,0,6
27,11,2014,0,393624,0,0,11,11,11,0,0,6
27,11,2014,1,393625,0,0,11,11,11,0,0,6
27,11,2014,2,393626,0,0,11,11,11,0,0,5
27,11,2014,3,393627,0,0,11,11,11,0,0,11
27,11,2014,4,393628,0,0,11,11,11,0,0,6
27,11,2014,5,393629,0,0,11,11,11,0,0,6
27,11,2014,6,393630,0,0,11,11,11,0,0,7
27,11,2014,7,393631,0,0,11,11,11,0,0,6
27,11,2014,8,393632,0,0,11,11,11,0,0,6
27,11,2014,9,393633,0,0,11,11,11,0,0,6
27,11,2014,10,393634,0,0,11,11,11,0,0,6
27,11,2014,11,393635,0,0,11,11,11,0,0,6
27,11,2014,12,393636,0,0,11,11,11,0,0,6
27,11,2014,13,393637,0,0,11,11,11,0,0,6
27,11,2014,14,393638,0,0,11,11,11,0,0,6
27,11,2014,15,393639,0,0,11,11,11,0,0,8
27,11,2014,16,393640,0,0,11,11,11,0,0,6
27,11,2014,17,393641,0,0,11,11,11,0,0,6
27,11,2014,18,393642,0,0,11,11,11,0,0,6
27,11,2014,19,393643,0,0,11,11,11,0,0,5
27,11,2014,20,393644,0,0,11,11,11,0,0,6
27,11,2014,21,393645,0,0,11,11,11,0,0,6
27,11,2014,22,393646,0,0,11,11,11,0,0,6
27,11,2014,23,393647,0,0,11,11,11,0,0,6
28,11,2014,0,393648,0,0,11,11,11,0,0,6
28,11,2014,1,393649,0,0,11,11,11,0,0,6
28,11,2014,2,393650,0,0,11,11,11,0,0,6
28,11,2014,3,393651,0,0,11,11,11,0,0,8
28,11,2014,4,393652,0,0,11,11,11,0,0,6
28,11,2014,5,393653,0,0,11,11,11,0,0,6
28,11,2014,6,393654,0,0,11,11,11,0,0,6
28,11,2014,7,393655,0,0,11,11,11,0,0,6
28,11,2014,8,393656,0,0,11,11,11,0,0,6
28,11,2014,9,393657,0,0,11,11,11,0,0,6
28,11,2014,10,393658,0,0,11,11,11,0,0,6
28,11,2014,11,393659,0,0,11,11,11,0,0,6
28,11,2014,12,393660,0,1,10.5,10.5,10,0,0,6
28,11,2014,13,393661,0,0,10,10,10,0,0,6
28,11,2014,14,393662,0,0,10,10,10,0,0,6
28,11,2014,15,393663,0,0,10,10,10,0,0,7
28,11,2014,16,393664,0,0,10,10,10,0,0,6
28,11,2014,17,393665,0,0,10,10,10,0,0,6
28,11,2014,18,393666,0,0,10,10,10,0,0,6
28,11,2014,19,393667,0,0,10,10,10,0,0,6
28,11,2014,20,393668,0,0,10,10,10,0,0,6
28,11,2014,21,393669,0,0,10,10,10,0,0,6
28,11,2014,22,393670,0,0,10,10,10,0,0,6
28,11,2014,23,393671,0,0,10,10,10,0,0,6
29,11,2014,0,393672,0,0,10,10,10,0,0,6
29,11,2014,1,393673,0,0,10,10,10,0,0,5
29,11,2014,2,393674,0,0,10,10,10,0,0,6
29,11,2014,3,393675,0,0,10,10,10,0,0,9
29,11,2014,4,393676,0,0,10,10,10,0,0,6
29,11,2014,5,393677,0,0,10,10,10,0,0,6
29,11,2014,6,393678,0,0,10,10,10,0,0,6
29,11,2014,7,393679,0,0,10,10,10,0,0,6
29,11,2014,8,393680,0,0,10,10,10,0,0,6
29,11,2014,9,393681,0,0,10,10,10,0,0,6
29,11,2014,10,393682,0,0,10,10,10,0,0,6
29,11,2014,11,393683,0,0,10,10,10,0,0,6
29,11,2014,12,393684,0,0,10,10,10,0,0,6
29,11,2014,13,393685,0,0,10,10,10,0,0,6
29,11,2014,14,393686,0,0,10,10,10,0,0,6
29,11,2014,15,393687,0,0,10,10,10,0,0,7
29,11,2014,16,393688,0,0,10,10,10,0,0,6
29,11,2014,17,393689,0,0,10,10,10,0,0,6
29,11,2014,18,393690,0,0,10,10,10,0,0,6
29,11,2014,19,393691,0,0,10,10,10,0,0,6
29,11,2014,20,393692,0,0,10,10,10,0,0,6
29,11,2014,21,393693,0,0,10,10,10,0,0,6
29,11,2014,22,393694,0,0,10,10,10,0,0,6
29,11,2014,23,393695,0,0,10,10,10,0,0,6
30,11,2014,0,393696,0,0,10,10,10,0,0,6
30,11,2014,1,393697,0,0,10,10,10,0,0,6
30,11,2014,2,393698,0,0,10,10,10,0,0,6
30,11,2014,3,393699,0,0,10,10,10,0,0,8
30,11,2014,4,393700,0,0,10,10,10,0,0,6
30,11,2014,5,393701,0,0,10,10,10,0,0,6
30,11,2014,6,393702,0,0,10,10,10,0,0,6
30,11,2014,7,393703,0,0,10,10,10,0,0,6
30,11,2014,8,393704,0,0,10,10,10,0,0,7
30,11,2014,9,393705,0,0,10,10,10,0,0,6
30,11,2014,10,393706,0,0,10,10,10,0,0,6
30,11,2014,11,393707,0,0,10,10,10,0,0,6
30,11,2014,12,393708,0,0,10,10,10,0,0,6
30,11,2014,13,393709,0,0,10,10,10,0,0,6
30,11,2014,14,393710,0,0,10,10,10,0,0,6
30,11,2014,15,393711,0,0,10,10,10,0,0,7
30,11,2014,16,393712,0,0,10,10,10,0,0,6
30,11,2014,17,393713,0,0,10,10,10,0,0,6
30,11,2014,18,393714,0,0,10,10,10,0,0,6
30,11,2014,19,393715,0,0,10,10,10,0,0,6
30,11,2014,20,393716,0,0,10,10,10,0,0,6
30,11,2014,21,393717,0,0,10,10,10,0,0,6
30,11,2014,22,393718,0,0,10,10,10,0,0,6
30,11,2014,23,393719,0,0,10,10,10,0,0,6
1,12,2014,0,393720,0,0,10,10,10,0,0,6
1,12,2014,1,393721,0,0,10,10,10,0,0,6
1,12,2014,2,393722,0,0,10,10,10,0,0,5
1,12,2014,3,393723,0,0,10,10,10,0,0,9
1,12,2014,4,393724,0,0,10,10,10,0,0,6
1,12,2014,5,393725,0,0,10,10,10,0,0,6
1,12,2014,6,393726,0,0,10,10,10,0,0,6
1,12,2014,7,393727,0,0,10,10,10,0,0,6
1,12,2014,8,393728,0,0,10,10,10,0,0,6
1,12,2014,9,393729,0,0,10,10,10,0,0,6
1,12,2014,10,393730,0,0,10,10,10,0,0,6
1,12,2014,11,393731,0,0,10,10,10,0,0,6
1,12,2014,12,393732,0,0,10,10,10,0,0,6
1,12,2014,13,393733,0,0,10,10,10,0,0,6
1,12,2014,14,393734,0,0,10,10,10,0,0,6
1,12,2014,15,393735,0,0,10,10,10,0,0,7
1,12,2014,16,393736,1,0,10,10.1666666666667,11,0,0,6
1,12,2014,17,393737,0,1,10,10.4285714285714,10,0,0,7
1,12,2014,18,393738,0,0,10,10,10,0,0,6
1,12,2014,19,393739,0,0,10,10,10,0,0,6
1,12,2014,20,393740,0,0,10,10,10,0,0,6
1,12,2014,21,393741,0,0,10,10,10,0,0,6
1,12,2014,22,393742,0,0,10,10,10,0,0,6
1,12,2014,23,393743,0,0,10,10,10,0,0,6
2,12,2014,0,393744,0,0,10,10,10,0,0,6
2,12,2014,1,393745,0,0,10,10,10,0,0,6
2,12,2014,2,393746,0,0,10,10,10,0,0,6
2,12,2014,3,393747,0,0,10,10,10,0,0,8
2,12,2014,4,393748,0,0,10,10,10,0,0,6
2,12,2014,5,393749,0,0,10,10,10,0,0,6
2,12,2014,6,393750,0,0,10,10,10,0,0,6
2,12,2014,7,393751,0,0,10,10,10,0,0,6
2,12,2014,8,393752,0,0,10,10,10,0,0,6
2,12,2014,9,393753,0,0,10,10,10,0,0,6
2,12,2014,10,393754,0,0,10,10,10,0,0,6
2,12,2014,11,393755,1,0,11,10.8571428571429,11,0,0,7
2,12,2014,12,393756,0,0,11,11,11,0,0,5
2,12,2014,13,393757,0,0,11,11,11,0,0,6
2,12,2014,14,393758,0,0,11,11,11,0,0,6
2,12,2014,15,393759,0,0,11,11,11,0,0,8
2,12,2014,16,393760,1,0,11,11.3333333333333,12,0,0,6
2,12,2014,17,393761,0,0,12,12,12,0,0,6
2,12,2014,18,393762,0,0,12,12,12,0,0,6
2,12,2014,19,393763,0,0,12,12,12,0,0,6
2,12,2014,20,393764,0,0,12,12,12,0,0,6
2,12,2014,21,393765,0,0,12,12,12,0,0,6
2,12,2014,22,393766,0,0,12,12,12,0,0,6
2,12,2014,23,393767,0,0,12,12,12,0,0,6
3,12,2014,0,393768,0,0,12,12,12,0,0,6
3,12,2014,1,393769,0,0,12,12,12,0,0,6
3,12,2014,2,393770,0,0,12,12,12,0,0,6
3,12,2014,3,393771,0,0,12,12,12,0,0,8
3,12,2014,4,393772,0,0,12,12,12,0,0,6
3,12,2014,5,393773,0,0,12,12,12,0,0,6
3,12,2014,6,393774,0,0,12,12,12,0,0,6
3,12,2014,7,393775,0,0,12,12,12,0,0,6
3,12,2014,8,393776,0,0,12,12,12,0,0,6
3,12,2014,9,393777,0,0,12,12,12,0,0,6
3,12,2014,10,393778,0,0,12,12,12,0,0,6
3,12,2014,11,393779,0,0,12,12,12,0,0,6
3,12,2014,12,393780,0,0,12,12,12,0,0,6
3,12,2014,13,393781,0,0,12,12,12,0,0,6
3,12,2014,14,393782,0,0,12,12,12,0,0,6
3,12,2014,15,393783,0,0,12,12,12,0,0,7
3,12,2014,16,393784,1,0,12,12.2857142857143,13,0,0,7
3,12,2014,17,393785,0,0,13,13,13,0,0,5
3,12,2014,18,393786,0,0,13,13,13,0,0,6
3,12,2014,19,393787,0,0,13,13,13,0,0,6
3,12,2014,20,393788,0,0,13,13,13,0,0,6
3,12,2014,21,393789,0,0,13,13,13,0,0,6
3,12,2014,22,393790,0,0,13,13,13,0,0,6
3,12,2014,23,393791,0,0,13,13,13,0,0,6
4,12,2014,0,393792,0,0,13,13,13,0,0,6
4,12,2014,1,393793,0,0,13,13,13,0,0,6
4,12,2014,2,393794,0,0,13,13,13,0,0,6
4,12,2014,3,393795,0,0,13,13,13,0,0,9
4,12,2014,4,393796,0,0,13,13,13,0,0,6
4,12,2014,5,393797,0,0,13,13,13,0,0,6
4,12,2014,6,393798,0,0,13,13,13,0,0,5
4,12,2014,7,393799,0,0,13,13,13,0,0,6
4,12,2014,8,393800,0,0,13,13,13,0,0,6
4,12,2014,9,393801,0,0,13,13,13,0,0,6
4,12,2014,10,393802,0,0,13,13,13,0,0,6
4,12,2014,11,393803,0,0,13,13,13,0,0,6
4,12,2014,12,393804,0,0,13,13,13,0,0,6
4,12,2014,13,393805,0,0,13,13,13,0,0,5
4,12,2014,14,393806,0,0,13,13,13,0,0,6
4,12,2014,15,393807,0,0,13,13,13,0,0,7
4,12,2014,16,393808,0,0,13,13,13,0,0,6
4,12,2014,17,393809,0,0,13,13,13,0,0,6
4,12,2014,18,393810,0,0,13,13,13,0,0,6
4,12,2014,19,393811,0,0,13,13,13,0,0,6
4,12,2014,20,393812,0,0,13,13,13,0,0,6
4,12,2014,21,393813,0,0,13,13,13,0,0,6
4,12,2014,22,393814,0,0,13,13,13,0,0,6
4,12,2014,23,393815,0,0,13,13,13,0,0,5
5,12,2014,0,393816,0,0,13,13,13,0,0,6
5,12,2014,1,393817,0,0,13,13,13,0,0,6
5,12,2014,2,393818,0,0,13,13,13,0,0,6
5,12,2014,3,393819,0,0,13,13,13,0,0,7
5,12,2014,4,393820,0,0,13,13,13,0,0,6
5,12,2014,5,393821,0,0,13,13,13,0,0,6
5,12,2014,6,393822,0,0,13,13,13,0,0,6
5,12,2014,7,393823,0,0,13,13,13,0,0,6
5,12,2014,8,393824,0,0,13,13,13,0,0,6
5,12,2014,9,393825,0,0,13,13,13,0,0,6
5,12,2014,10,393826,0,0,13,13,13,0,0,6
5,12,2014,11,393827,0,0,13,13,13,0,0,6
5,12,2014,12,393828,0,0,14,14,14,0,0,6
5,12,2014,13,393829,0,0,14,14,14,0,0,6
5,12,2014,14,393830,0,0,14,14,14,0,0,6
5,12,2014,15,393831,0,0,14,14,14,0,0,7
5,12,2014,16,393832,0,0,14,14,14,0,0,6
5,12,2014,17,393833,0,0,14,14,14,0,0,6
5,12,2014,18,393834,0,0,14,14,14,0,0,6
5,12,2014,19,393835,0,0,14,14,14,0,0,10
5,12,2014,20,393836,0,0,14,14,14,0,0,6
5,12,2014,21,393837,0,0,14,14,14,0,0,6
5,12,2014,22,393838,0,0,14,14,14,0,0,6
5,12,2014,23,393839,0,0,14,14,14,0,0,6
6,12,2014,0,393840,0,0,14,14,14,0,0,6
6,12,2014,1,393841,0,0,14,14,14,0,0,6
6,12,2014,2,393842,0,0,14,14,14,0,0,6
6,12,2014,3,393843,0,0,14,14,14,0,0,7
6,12,2014,4,393844,0,0,14,14,14,0,0,6
6,12,2014,5,393845,0,0,14,14,14,0,0,6
6,12,2014,6,393846,0,0,14,14,14,0,0,6
6,12,2014,7,393847,0,0,14,14,14,0,0,6
6,12,2014,8,393848,0,0,14,14,14,0,0,6
6,12,2014,9,393849,0,0,14,14,14,0,0,6
6,12,2014,10,393850,0,0,14,14,14,0,0,6
6,12,2014,11,393851,0,0,14,14,14,0,0,6
6,12,2014,12,393852,0,0,14,14,14,0,0,6
6,12,2014,13,393853,0,0,14,14,14,0,0,6
6,12,2014,14,393854,1,0,15,14.7142857142857,15,0,0,7
6,12,2014,15,393855,0,0,15,15,15,0,0,7
6,12,2014,16,393856,0,0,15,15,15,0,0,6
6,12,2014,17,393857,0,1,15,14.5714285714286,14,0,0,7
6,12,2014,18,393858,0,0,14,14,14,0,0,7
6,12,2014,19,393859,0,0,14,14,14,0,0,6
6,12,2014,20,393860,0,0,14,14,14,0,0,6
6,12,2014,21,393861,0,0,14,14,14,0,0,5
6,12,2014,22,393862,0,0,14,14,14,0,0,6
6,12,2014,23,393863,0,0,14,14,14,0,0,6
7,12,2014,0,393864,0,0,14,14,14,0,0,6
7,12,2014,1,393865,0,0,14,14,14,0,0,6
7,12,2014,2,393866,0,0,14,14,14,0,0,6
7,12,2014,3,393867,0,0,14,14,14,0,0,7
7,12,2014,4,393868,0,0,14,14,14,0,0,6
7,12,2014,5,393869,0,0,14,14,14,0,0,6
7,12,2014,6,393870,0,0,14,14,14,0,0,6
7,12,2014,7,393871,0,0,14,14,14,0,0,6
7,12,2014,8,393872,0,0,14,14,14,0,0,6
7,12,2014,9,393873,1,0,14,14.4285714285714,15,0,0,7
7,12,2014,10,393874,0,1,14,14.1428571428571,14,0,0,7
7,12,2014,11,393875,0,0,14,14,14,0,0,6
7,12,2014,12,393876,0,0,14,14,14,0,0,6
7,12,2014,13,393877,0,0,14,14,14,0,0,6
7,12,2014,14,393878,0,0,14,14,14,0,0,5
7,12,2014,15,393879,0,0,14,14,14,0,0,8
7,12,2014,16,393880,0,0,14,14,14,0,0,6
7,12,2014,17,393881,0,0,14,14,14,0,0,6
7,12,2014,18,393882,0,0,14,14,14,0,0,6
7,12,2014,19,393883,0,0,14,14,14,0,0,6
7,12,2014,20,393884,0,0,14,14,14,0,0,6
7,12,2014,21,393885,0,0,14,14,14,0,0,6
7,12,2014,22,393886,0,0,14,14,14,0,0,6
7,12,2014,23,393887,0,0,14,14,14,0,0,6
8,12,2014,0,393888,0,0,14,14,14,0,0,5
8,12,2014,1,393889,0,0,14,14,14,0,0,6
8,12,2014,2,393890,0,0,14,14,14,0,0,6
8,12,2014,3,393891,0,0,14,14,14,0,0,8
8,12,2014,4,393892,0,0,14,14,14,0,0,7
8,12,2014,5,393893,0,0,14,14,14,0,0,6
8,12,2014,6,393894,0,0,14,14,14,0,0,6
8,12,2014,7,393895,0,0,14,14,14,0,0,6
8,12,2014,8,393896,0,0,14,14,14,0,0,6
8,12,2014,9,393897,0,0,14,14,14,0,0,6
8,12,2014,10,393898,0,3,14,13,11,0,0,7
8,12,2014,11,393899,0,0,11,11,11,0,0,6
8,12,2014,12,393900,0,0,11,11,11,0,0,6
8,12,2014,13,393901,0,0,11,11,11,0,0,6
8,12,2014,14,393902,0,0,11,11,11,0,0,6
8,12,2014,15,393903,0,0,11,11,11,0,0,7
8,12,2014,16,393904,0,0,11,11,11,0,0,6
8,12,2014,17,393905,0,0,11,11,11,0,0,6
8,12,2014,18,393906,0,0,11,11,11,0,0,6
8,12,2014,19,393907,0,0,11,11,11,0,0,6
8,12,2014,20,393908,0,0,11,11,11,0,0,6
8,12,2014,21,393909,0,0,11,11,11,0,0,6
8,12,2014,22,393910,0,0,11,11,11,0,0,6
8,12,2014,23,393911,0,0,11,11,11,0,0,6
9,12,2014,0,393912,0,0,11,11,11,0,0,6
9,12,2014,1,393913,0,0,11,11,11,0,0,5
9,12,2014,2,393914,0,0,11,11,11,0,0,6
9,12,2014,3,393915,0,0,11,11,11,0,0,8
9,12,2014,4,393916,0,0,11,11,11,0,0,6
9,12,2014,5,393917,0,0,11,11,11,0,0,6
9,12,2014,6,393918,0,0,11,11,11,0,0,6
9,12,2014,7,393919,0,0,11,11,11,0,0,6
9,12,2014,8,393920,0,0,11,11,11,0,0,6
9,12,2014,9,393921,0,0,11,11,11,0,0,6
9,12,2014,10,393922,0,0,11,11,11,0,0,6
9,12,2014,11,393923,0,0,11,11,11,0,0,6
9,12,2014,12,393924,0,0,11,11,11,0,0,6
9,12,2014,13,393925,0,0,11,11,11,0,0,6
9,12,2014,14,393926,0,0,11,11,11,0,0,6
9,12,2014,15,393927,0,0,11,11,11,0,0,7
9,12,2014,16,393928,1,0,11,11.4285714285714,12,0,0,7
9,12,2014,17,393929,0,0,12,12,12,0,0,6
9,12,2014,18,393930,0,0,12,12,12,0,0,6
9,12,2014,19,393931,0,0,12,12,12,0,0,5
9,12,2014,20,393932,0,0,12,12,12,0,0,6
9,12,2014,21,393933,0,0,12,12,12,0,0,6
9,12,2014,22,393934,0,0,12,12,12,0,0,6
9,12,2014,23,393935,0,0,12,12,12,0,0,6
10,12,2014,0,393936,0,0,12,12,12,0,0,6
10,12,2014,1,393937,0,0,12,12,12,0,0,6
10,12,2014,2,393938,0,0,12,12,12,0,0,6
10,12,2014,3,393939,0,0,12,12,12,0,0,7
10,12,2014,4,393940,0,0,12,12,12,0,0,6
10,12,2014,5,393941,0,0,12,12,12,0,0,6
10,12,2014,6,393942,0,0,12,12,12,0,0,6
10,12,2014,7,393943,0,0,12,12,12,0,0,6
10,12,2014,8,393944,0,0,12,12,12,0,0,5
10,12,2014,9,393945,0,0,12,12,12,0,0,6
10,12,2014,10,393946,0,0,12,12,12,0,0,6
10,12,2014,11,393947,0,0,12,12,12,0,0,6
10,12,2014,12,393948,0,0,12,12,12,0,0,6
10,12,2014,13,393949,0,0,12,12,12,0,0,6
10,12,2014,14,393950,0,0,12,12,12,0,0,6
10,12,2014,15,393951,0,0,12,12,12,0,0,7
10,12,2014,16,393952,0,0,12,12,12,0,0,6
10,12,2014,17,393953,0,0,12,12,12,0,0,6
10,12,2014,18,393954,0,0,12,12,12,0,0,6
10,12,2014,19,393955,0,0,12,12,12,0,0,6
10,12,2014,20,393956,0,0,12,12,12,0,0,6
10,12,2014,21,393957,0,0,12,12,12,0,0,6
10,12,2014,22,393958,0,0,12,12,12,0,0,6
10,12,2014,23,393959,0,0,12,12,12,0,0,5
11,12,2014,0,393960,0,0,12,12,12,0,0,6
11,12,2014,1,393961,0,0,12,12,12,0,0,6
11,12,2014,2,393962,0,0,12,12,12,0,0,6
11,12,2014,3,393963,0,0,12,12,12,0,0,9
11,12,2014,4,393964,0,0,12,12,12,0,0,6
11,12,2014,5,393965,0,0,12,12,12,0,0,6
11,12,2014,6,393966,0,0,12,12,12,0,0,6
11,12,2014,7,393967,0,0,12,12,12,0,0,6
11,12,2014,8,393968,5,5,11,10.1,12,0,0,10
11,12,2014,9,393969,0,1,12,11.7142857142857,11,0,0,7
11,12,2014,10,393970,0,0,11,11,11,0,0,6
11,12,2014,11,393971,0,0,11,11,11,0,0,6
11,12,2014,12,393972,0,0,11,11,11,0,0,5
11,12,2014,13,393973,0,0,11,11,11,0,0,6
11,12,2014,14,393974,0,0,11,11,11,0,0,6
11,12,2014,15,393975,0,0,11,11,11,0,0,8
11,12,2014,16,393976,0,0,11,11,11,0,0,6
11,12,2014,17,393977,0,0,11,11,11,0,0,6
11,12,2014,18,393978,0,0,11,11,11,0,0,6
11,12,2014,19,393979,0,0,11,11,11,0,0,6
11,12,2014,20,393980,0,0,11,11,11,0,0,6
11,12,2014,21,393981,0,0,11,11,11,0,0,6
11,12,2014,22,393982,0,0,11,11,11,0,0,6
11,12,2014,23,393983,0,0,11,11,11,0,0,5
12,12,2014,0,393984,0,0,11,11,11,0,0,6
12,12,2014,1,393985,0,0,11,11,11,0,0,6
12,12,2014,2,393986,0,0,11,11,11,0,0,6
12,12,2014,3,393987,0,0,11,11,11,0,0,7
12,12,2014,4,393988,0,0,11,11,11,0,0,6
12,12,2014,5,393989,0,0,11,11,11,0,0,6
12,12,2014,6,393990,0,0,11,11,11,0,0,6
12,12,2014,7,393991,0,0,11,11,11,0,0,6
12,12,2014,8,393992,0,0,11,11,11,0,0,6
12,12,2014,9,393993,0,0,11,11,11,0,0,6
12,12,2014,10,393994,0,0,11,11,11,0,0,6
12,12,2014,11,393995,0,0,11,11,11,0,0,6
12,12,2014,12,393996,0,0,11,11,11,0,0,6
12,12,2014,13,393997,0,0,11,11,11,0,0,6
12,12,2014,14,393998,0,0,11,11,11,0,0,6
12,12,2014,15,393999,0,0,11,11,11,0,0,7
12,12,2014,16,394000,0,0,11,11,11,0,0,6
12,12,2014,17,394001,0,1,11,10.75,10,0,0,8
12,12,2014,18,394002,0,0,10,10,10,0,0,5
12,12,2014,19,394003,0,0,10,10,10,0,0,6
12,12,2014,20,394004,0,0,10,10,10,0,0,6
12,12,2014,21,394005,0,0,10,10,10,0,0,6
12,12,2014,22,394006,0,0,10,10,10,0,0,6
12,12,2014,23,394007,0,0,10,10,10,0,0,6
13,12,2014,0,394008,0,0,10,10,10,0,0,6
13,12,2014,1,394009,0,0,10,10,10,0,0,6
13,12,2014,2,394010,0,0,10,10,10,0,0,6
13,12,2014,3,394011,0,0,10,10,10,0,0,8
13,12,2014,4,394012,0,0,10,10,10,0,0,6
13,12,2014,5,394013,0,0,10,10,10,0,0,6
13,12,2014,6,394014,0,0,10,10,10,0,0,6
13,12,2014,7,394015,0,0,10,10,10,0,0,6
13,12,2014,8,394016,0,0,10,10,10,0,0,6
13,12,2014,9,394017,0,0,10,10,10,0,0,6
13,12,2014,10,394018,0,0,10,10,10,0,0,6
13,12,2014,11,394019,0,0,10,10,10,0,0,6
13,12,2014,12,394020,0,0,10,10,10,0,0,6
13,12,2014,13,394021,0,0,10,10,10,0,0,6
13,12,2014,14,394022,0,0,10,10,10,0,0,6
13,12,2014,15,394023,0,0,10,10,10,0,0,7
13,12,2014,16,394024,0,0,10,10,10,0,0,6
13,12,2014,17,394025,0,0,10,10,10,0,0,6
13,12,2014,18,394026,0,0,10,10,10,0,0,6
13,12,2014,19,394027,0,0,10,10,10,0,0,6
13,12,2014,20,394028,0,0,10,10,10,0,0,6
13,12,2014,21,394029,0,0,10,10,10,0,0,6
13,12,2014,22,394030,0,0,10,10,10,0,0,6
13,12,2014,23,394031,0,0,10,10,10,0,0,6
14,12,2014,0,394032,0,0,10,10,10,0,0,5
14,12,2014,1,394033,0,0,10,10,10,0,0,6
14,12,2014,2,394034,0,0,10,10,10,0,0,6
14,12,2014,3,394035,0,0,10,10,10,0,0,7
14,12,2014,4,394036,0,0,10,10,10,0,0,6
14,12,2014,5,394037,0,0,10,10,10,0,0,6
14,12,2014,6,394038,0,0,10,10,10,0,0,6
14,12,2014,7,394039,0,0,10,10,10,0,0,6
14,12,2014,8,394040,0,0,10,10,10,0,0,6
14,12,2014,9,394041,0,0,10,10,10,0,0,6
14,12,2014,10,394042,0,0,10,10,10,0,0,6
14,12,2014,11,394043,0,0,10,10,10,0,0,6
14,12,2014,12,394044,0,0,10,10,10,0,0,6
14,12,2014,13,394045,0,0,10,10,10,0,0,6
14,12,2014,14,394046,0,0,10,10,10,0,0,6
14,12,2014,15,394047,0,0,10,10,10,0,0,7
14,12,2014,16,394048,0,0,10,10,10,0,0,6
14,12,2014,17,394049,0,0,10,10,10,0,0,6
14,12,2014,18,394050,0,0,10,10,10,0,0,6
14,12,2014,19,394051,0,0,10,10,10,0,0,6
14,12,2014,20,394052,0,0,10,10,10,0,0,6
14,12,2014,21,394053,0,0,10,10,10,0,0,6
14,12,2014,22,394054,0,0,10,10,10,0,0,6
14,12,2014,23,394055,0,0,10,10,10,0,0,6
15,12,2014,0,394056,0,0,10,10,10,0,0,6
15,12,2014,1,394057,0,0,10,10,10,0,0,6
15,12,2014,2,394058,0,0,10,10,10,0,0,6
15,12,2014,3,394059,0,0,10,10,10,0,0,7
15,12,2014,4,394060,0,0,10,10,10,0,0,6
15,12,2014,5,394061,0,0,10,10,10,0,0,6
15,12,2014,6,394062,0,0,10,10,10,0,0,6
15,12,2014,7,394063,0,0,10,10,10,0,0,6
15,12,2014,8,394064,0,0,10,10,10,0,0,6
15,12,2014,9,394065,0,0,10,10,10,0,0,6
15,12,2014,10,394066,0,0,10,10,10,0,0,6
15,12,2014,11,394067,0,0,10,10,10,0,0,6
15,12,2014,12,394068,0,0,10,10,10,0,0,6
15,12,2014,13,394069,0,0,10,10,10,0,0,6
15,12,2014,14,394070,0,0,10,10,10,0,0,6
15,12,2014,15,394071,0,0,10,10,10,0,0,7
15,12,2014,16,394072,0,0,10,10,10,0,0,6
15,12,2014,17,394073,0,0,10,10,10,0,0,6
15,12,2014,18,394074,0,0,10,10,10,0,0,6
15,12,2014,19,394075,0,0,10,10,10,0,0,6
15,12,2014,20,394076,0,0,10,10,10,0,0,6
15,12,2014,21,394077,0,0,10,10,10,0,0,6
15,12,2014,22,394078,0,0,10,10,10,0,0,6
15,12,2014,23,394079,0,0,10,10,10,0,0,6
16,12,2014,0,394080,0,0,10,10,10,0,0,5
16,12,2014,1,394081,0,0,10,10,10,0,0,6
16,12,2014,2,394082,0,0,10,10,10,0,0,6
16,12,2014,3,394083,0,0,10,10,10,0,0,8
16,12,2014,4,394084,0,0,10,10,10,0,0,6
16,12,2014,5,394085,0,0,10,10,10,0,0,6
16,12,2014,6,394086,0,0,10,10,10,0,0,6
16,12,2014,7,394087,0,0,10,10,10,0,0,6
16,12,2014,8,394088,0,0,10,10,10,0,0,6
16,12,2014,9,394089,0,0,10,10,10,0,0,6
16,12,2014,10,394090,0,0,10,10,10,0,0,6
16,12,2014,11,394091,0,0,10,10,10,0,0,6
16,12,2014,12,394092,0,0,10,10,10,0,0,6
16,12,2014,13,394093,0,0,10,10,10,0,0,6
16,12,2014,14,394094,0,0,10,10,10,0,0,4
16,12,2014,15,394095,0,0,10,10,10,0,0,7
16,12,2014,16,394096,1,1,10,10.2222222222222,10,0,0,9
16,12,2014,17,394097,0,0,10,10,10,0,0,6
16,12,2014,18,394098,0,0,10,10,10,0,0,6
16,12,2014,19,394099,0,0,10,10,10,0,0,6
16,12,2014,20,394100,0,0,10,10,10,0,0,6
16,12,2014,21,394101,0,0,10,10,10,0,0,6
16,12,2014,22,394102,0,0,10,10,10,0,0,5
16,12,2014,23,394103,0,0,10,10,10,0,0,6
17,12,2014,0,394104,0,0,10,10,10,0,0,6
17,12,2014,1,394105,0,0,10,10,10,0,0,6
17,12,2014,2,394106,0,0,10,10,10,0,0,6
17,12,2014,3,394107,0,0,10,10,10,0,0,7
17,12,2014,4,394108,0,0,10,10,10,0,0,6
17,12,2014,5,394109,0,0,10,10,10,0,0,6
17,12,2014,6,394110,0,0,10,10,10,0,0,6
17,12,2014,7,394111,0,0,10,10,10,0,0,6
17,12,2014,8,394112,0,0,10,10,10,0,0,6
17,12,2014,9,394113,0,0,10,10,10,0,0,6
17,12,2014,10,394114,0,0,10,10,10,0,0,6
17,12,2014,11,394115,0,0,10,10,10,0,0,6
17,12,2014,12,394116,0,0,10,10,10,0,0,6
17,12,2014,13,394117,0,0,10,10,10,0,0,6
17,12,2014,14,394118,0,0,10,10,10,0,0,6
17,12,2014,15,394119,0,0,10,10,10,0,0,7
17,12,2014,16,394120,0,0,10,10,10,0,0,6
17,12,2014,17,394121,0,0,10,10,10,0,0,6
17,12,2014,18,394122,0,0,10,10,10,0,0,6
17,12,2014,19,394123,0,0,10,10,10,0,0,6
17,12,2014,20,394124,0,0,10,10,10,0,0,6
17,12,2014,21,394125,0,0,10,10,10,0,0,6
17,12,2014,22,394126,0,0,10,10,10,0,0,8
17,12,2014,23,394127,0,0,10,10,10,0,0,6
18,12,2014,0,394128,0,0,10,10,10,0,0,6
18,12,2014,1,394129,0,0,10,10,10,0,0,6
18,12,2014,2,394130,0,0,10,10,10,0,0,6
18,12,2014,3,394131,0,0,10,10,10,0,0,7
18,12,2014,4,394132,0,0,10,10,10,0,0,6
18,12,2014,5,394133,0,0,10,10,10,0,0,6
18,12,2014,6,394134,0,0,10,10,10,0,0,6
18,12,2014,7,394135,0,0,10,10,10,0,0,6
18,12,2014,8,394136,0,0,10,10,10,0,0,6
18,12,2014,9,394137,0,0,10,10,10,0,0,6
18,12,2014,10,394138,0,0,10,10,10,0,0,6
18,12,2014,11,394139,0,0,10,10,10,0,0,6
18,12,2014,12,394140,0,0,10,10,10,0,0,6
18,12,2014,13,394141,0,0,10,10,10,0,0,6
18,12,2014,14,394142,0,0,10,10,10,0,0,6
18,12,2014,15,394143,0,0,10,10,10,0,0,7
18,12,2014,16,394144,0,0,10,10,10,0,0,6
18,12,2014,17,394145,0,0,10,10,10,0,0,6
18,12,2014,18,394146,0,0,10,10,10,0,0,6
18,12,2014,19,394147,0,0,10,10,10,0,0,6
18,12,2014,20,394148,0,0,10,10,10,0,0,6
18,12,2014,21,394149,0,0,10,10,10,0,0,6
18,12,2014,22,394150,0,0,10,10,10,0,0,6
18,12,2014,23,394151,0,0,10,10,10,0,0,6
19,12,2014,0,394152,0,0,10,10,10,0,0,5
19,12,2014,1,394153,0,0,10,10,10,0,0,6
19,12,2014,2,394154,0,0,10,10,10,0,0,6
19,12,2014,3,394155,0,0,10,10,10,0,0,8
19,12,2014,4,394156,0,0,10,10,10,0,0,6
19,12,2014,5,394157,0,0,10,10,10,0,0,6
19,12,2014,6,394158,0,0,10,10,10,0,0,6
19,12,2014,7,394159,0,0,10,10,10,0,0,6
19,12,2014,8,394160,0,0,10,10,10,0,0,6
19,12,2014,9,394161,0,0,10,10,10,0,0,6
19,12,2014,10,394162,0,0,10,10,10,0,0,6
19,12,2014,11,394163,0,0,10,10,10,0,0,6
19,12,2014,12,394164,0,0,10,10,10,0,0,6
19,12,2014,13,394165,0,0,10,10,10,0,0,6
19,12,2014,14,394166,0,0,10,10,10,0,0,6
19,12,2014,15,394167,0,0,10,10,10,0,0,7
19,12,2014,16,394168,0,0,10,10,10,0,0,7
19,12,2014,17,394169,1,0,10,10.1428571428571,11,0,0,7
19,12,2014,18,394170,0,1,10,10.2857142857143,10,0,0,7
19,12,2014,19,394171,0,0,10,10,10,0,0,5
19,12,2014,20,394172,0,0,10,10,10,0,0,6
19,12,2014,21,394173,0,0,10,10,10,0,0,6
19,12,2014,22,394174,0,0,10,10,10,0,0,6
19,12,2014,23,394175,0,0,10,10,10,0,0,6
20,12,2014,0,394176,0,0,10,10,10,0,0,6
20,12,2014,1,394177,0,0,10,10,10,0,0,6
20,12,2014,2,394178,0,0,10,10,10,0,0,6
20,12,2014,3,394179,0,0,10,10,10,0,0,7
20,12,2014,4,394180,0,0,10,10,10,0,0,6
20,12,2014,5,394181,0,0,10,10,10,0,0,6
20,12,2014,6,394182,0,0,10,10,10,0,0,6
20,12,2014,7,394183,0,0,10,10,10,0,0,6
20,12,2014,8,394184,0,0,10,10,10,0,0,6
20,12,2014,9,394185,0,0,10,10,10,0,0,6
20,12,2014,10,394186,0,0,10,10,10,0,0,6
20,12,2014,11,394187,0,0,10,10,10,0,0,6
20,12,2014,12,394188,0,0,10,10,10,0,0,6
20,12,2014,13,394189,0,0,10,10,10,0,0,6
20,12,2014,14,394190,0,0,10,10,10,0,0,6
20,12,2014,15,394191,0,0,10,10,10,0,0,7
20,12,2014,16,394192,0,0,10,10,10,0,0,6
20,12,2014,17,394193,0,0,10,10,10,0,0,6
20,12,2014,18,394194,0,0,10,10,10,0,0,6
20,12,2014,19,394195,0,0,10,10,10,0,0,6
20,12,2014,20,394196,0,0,10,10,10,0,0,6
20,12,2014,21,394197,0,0,10,10,10,0,0,6
20,12,2014,22,394198,0,0,10,10,10,0,0,6
20,12,2014,23,394199,0,0,10,10,10,0,0,6
21,12,2014,0,394200,0,0,10,10,10,0,0,5
21,12,2014,1,394201,0,0,10,10,10,0,0,6
21,12,2014,2,394202,0,0,10,10,10,0,0,6
21,12,2014,3,394203,0,0,10,10,10,0,0,9
21,12,2014,4,394204,0,0,10,10,10,0,0,6
21,12,2014,5,394205,0,0,10,10,10,0,0,6
21,12,2014,6,394206,0,0,10,10,10,0,0,6
21,12,2014,7,394207,0,0,10,10,10,0,0,6
21,12,2014,8,394208,0,0,10,10,10,0,0,6
21,12,2014,9,394209,0,0,10,10,10,0,0,6
21,12,2014,10,394210,0,0,10,10,10,0,0,6
21,12,2014,11,394211,0,0,10,10,10,0,0,6
21,12,2014,12,394212,0,0,10,10,10,0,0,6
21,12,2014,13,394213,0,0,10,10,10,0,0,6
21,12,2014,14,394214,0,0,10,10,10,0,0,6
21,12,2014,15,394215,0,0,10,10,10,0,0,7
21,12,2014,16,394216,0,0,10,10,10,0,0,6
21,12,2014,17,394217,0,0,10,10,10,0,0,6
21,12,2014,18,394218,0,0,10,10,10,0,0,6
21,12,2014,19,394219,0,0,10,10,10,0,0,6
21,12,2014,20,394220,0,0,10,10,10,0,0,6
21,12,2014,21,394221,0,0,10,10,10,0,0,6
21,12,2014,22,394222,0,0,10,10,10,0,0,6
21,12,2014,23,394223,0,0,10,10,10,0,0,6
22,12,2014,0,394224,0,0,10,10,10,0,0,6
22,12,2014,1,394225,0,0,10,10,10,0,0,6
22,12,2014,2,394226,0,0,10,10,10,0,0,6
22,12,2014,3,394227,0,0,10,10,10,0,0,7
22,12,2014,4,394228,0,0,10,10,10,0,0,6
22,12,2014,5,394229,0,0,10,10,10,0,0,6
22,12,2014,6,394230,0,0,10,10,10,0,0,6
22,12,2014,7,394231,0,0,10,10,10,0,0,6
22,12,2014,8,394232,0,0,10,10,10,0,0,6
22,12,2014,9,394233,0,0,10,10,10,0,0,6
22,12,2014,10,394234,0,0,10,10,10,0,0,6
22,12,2014,11,394235,1,0,10.5,10.5,11,0,0,6
22,12,2014,12,394236,0,0,10,10,10,0,0,6
22,12,2014,13,394237,0,0,10,10,10,0,0,6
22,12,2014,14,394238,0,0,10,10,10,0,0,6
22,12,2014,15,394239,0,0,10,10,10,0,0,7
22,12,2014,16,394240,0,0,10,10,10,0,0,6
22,12,2014,17,394241,0,0,10,10,10,0,0,6
22,12,2014,18,394242,0,0,10,10,10,0,0,6
22,12,2014,19,394243,0,0,10,10,10,0,0,6
22,12,2014,20,394244,0,0,10,10,10,0,0,6
22,12,2014,21,394245,0,0,10,10,10,0,0,6
22,12,2014,22,394246,0,0,10,10,10,0,0,6
22,12,2014,23,394247,0,0,10,10,10,0,0,6
23,12,2014,0,394248,0,0,10,10,10,0,0,6
23,12,2014,1,394249,0,0,10,10,10,0,0,5
23,12,2014,2,394250,0,0,10,10,10,0,0,5
23,12,2014,3,394251,0,0,10,10,10,0,0,8
23,12,2014,4,394252,0,0,10,10,10,0,0,6
23,12,2014,5,394253,0,0,10,10,10,0,0,6
23,12,2014,6,394254,0,0,10,10,10,0,0,6
23,12,2014,7,394255,0,0,10,10,10,0,0,6
23,12,2014,8,394256,0,0,10,10,10,0,0,6
23,12,2014,9,394257,0,0,10,10,10,0,0,6
23,12,2014,10,394258,0,0,10,10,10,0,0,6
23,12,2014,11,394259,0,0,10,10,10,0,0,6
23,12,2014,12,394260,0,0,10,10,10,0,0,6
23,12,2014,13,394261,0,0,10,10,10,0,0,6
23,12,2014,14,394262,0,0,10,10,10,0,0,6
23,12,2014,15,394263,0,0,10,10,10,0,0,6
23,12,2014,16,394264,0,0,10,10,10,0,0,6
23,12,2014,17,394265,0,0,10,10,10,0,0,6
23,12,2014,18,394266,0,0,10,10,10,0,0,6
23,12,2014,19,394267,0,0,10,10,10,0,0,6
23,12,2014,20,394268,0,0,10,10,10,0,0,6
23,12,2014,21,394269,0,0,10,10,10,0,0,6
23,12,2014,22,394270,0,0,10,10,10,0,0,6
23,12,2014,23,394271,0,0,10,10,10,0,0,6
24,12,2014,0,394272,0,0,10,10,10,0,0,6
24,12,2014,1,394273,0,0,10,10,10,0,0,6
24,12,2014,2,394274,0,0,10,10,10,0,0,6
24,12,2014,3,394275,0,0,10,10,10,0,0,7
24,12,2014,4,394276,0,0,10,10,10,0,0,6
24,12,2014,5,394277,0,0,10,10,10,0,0,6
24,12,2014,6,394278,0,0,10,10,10,0,0,6
24,12,2014,7,394279,0,0,10,10,10,0,0,6
24,12,2014,8,394280,0,0,10,10,10,0,0,6
24,12,2014,9,394281,0,0,10,10,10,0,0,6
24,12,2014,10,394282,0,0,10,10,10,0,0,6
24,12,2014,11,394283,0,0,10,10,10,0,0,6
24,12,2014,12,394284,0,0,10,10,10,0,0,6
24,12,2014,13,394285,0,0,10,10,10,0,0,6
24,12,2014,14,394286,0,0,10,10,10,0,0,6
24,12,2014,15,394287,0,0,10,10,10,0,0,6
24,12,2014,16,394288,0,0,10,10,10,0,0,6
24,12,2014,17,394289,0,0,10,10,10,0,0,6
24,12,2014,18,394290,0,0,10,10,10,0,0,6
24,12,2014,19,394291,0,0,10,10,10,0,0,6
24,12,2014,20,394292,0,0,10,10,10,0,0,6
24,12,2014,21,394293,0,0,10,10,10,0,0,6
24,12,2014,22,394294,0,0,10,10,10,0,0,6
24,12,2014,23,394295,0,0,10,10,10,0,0,6
25,12,2014,0,394296,0,0,10,10,10,0,0,6
25,12,2014,1,394297,0,0,10,10,10,0,0,6
25,12,2014,2,394298,0,0,10,10,10,0,0,6
25,12,2014,3,394299,0,0,10,10,10,0,0,7
25,12,2014,4,394300,0,0,10,10,10,0,0,6
25,12,2014,5,394301,0,0,10,10,10,0,0,6
25,12,2014,6,394302,0,0,10,10,10,0,0,6
25,12,2014,7,394303,0,0,10,10,10,0,0,6
25,12,2014,8,394304,0,0,10,10,10,0,0,6
25,12,2014,9,394305,0,0,10,10,10,0,0,6
25,12,2014,10,394306,0,0,10,10,10,0,0,5
25,12,2014,11,394307,0,0,10,10,10,0,0,6
25,12,2014,12,394308,0,0,10,10,10,0,0,6
25,12,2014,13,394309,0,0,10,10,10,0,0,6
25,12,2014,14,394310,0,0,10,10,10,0,0,6
25,12,2014,15,394311,0,0,10,10,10,0,0,8
25,12,2014,16,394312,0,0,10,10,10,0,0,6
25,12,2014,17,394313,0,0,10,10,10,0,0,6
25,12,2014,18,394314,0,0,10,10,10,0,0,6
25,12,2014,19,394315,0,0,10,10,10,0,0,6
25,12,2014,20,394316,0,0,10,10,10,0,0,6
25,12,2014,21,394317,0,0,10,10,10,0,0,6
25,12,2014,22,394318,0,0,10,10,10,0,0,5
25,12,2014,23,394319,0,0,10,10,10,0,0,6
26,12,2014,0,394320,0,0,10,10,10,0,0,6
26,12,2014,1,394321,0,0,10,10,10,0,0,6
26,12,2014,2,394322,0,0,10,10,10,0,0,6
26,12,2014,3,394323,0,0,10,10,10,0,0,7
26,12,2014,4,394324,0,0,10,10,10,0,0,6
26,12,2014,5,394325,0,0,10,10,10,0,0,6
26,12,2014,6,394326,0,0,10,10,10,0,0,6
26,12,2014,7,394327,0,0,10,10,10,0,0,6
26,12,2014,8,394328,0,0,10,10,10,0,0,6
26,12,2014,9,394329,0,0,10,10,10,0,0,6
26,12,2014,10,394330,0,0,10,10,10,0,0,6
26,12,2014,11,394331,0,0,10,10,10,0,0,6
26,12,2014,12,394332,0,0,10,10,10,0,0,6
26,12,2014,13,394333,0,0,10,10,10,0,0,6
26,12,2014,14,394334,0,0,10,10,10,0,0,5
26,12,2014,15,394335,0,0,10,10,10,0,0,8
26,12,2014,16,394336,0,0,10,10,10,0,0,6
26,12,2014,17,394337,0,0,10,10,10,0,0,6
26,12,2014,18,394338,0,0,10,10,10,0,0,6
26,12,2014,19,394339,0,0,10,10,10,0,0,6
26,12,2014,20,394340,0,0,10,10,10,0,0,6
26,12,2014,21,394341,0,0,10,10,10,0,0,6
26,12,2014,22,394342,0,0,10,10,10,0,0,6
26,12,2014,23,394343,0,0,10,10,10,0,0,6
27,12,2014,0,394344,0,0,10,10,10,0,0,6
27,12,2014,1,394345,0,0,10,10,10,0,0,6
27,12,2014,2,394346,0,0,10,10,10,0,0,5
27,12,2014,3,394347,0,0,10,10,10,0,0,8
27,12,2014,4,394348,0,0,10,10,10,0,0,6
27,12,2014,5,394349,0,0,10,10,10,0,0,6
27,12,2014,6,394350,0,0,10,10,10,0,0,6
27,12,2014,7,394351,0,0,10,10,10,0,0,6
27,12,2014,8,394352,0,0,10,10,10,0,0,6
27,12,2014,9,394353,0,0,10,10,10,0,0,6
27,12,2014,10,394354,0,0,10,10,10,0,0,6
27,12,2014,11,394355,0,0,10,10,10,0,0,6
27,12,2014,12,394356,0,0,10,10,10,0,0,6
27,12,2014,13,394357,0,0,10,10,10,0,0,6
27,12,2014,14,394358,0,0,10,10,10,0,0,6
27,12,2014,15,394359,0,0,10,10,10,0,0,7
27,12,2014,16,394360,0,0,10,10,10,0,0,6
27,12,2014,17,394361,0,0,10,10,10,0,0,6
27,12,2014,18,394362,0,0,10,10,10,0,0,6
27,12,2014,19,394363,0,0,10,10,10,0,0,6
27,12,2014,20,394364,0,0,10,10,10,0,0,6
27,12,2014,21,394365,0,0,10,10,10,0,0,6
27,12,2014,22,394366,0,0,10,10,10,0,0,6
27,12,2014,23,394367,0,0,10,10,10,0,0,6
28,12,2014,0,394368,0,0,10,10,10,0,0,6
28,12,2014,1,394369,0,0,10,10,10,0,0,6
28,12,2014,2,394370,0,0,10,10,10,0,0,5
28,12,2014,3,394371,0,0,10,10,10,0,0,8
28,12,2014,4,394372,0,0,10,10,10,0,0,6
28,12,2014,5,394373,0,0,10,10,10,0,0,6
28,12,2014,6,394374,0,0,10,10,10,0,0,6
28,12,2014,7,394375,0,0,10,10,10,0,0,6
28,12,2014,8,394376,0,0,10,10,10,0,0,6
28,12,2014,9,394377,0,0,10,10,10,0,0,6
28,12,2014,10,394378,0,0,10,10,10,0,0,6
28,12,2014,11,394379,0,0,10,10,10,0,0,5
28,12,2014,12,394380,0,0,10,10,10,0,0,8
28,12,2014,13,394381,0,0,10,10,10,0,0,6
28,12,2014,14,394382,0,0,10,10,10,0,0,6
28,12,2014,15,394383,0,0,10,10,10,0,0,7
28,12,2014,16,394384,0,0,10,10,10,0,0,6
28,12,2014,17,394385,0,0,10,10,10,0,0,6
28,12,2014,18,394386,0,0,10,10,10,0,0,6
28,12,2014,19,394387,0,0,10,10,10,0,0,6
28,12,2014,20,394388,0,0,10,10,10,0,0,6
28,12,2014,21,394389,0,0,10,10,10,0,0,6
28,12,2014,22,394390,0,0,10,10,10,0,0,5
28,12,2014,23,394391,0,0,10,10,10,0,0,6
29,12,2014,0,394392,0,0,10,10,10,0,0,6
29,12,2014,1,394393,0,0,10,10,10,0,0,6
29,12,2014,2,394394,0,0,10,10,10,0,0,6
29,12,2014,3,394395,0,0,10,10,10,0,0,7
29,12,2014,4,394396,0,0,10,10,10,0,0,6
29,12,2014,5,394397,0,0,10,10,10,0,0,6
29,12,2014,6,394398,0,0,10,10,10,0,0,6
29,12,2014,7,394399,0,0,10,10,10,0,0,6
29,12,2014,8,394400,0,0,10,10,10,0,0,6
29,12,2014,9,394401,0,0,10,10,10,0,0,6
29,12,2014,10,394402,0,0,10,10,10,0,0,6
29,12,2014,11,394403,0,0,10,10,10,0,0,6
29,12,2014,12,394404,0,0,10,10,10,0,0,6
29,12,2014,13,394405,1,2,9,8.875,9,0,0,8
29,12,2014,14,394406,0,0,9,9,9,0,0,6
29,12,2014,15,394407,0,1,8,8.25,8,0,0,8
29,12,2014,16,394408,0,0,8,8,8,0,0,6
29,12,2014,17,394409,0,0,8,8,8,0,0,6
29,12,2014,18,394410,0,0,8,8,8,0,0,6
29,12,2014,19,394411,0,0,8,8,8,0,0,6
29,12,2014,20,394412,0,0,8,8,8,0,0,6
29,12,2014,21,394413,0,0,8,8,8,0,0,6
29,12,2014,22,394414,0,0,8,8,8,0,0,6
29,12,2014,23,394415,0,0,8,8,8,0,0,6
30,12,2014,0,394416,0,0,8,8,8,0,0,4
30,12,2014,1,394417,0,0,8,8,8,0,0,6
30,12,2014,2,394418,0,0,8,8,8,0,0,6
30,12,2014,3,394419,0,0,8,8,8,0,0,7
30,12,2014,4,394420,0,0,8,8,8,0,0,6
30,12,2014,5,394421,2,2,8,7.9,8,0,0,10
30,12,2014,6,394422,0,0,8,8,8,0,0,6
30,12,2014,7,394423,0,0,8,8,8,0,0,6
30,12,2014,8,394424,0,0,8,8,8,0,0,6
30,12,2014,9,394425,0,0,8,8,8,0,0,6
30,12,2014,10,394426,0,0,8,8,8,0,0,6
30,12,2014,11,394427,0,0,8,8,8,0,0,6
30,12,2014,12,394428,0,0,8,8,8,0,0,6
30,12,2014,13,394429,1,0,8.5,8.5,9,0,0,6
30,12,2014,14,394430,0,0,9,9,9,0,0,6
30,12,2014,15,394431,0,0,9,9,9,0,0,8
30,12,2014,16,394432,0,0,9,9,9,0,0,6
30,12,2014,17,394433,0,0,9,9,9,0,0,6
30,12,2014,18,394434,0,0,9,9,9,0,0,6
30,12,2014,19,394435,0,0,9,9,9,0,0,6
30,12,2014,20,394436,0,0,9,9,9,0,0,6
30,12,2014,21,394437,0,0,9,9,9,0,0,6
30,12,2014,22,394438,0,0,9,9,9,0,0,6
30,12,2014,23,394439,0,0,9,9,9,0,0,6
31,12,2014,0,394440,0,0,9,9,9,0,0,5
31,12,2014,1,394441,0,0,9,9,9,0,0,6
31,12,2014,2,394442,0,0,9,9,9,0,0,6
31,12,2014,3,394443,0,0,9,9,9,0,0,7
31,12,2014,4,394444,0,0,9,9,9,0,0,6
31,12,2014,5,394445,0,0,9,9,9,0,0,6
31,12,2014,6,394446,0,0,9,9,9,0,0,7
31,12,2014,7,394447,1,0,10,9.83333333333333,10,0,0,6
31,12,2014,8,394448,0,0,10,10,10,0,0,6
31,12,2014,9,394449,0,0,10,10,10,0,0,6
31,12,2014,10,394450,0,0,10,10,10,0,0,6
31,12,2014,11,394451,0,0,10,10,10,0,0,6
31,12,2014,12,394452,0,0,10,10,10,0,0,6
31,12,2014,13,394453,0,0,10,10,10,0,0,6
31,12,2014,14,394454,0,0,10,10,10,0,0,6
31,12,2014,15,394455,0,0,10,10,10,0,0,6
31,12,2014,16,394456,0,0,10,10,10,0,0,6
31,12,2014,17,394457,0,0,10,10,10,0,0,6
31,12,2014,18,394458,0,0,10,10,10,0,0,8
31,12,2014,19,394459,0,0,10,10,10,0,0,6
31,12,2014,20,394460,0,0,10,10,10,0,0,5
31,12,2014,21,394461,0,0,10,10,10,0,0,6
31,12,2014,22,394462,0,0,10,10,10,0,0,6
31,12,2014,23,394463,0,0,10,10,10,0,0,6
1,1,2015,0,394464,0,0,10,10,10,0,0,6
1,1,2015,1,394465,0,0,10,10,10,0,0,6
1,1,2015,2,394466,0,0,10,10,10,0,0,6
1,1,2015,3,394467,0,0,10,10,10,0,0,7
1,1,2015,4,394468,0,0,10,10,10,0,0,6
1,1,2015,5,394469,0,0,10,10,10,0,0,6
1,1,2015,6,394470,0,0,10,10,10,0,0,6
1,1,2015,7,394471,0,0,10,10,10,0,0,6
1,1,2015,8,394472,0,0,10,10,10,0,0,6
1,1,2015,9,394473,0,0,10,10,10,0,0,6
1,1,2015,10,394474,0,0,10,10,10,0,0,6
1,1,2015,11,394475,0,0,10,10,10,0,0,7
1,1,2015,12,394476,0,0,10,10,10,0,0,5
1,1,2015,13,394477,0,0,10,10,10,0,0,6
1,1,2015,14,394478,0,0,10,10,10,0,0,6
1,1,2015,15,394479,0,0,10,10,10,0,0,8
1,1,2015,16,394480,0,0,10,10,10,0,0,6
1,1,2015,17,394481,0,0,10,10,10,0,0,6
1,1,2015,18,394482,0,0,10,10,10,0,0,6
1,1,2015,19,394483,0,0,10,10,10,0,0,6
1,1,2015,20,394484,0,0,10,10,10,0,0,6
1,1,2015,21,394485,0,0,10,10,10,0,0,6
1,1,2015,22,394486,0,0,10,10,10,0,0,6
1,1,2015,23,394487,0,0,10,10,10,0,0,6
2,1,2015,0,394488,0,0,10,10,10,0,0,6
2,1,2015,1,394489,0,0,10,10,10,0,0,6
2,1,2015,2,394490,0,0,10,10,10,0,0,6
2,1,2015,3,394491,0,0,10,10,10,0,0,7
2,1,2015,4,394492,0,0,10,10,10,0,0,6
2,1,2015,5,394493,0,0,10,10,10,0,0,6
2,1,2015,6,394494,0,0,10,10,10,0,0,6
2,1,2015,7,394495,0,0,10,10,10,0,0,6
2,1,2015,8,394496,0,0,10,10,10,0,0,6
2,1,2015,9,394497,0,0,10,10,10,0,0,6
2,1,2015,10,394498,0,0,10,10,10,0,0,6
2,1,2015,11,394499,0,0,10,10,10,0,0,6
2,1,2015,12,394500,0,0,10,10,10,0,0,6
2,1,2015,13,394501,0,0,10,10,10,0,0,6
2,1,2015,14,394502,0,0,10,10,10,0,0,6
2,1,2015,15,394503,0,0,10,10,10,0,0,7
2,1,2015,16,394504,0,0,10,10,10,0,0,6
2,1,2015,17,394505,0,0,10,10,10,0,0,6
2,1,2015,18,394506,0,0,10,10,10,0,0,6
2,1,2015,19,394507,0,0,10,10,10,0,0,6
2,1,2015,20,394508,0,0,10,10,10,0,0,6
2,1,2015,21,394509,0,0,10,10,10,0,0,6
2,1,2015,22,394510,0,0,10,10,10,0,0,6
2,1,2015,23,394511,0,0,10,10,10,0,0,6
3,1,2015,0,394512,0,0,10,10,10,0,0,6
3,1,2015,1,394513,0,0,10,10,10,0,0,6
3,1,2015,2,394514,0,0,10,10,10,0,0,6
3,1,2015,3,394515,0,0,10,10,10,0,0,7
3,1,2015,4,394516,0,0,10,10,10,0,0,6
3,1,2015,5,394517,0,0,10,10,10,0,0,6
3,1,2015,6,394518,0,0,10,10,10,0,0,6
3,1,2015,7,394519,0,0,10,10,10,0,0,6
3,1,2015,8,394520,0,0,10,10,10,0,0,6
3,1,2015,9,394521,0,0,10,10,10,0,0,6
3,1,2015,10,394522,0,0,10,10,10,0,0,6
3,1,2015,11,394523,0,0,10,10,10,0,0,6
3,1,2015,12,394524,0,0,10,10,10,0,0,6
3,1,2015,13,394525,0,0,10,10,10,0,0,6
3,1,2015,14,394526,0,0,10,10,10,0,0,6
3,1,2015,15,394527,0,0,10,10,10,0,0,7
3,1,2015,16,394528,0,0,10,10,10,0,0,6
3,1,2015,17,394529,0,0,10,10,10,0,0,6
3,1,2015,18,394530,0,0,10,10,10,0,0,6
3,1,2015,19,394531,0,0,10,10,10,0,0,6
3,1,2015,20,394532,0,0,10,10,10,0,0,6
3,1,2015,21,394533,0,0,10,10,10,0,0,6
3,1,2015,22,394534,0,0,10,10,10,0,0,6
3,1,2015,23,394535,0,0,10,10,10,0,0,6
4,1,2015,0,394536,0,0,10,10,10,0,0,6
4,1,2015,1,394537,0,0,10,10,10,0,0,6
4,1,2015,2,394538,0,0,10,10,10,0,0,5
4,1,2015,3,394539,0,0,10,10,10,0,0,8
4,1,2015,4,394540,0,0,10,10,10,0,0,6
4,1,2015,5,394541,0,0,10,10,10,0,0,6
4,1,2015,6,394542,0,0,10,10,10,0,0,6
4,1,2015,7,394543,1,0,11,10.5555555555556,11,0,0,9
4,1,2015,8,394544,0,0,11,11,11,0,0,6
4,1,2015,9,394545,1,0,11.5,11.5,12,0,0,6
4,1,2015,10,394546,0,0,12,12,12,0,0,6
4,1,2015,11,394547,0,0,12,12,12,0,0,6
4,1,2015,12,394548,0,0,12,12,12,0,0,6
4,1,2015,13,394549,0,0,12,12,12,0,0,6
4,1,2015,14,394550,0,0,12,12,12,0,0,6
4,1,2015,15,394551,0,0,12,12,12,0,0,8
4,1,2015,16,394552,0,0,12,12,12,0,0,6
4,1,2015,17,394553,0,0,12,12,12,0,0,6
4,1,2015,18,394554,0,0,12,12,12,0,0,6
4,1,2015,19,394555,0,0,12,12,12,0,0,6
4,1,2015,20,394556,0,0,12,12,12,0,0,6
4,1,2015,21,394557,0,0,12,12,12,0,0,6
4,1,2015,22,394558,0,0,12,12,12,0,0,6
4,1,2015,23,394559,0,0,12,12,12,0,0,6
5,1,2015,0,394560,0,0,12,12,12,0,0,5
5,1,2015,1,394561,0,0,12,12,12,0,0,6
5,1,2015,2,394562,0,0,12,12,12,0,0,6
5,1,2015,3,394563,0,0,12,12,12,0,0,7
5,1,2015,4,394564,0,0,12,12,12,0,0,6
5,1,2015,5,394565,0,0,12,12,12,0,0,6
5,1,2015,6,394566,0,0,12,12,12,0,0,6
5,1,2015,7,394567,0,0,12,12,12,0,0,6
5,1,2015,8,394568,0,0,12,12,12,0,0,6
5,1,2015,9,394569,0,1,12,11.7142857142857,11,0,0,7
5,1,2015,10,394570,0,0,11,11,11,0,0,6
5,1,2015,11,394571,0,0,11,11,11,0,0,5
5,1,2015,12,394572,0,0,11,11,11,0,0,6
5,1,2015,13,394573,0,0,11,11,11,0,0,6
5,1,2015,14,394574,0,0,11,11,11,0,0,6
5,1,2015,15,394575,0,0,11,11,11,0,0,8
5,1,2015,16,394576,0,0,11,11,11,0,0,6
5,1,2015,17,394577,0,0,11,11,11,0,0,6
5,1,2015,18,394578,0,0,11,11,11,0,0,6
5,1,2015,19,394579,0,0,11,11,11,0,0,6
5,1,2015,20,394580,0,0,11,11,11,0,0,6
5,1,2015,21,394581,0,0,11,11,11,0,0,6
5,1,2015,22,394582,0,0,11,11,11,0,0,6
5,1,2015,23,394583,0,0,11,11,11,0,0,4
6,1,2015,0,394584,0,0,11,11,11,0,0,6
6,1,2015,1,394585,0,0,11,11,11,0,0,6
6,1,2015,2,394586,0,0,11,11,11,0,0,6
6,1,2015,3,394587,0,0,11,11,11,0,0,7
6,1,2015,4,394588,0,0,11,11,11,0,0,6
6,1,2015,5,394589,0,0,11,11,11,0,0,6
6,1,2015,6,394590,0,0,11,11,11,0,0,6
6,1,2015,7,394591,0,0,11,11,11,0,0,6
6,1,2015,8,394592,0,0,11,11,11,0,0,6
6,1,2015,9,394593,0,0,11,11,11,0,0,6
6,1,2015,10,394594,1,0,11,11.4285714285714,12,0,0,7
6,1,2015,11,394595,0,0,12,12,12,0,0,6
6,1,2015,12,394596,0,1,11.5,11.5,11,0,0,6
6,1,2015,13,394597,0,0,11,11,11,0,0,6
6,1,2015,14,394598,0,0,11,11,11,0,0,6
6,1,2015,15,394599,0,0,11,11,11,0,0,7
6,1,2015,16,394600,0,0,11,11,11,0,0,6
6,1,2015,17,394601,0,0,11,11,11,0,0,6
6,1,2015,18,394602,0,0,11,11,11,0,0,6
6,1,2015,19,394603,0,0,11,11,11,0,0,6
6,1,2015,20,394604,0,0,11,11,11,0,0,6
6,1,2015,21,394605,0,0,11,11,11,0,0,6
6,1,2015,22,394606,0,0,11,11,11,0,0,6
6,1,2015,23,394607,0,0,11,11,11,0,0,6
7,1,2015,0,394608,0,0,11,11,11,0,0,6
7,1,2015,1,394609,0,0,11,11,11,0,0,6
7,1,2015,2,394610,0,0,11,11,11,0,0,6
7,1,2015,3,394611,0,0,11,11,11,0,0,6
7,1,2015,4,394612,1,0,12,11.8333333333333,12,0,0,6
7,1,2015,5,394613,0,0,12,12,12,0,0,6
7,1,2015,6,394614,0,0,12,12,12,0,0,6
7,1,2015,7,394615,0,0,12,12,12,0,0,6
7,1,2015,8,394616,0,0,12,12,12,0,0,6
7,1,2015,9,394617,0,0,12,12,12,0,0,6
7,1,2015,10,394618,0,0,12,12,12,0,0,6
7,1,2015,11,394619,1,0,13,12.8333333333333,13,0,0,6
7,1,2015,12,394620,0,0,13,13,13,0,0,6
7,1,2015,13,394621,0,1,12,12.2857142857143,12,0,0,7
7,1,2015,14,394622,0,0,12,12,12,0,0,6
7,1,2015,15,394623,1,0,12,12.2857142857143,13,0,0,7
7,1,2015,16,394624,0,1,12,12.2857142857143,12,0,0,7
7,1,2015,17,394625,0,0,12,12,12,0,0,6
7,1,2015,18,394626,0,0,12,12,12,0,0,6
7,1,2015,19,394627,0,0,12,12,12,0,0,6
7,1,2015,20,394628,0,0,12,12,12,0,0,6
7,1,2015,21,394629,0,0,12,12,12,0,0,6
7,1,2015,22,394630,0,0,12,12,12,0,0,6
7,1,2015,23,394631,0,0,12,12,12,0,0,6
8,1,2015,0,394632,0,0,12,12,12,0,0,6
8,1,2015,1,394633,0,0,12,12,12,0,0,6
8,1,2015,2,394634,0,0,12,12,12,0,0,6
8,1,2015,3,394635,0,0,12,12,12,0,0,9
8,1,2015,4,394636,0,0,12,12,12,0,0,6
8,1,2015,5,394637,0,0,12,12,12,0,0,6
8,1,2015,6,394638,0,0,12,12,12,0,0,6
8,1,2015,7,394639,0,0,12,12,12,0,0,5
8,1,2015,8,394640,0,0,12,12,12,0,0,6
8,1,2015,9,394641,0,0,12,12,12,0,0,6
8,1,2015,10,394642,0,0,12,12,12,0,0,6
8,1,2015,11,394643,0,0,12,12,12,0,0,6
8,1,2015,12,394644,0,0,12,12,12,0,0,6
8,1,2015,13,394645,0,0,12,12,12,0,0,6
8,1,2015,14,394646,0,0,12,12,12,0,0,6
8,1,2015,15,394647,0,0,12,12,12,0,0,8
8,1,2015,16,394648,0,0,12,12,12,0,0,6
8,1,2015,17,394649,0,0,12,12,12,0,0,6
8,1,2015,18,394650,0,0,12,12,12,0,0,6
8,1,2015,19,394651,0,0,12,12,12,0,0,5
8,1,2015,20,394652,0,0,12,12,12,0,0,6
8,1,2015,21,394653,0,0,12,12,12,0,0,6
8,1,2015,22,394654,0,0,12,12,12,0,0,6
8,1,2015,23,394655,0,0,12,12,12,0,0,6
9,1,2015,0,394656,0,0,12,12,12,0,0,6
9,1,2015,1,394657,0,0,12,12,12,0,0,6
9,1,2015,2,394658,0,0,12,12,12,0,0,6
9,1,2015,3,394659,0,0,12,12,12,0,0,7
9,1,2015,4,394660,0,0,12,12,12,0,0,6
9,1,2015,5,394661,0,0,12,12,12,0,0,6
9,1,2015,6,394662,0,0,12,12,12,0,0,6
9,1,2015,7,394663,0,0,12,12,12,0,0,6
9,1,2015,8,394664,0,0,12,12,12,0,0,6
9,1,2015,9,394665,0,0,12,12,12,0,0,6
9,1,2015,10,394666,0,0,12,12,12,0,0,6
9,1,2015,11,394667,0,0,12,12,12,0,0,6
9,1,2015,12,394668,0,0,12,12,12,0,0,6
9,1,2015,13,394669,0,0,12,12,12,0,0,6
9,1,2015,14,394670,0,0,12,12,12,0,0,6
9,1,2015,15,394671,0,0,12,12,12,0,0,7
9,1,2015,16,394672,0,0,12,12,12,0,0,6
9,1,2015,17,394673,0,0,12,12,12,0,0,6
9,1,2015,18,394674,0,0,12,12,12,0,0,6
9,1,2015,19,394675,0,0,12,12,12,0,0,6
9,1,2015,20,394676,0,0,12,12,12,0,0,6
9,1,2015,21,394677,0,0,12,12,12,0,0,6
9,1,2015,22,394678,0,0,12,12,12,0,0,6
9,1,2015,23,394679,0,0,12,12,12,0,0,6
10,1,2015,0,394680,0,0,12,12,12,0,0,6
10,1,2015,1,394681,0,0,12,12,12,0,0,6
10,1,2015,2,394682,0,0,12,12,12,0,0,5
10,1,2015,3,394683,0,0,12,12,12,0,0,8
10,1,2015,4,394684,0,0,12,12,12,0,0,6
10,1,2015,5,394685,0,0,12,12,12,0,0,6
10,1,2015,6,394686,0,0,12,12,12,0,0,6
10,1,2015,7,394687,0,0,12,12,12,0,0,6
10,1,2015,8,394688,0,0,12,12,12,0,0,6
10,1,2015,9,394689,0,0,12,12,12,0,0,6
10,1,2015,10,394690,1,0,12,12.1666666666667,13,0,0,6
10,1,2015,11,394691,0,0,13,13,13,0,0,6
10,1,2015,12,394692,0,0,13,13,13,0,0,6
10,1,2015,13,394693,0,0,13,13,13,0,0,6
10,1,2015,14,394694,0,0,13,13,13,0,0,5
10,1,2015,15,394695,0,1,12,12.4,12,0,0,10
10,1,2015,16,394696,0,0,12,12,12,0,0,6
10,1,2015,17,394697,0,0,12,12,12,0,0,6
10,1,2015,18,394698,0,0,12,12,12,0,0,6
10,1,2015,19,394699,0,0,12,12,12,0,0,6
10,1,2015,20,394700,0,0,12,12,12,0,0,6
10,1,2015,21,394701,0,0,12,12,12,0,0,6
10,1,2015,22,394702,0,0,12,12,12,0,0,6
10,1,2015,23,394703,0,0,12,12,12,0,0,6
11,1,2015,0,394704,0,0,12,12,12,0,0,6
11,1,2015,1,394705,0,0,12,12,12,0,0,6
11,1,2015,2,394706,0,0,12,12,12,0,0,6
11,1,2015,3,394707,0,0,12,12,12,0,0,8
11,1,2015,4,394708,0,0,12,12,12,0,0,6
11,1,2015,5,394709,0,0,12,12,12,0,0,6
11,1,2015,6,394710,0,0,12,12,12,0,0,6
11,1,2015,7,394711,0,0,12,12,12,0,0,6
11,1,2015,8,394712,0,0,12,12,12,0,0,6
11,1,2015,9,394713,0,1,12,11.8888888888889,11,0,0,9
11,1,2015,10,394714,1,0,11,11.2857142857143,12,0,0,7
11,1,2015,11,394715,0,0,12,12,12,0,0,6
11,1,2015,12,394716,0,0,12,12,12,0,0,6
11,1,2015,13,394717,0,0,12,12,12,0,0,6
11,1,2015,14,394718,0,0,12,12,12,0,0,6
11,1,2015,15,394719,0,0,12,12,12,0,0,7
11,1,2015,16,394720,0,0,12,12,12,0,0,6
11,1,2015,17,394721,0,0,12,12,12,0,0,6
11,1,2015,18,394722,0,0,12,12,12,0,0,6
11,1,2015,19,394723,0,0,12,12,12,0,0,6
11,1,2015,20,394724,0,0,12,12,12,0,0,6
11,1,2015,21,394725,0,0,12,12,12,0,0,6
11,1,2015,22,394726,0,0,12,12,12,0,0,6
11,1,2015,23,394727,0,0,12,12,12,0,0,6
12,1,2015,0,394728,0,0,12,12,12,0,0,6
12,1,2015,1,394729,0,0,12,12,12,0,0,6
12,1,2015,2,394730,0,0,12,12,12,0,0,6
12,1,2015,3,394731,0,0,12,12,12,0,0,7
12,1,2015,4,394732,0,0,12,12,12,0,0,6
12,1,2015,5,394733,0,0,12,12,12,0,0,6
12,1,2015,6,394734,0,0,12,12,12,0,0,6
12,1,2015,7,394735,0,0,12,12,12,0,0,6
12,1,2015,8,394736,0,0,12,12,12,0,0,6
12,1,2015,9,394737,0,1,11,11.3333333333333,11,0,0,6
12,1,2015,10,394738,0,0,11,11,11,0,0,6
12,1,2015,11,394739,0,0,11,11,11,0,0,6
12,1,2015,12,394740,0,0,11,11,11,0,0,6
12,1,2015,13,394741,0,0,11,11,11,0,0,6
12,1,2015,14,394742,0,0,11,11,11,0,0,6
12,1,2015,15,394743,0,0,11,11,11,0,0,7
12,1,2015,16,394744,0,0,11,11,11,0,0,6
12,1,2015,17,394745,0,0,11,11,11,0,0,6
12,1,2015,18,394746,0,0,11,11,11,0,0,6
12,1,2015,19,394747,0,0,11,11,11,0,0,6
12,1,2015,20,394748,0,0,11,11,11,0,0,6
12,1,2015,21,394749,0,0,11,11,11,0,0,5
12,1,2015,22,394750,0,0,11,11,11,0,0,6
12,1,2015,23,394751,0,0,11,11,11,0,0,6
13,1,2015,0,394752,0,0,11,11,11,0,0,5
13,1,2015,1,394753,0,0,11,11,11,0,0,6
13,1,2015,2,394754,0,0,11,11,11,0,0,6
13,1,2015,3,394755,0,0,11,11,11,0,0,8
13,1,2015,4,394756,0,0,11,11,11,0,0,6
13,1,2015,5,394757,0,0,11,11,11,0,0,6
13,1,2015,6,394758,0,0,11,11,11,0,0,6
13,1,2015,7,394759,0,0,12,12,12,0,0,6
13,1,2015,8,394760,0,0,12,12,12,0,0,6
13,1,2015,9,394761,0,0,12,12,12,0,0,6
13,1,2015,10,394762,0,0,12,12,12,0,0,6
13,1,2015,11,394763,0,0,12,12,12,0,0,6
13,1,2015,12,394764,0,0,12,12,12,0,0,6
13,1,2015,13,394765,0,0,12,12,12,0,0,6
13,1,2015,14,394766,0,0,12,12,12,0,0,6
13,1,2015,15,394767,0,0,12,12,12,0,0,7
13,1,2015,16,394768,1,0,12,12.1666666666667,13,0,0,6
13,1,2015,17,394769,0,0,13,13,13,0,0,6
13,1,2015,18,394770,0,0,13,13,13,0,0,6
13,1,2015,19,394771,0,0,13,13,13,0,0,6
13,1,2015,20,394772,0,0,13,13,13,0,0,6
13,1,2015,21,394773,0,0,13,13,13,0,0,6
13,1,2015,22,394774,0,0,13,13,13,0,0,6
13,1,2015,23,394775,0,0,13,13,13,0,0,6
14,1,2015,0,394776,0,0,13,13,13,0,0,6
14,1,2015,1,394777,0,0,13,13,13,0,0,6
14,1,2015,2,394778,0,0,13,13,13,0,0,6
14,1,2015,3,394779,0,0,13,13,13,0,0,7
14,1,2015,4,394780,0,0,13,13,13,0,0,6
14,1,2015,5,394781,0,0,13,13,13,0,0,6
14,1,2015,6,394782,0,0,13,13,13,0,0,6
14,1,2015,7,394783,0,0,13,13,13,0,0,6
14,1,2015,8,394784,0,0,13,13,13,0,0,6
14,1,2015,9,394785,0,0,13,13,13,0,0,6
14,1,2015,10,394786,0,0,13,13,13,0,0,6
14,1,2015,11,394787,0,0,14,14,14,0,0,6
14,1,2015,12,394788,0,0,14,14,14,0,0,6
14,1,2015,13,394789,0,0,14,14,14,0,0,6
14,1,2015,14,394790,0,0,14,14,14,0,0,6
14,1,2015,15,394791,0,0,14,14,14,0,0,8
14,1,2015,16,394792,0,0,14,14,14,0,0,7
14,1,2015,17,394793,0,0,14,14,14,0,0,6
14,1,2015,18,394794,0,0,14,14,14,0,0,6
14,1,2015,19,394795,0,0,14,14,14,0,0,5
14,1,2015,20,394796,0,0,14,14,14,0,0,6
14,1,2015,21,394797,0,0,14,14,14,0,0,6
14,1,2015,22,394798,0,0,14,14,14,0,0,6
14,1,2015,23,394799,0,0,14,14,14,0,0,6
15,1,2015,0,394800,0,0,14,14,14,0,0,6
15,1,2015,1,394801,0,0,14,14,14,0,0,6
15,1,2015,2,394802,0,0,14,14,14,0,0,6
15,1,2015,3,394803,0,0,14,14,14,0,0,7
15,1,2015,4,394804,0,0,14,14,14,0,0,6
15,1,2015,5,394805,0,0,14,14,14,0,0,6
15,1,2015,6,394806,0,0,14,14,14,0,0,6
15,1,2015,7,394807,0,3,11,12.1428571428571,11,0,0,7
15,1,2015,8,394808,0,0,11,11,11,0,0,6
15,1,2015,9,394809,0,0,11,11,11,0,0,6
15,1,2015,10,394810,0,0,11,11,11,0,0,6
15,1,2015,11,394811,0,0,11,11,11,0,0,6
15,1,2015,12,394812,0,0,11,11,11,0,0,6
15,1,2015,13,394813,0,0,11,11,11,0,0,6
15,1,2015,14,394814,0,0,11,11,11,0,0,6
15,1,2015,15,394815,0,0,11,11,11,0,0,6
15,1,2015,16,394816,0,0,11,11,11,0,0,6
15,1,2015,17,394817,0,0,11,11,11,0,0,6
15,1,2015,18,394818,0,0,11,11,11,0,0,6
15,1,2015,19,394819,0,0,11,11,11,0,0,6
15,1,2015,20,394820,0,0,11,11,11,0,0,6
15,1,2015,21,394821,0,0,11,11,11,0,0,6
15,1,2015,22,394822,0,0,11,11,11,0,0,6
15,1,2015,23,394823,0,0,11,11,11,0,0,5
16,1,2015,0,394824,0,0,11,11,11,0,0,6
16,1,2015,1,394825,0,0,11,11,11,0,0,6
16,1,2015,2,394826,0,0,11,11,11,0,0,6
16,1,2015,3,394827,0,0,11,11,11,0,0,7
16,1,2015,4,394828,0,0,11,11,11,0,0,6
16,1,2015,5,394829,0,0,11,11,11,0,0,6
16,1,2015,6,394830,0,0,11,11,11,0,0,6
16,1,2015,7,394831,0,0,11,11,11,0,0,6
16,1,2015,8,394832,0,0,11,11,11,0,0,6
16,1,2015,9,394833,0,0,11,11,11,0,0,6
16,1,2015,10,394834,0,0,11,11,11,0,0,6
16,1,2015,11,394835,0,0,11,11,11,0,0,6
16,1,2015,12,394836,0,0,11,11,11,0,0,6
16,1,2015,13,394837,0,0,11,11,11,0,0,6
16,1,2015,14,394838,0,0,11,11,11,0,0,6
16,1,2015,15,394839,0,0,11,11,11,0,0,7
16,1,2015,16,394840,0,0,11,11,11,0,0,6
16,1,2015,17,394841,0,0,11,11,11,0,0,6
16,1,2015,18,394842,0,0,11,11,11,0,0,6
16,1,2015,19,394843,0,0,11,11,11,0,0,6
16,1,2015,20,394844,0,0,11,11,11,0,0,6
16,1,2015,21,394845,0,0,11,11,11,0,0,6
16,1,2015,22,394846,0,0,11,11,11,0,0,6
16,1,2015,23,394847,0,0,11,11,11,0,0,6
17,1,2015,0,394848,0,0,11,11,11,0,0,5
17,1,2015,1,394849,0,0,11,11,11,0,0,6
17,1,2015,2,394850,0,0,11,11,11,0,0,6
17,1,2015,3,394851,0,0,11,11,11,0,0,9
17,1,2015,4,394852,0,0,11,11,11,0,0,5
17,1,2015,5,394853,0,0,11,11,11,0,0,6
17,1,2015,6,394854,0,0,11,11,11,0,0,6
17,1,2015,7,394855,0,0,11,11,11,0,0,6
17,1,2015,8,394856,0,0,11,11,11,0,0,6
17,1,2015,9,394857,0,0,11,11,11,0,0,6
17,1,2015,10,394858,0,0,11,11,11,0,0,6
17,1,2015,11,394859,0,0,11,11,11,0,0,6
17,1,2015,12,394860,0,0,11,11,11,0,0,6
17,1,2015,13,394861,0,0,11,11,11,0,0,6
17,1,2015,14,394862,1,0,12,11.8333333333333,12,0,0,6
17,1,2015,15,394863,0,0,12,12,12,0,0,8
17,1,2015,16,394864,0,0,12,12,12,0,0,6
17,1,2015,17,394865,0,0,12,12,12,0,0,6
17,1,2015,18,394866,0,0,12,12,12,0,0,6
17,1,2015,19,394867,0,0,12,12,12,0,0,6
17,1,2015,20,394868,0,0,12,12,12,0,0,5
17,1,2015,21,394869,0,0,12,12,12,0,0,6
17,1,2015,22,394870,0,0,12,12,12,0,0,6
17,1,2015,23,394871,0,0,12,12,12,0,0,6
18,1,2015,0,394872,0,0,12,12,12,0,0,6
18,1,2015,1,394873,0,0,12,12,12,0,0,6
18,1,2015,2,394874,0,0,12,12,12,0,0,6
18,1,2015,3,394875,0,0,12,12,12,0,0,7
18,1,2015,4,394876,0,0,12,12,12,0,0,6
18,1,2015,5,394877,0,0,12,12,12,0,0,6
18,1,2015,6,394878,0,0,12,12,12,0,0,6
18,1,2015,7,394879,0,0,12,12,12,0,0,6
18,1,2015,8,394880,0,0,12,12,12,0,0,6
18,1,2015,9,394881,0,0,12,12,12,0,0,6
18,1,2015,10,394882,0,0,12,12,12,0,0,6
18,1,2015,11,394883,0,0,12,12,12,0,0,6
18,1,2015,12,394884,1,0,13,12.8333333333333,13,0,0,6
18,1,2015,13,394885,0,0,13,13,13,0,0,6
18,1,2015,14,394886,0,0,13,13,13,0,0,6
18,1,2015,15,394887,0,0,13,13,13,0,0,7
18,1,2015,16,394888,0,0,13,13,13,0,0,6
18,1,2015,17,394889,0,0,13,13,13,0,0,6
18,1,2015,18,394890,1,0,14,13.6666666666667,14,0,0,6
18,1,2015,19,394891,0,0,14,14,14,0,0,6
18,1,2015,20,394892,0,0,14,14,14,0,0,6
18,1,2015,21,394893,0,0,14,14,14,0,0,6
18,1,2015,22,394894,0,0,14,14,14,0,0,6
18,1,2015,23,394895,0,0,14,14,14,0,0,6
19,1,2015,0,394896,0,0,14,14,14,0,0,6
19,1,2015,1,394897,0,0,14,14,14,0,0,6
19,1,2015,2,394898,0,0,14,14,14,0,0,5
19,1,2015,3,394899,0,0,14,14,14,0,0,9
19,1,2015,4,394900,0,0,14,14,14,0,0,6
19,1,2015,5,394901,0,0,14,14,14,0,0,6
19,1,2015,6,394902,0,0,14,14,14,0,0,6
19,1,2015,7,394903,0,0,14,14,14,0,0,6
19,1,2015,8,394904,0,0,14,14,14,0,0,6
19,1,2015,9,394905,0,0,14,14,14,0,0,6
19,1,2015,10,394906,0,0,14,14,14,0,0,6
19,1,2015,11,394907,1,0,15,14.8333333333333,15,0,0,6
19,1,2015,12,394908,0,0,15,15,15,0,0,6
19,1,2015,13,394909,0,0,15,15,15,0,0,6
19,1,2015,14,394910,0,0,15,15,15,0,0,6
19,1,2015,15,394911,0,0,15,15,15,0,0,7
19,1,2015,16,394912,0,0,15,15,15,0,0,6
19,1,2015,17,394913,0,0,15,15,15,0,0,6
19,1,2015,18,394914,0,0,15,15,15,0,0,6
19,1,2015,19,394915,0,0,15,15,15,0,0,6
19,1,2015,20,394916,0,0,15,15,15,0,0,5
19,1,2015,21,394917,0,0,15,15,15,0,0,6
19,1,2015,22,394918,0,0,15,15,15,0,0,5
19,1,2015,23,394919,0,0,15,15,15,0,0,6
20,1,2015,0,394920,0,0,15,15,15,0,0,6
20,1,2015,1,394921,0,0,15,15,15,0,0,6
20,1,2015,2,394922,0,0,15,15,15,0,0,6
20,1,2015,3,394923,0,0,15,15,15,0,0,8
20,1,2015,4,394924,0,0,15,15,15,0,0,6
20,1,2015,5,394925,0,0,15,15,15,0,0,6
20,1,2015,6,394926,0,0,15,15,15,0,0,6
20,1,2015,7,394927,0,0,15,15,15,0,0,6
20,1,2015,8,394928,0,0,15,15,15,0,0,6
20,1,2015,9,394929,0,0,15,15,15,0,0,6
20,1,2015,10,394930,0,0,15,15,15,0,0,6
20,1,2015,11,394931,0,0,15,15,15,0,0,6
20,1,2015,12,394932,0,0,15,15,15,0,0,6
20,1,2015,13,394933,0,0,15,15,15,0,0,6
20,1,2015,14,394934,0,0,15,15,15,0,0,6
20,1,2015,15,394935,0,0,15,15,15,0,0,7
20,1,2015,16,394936,1,0,16,15.5714285714286,16,0,0,7
20,1,2015,17,394937,0,0,16,16,16,0,0,5
20,1,2015,18,394938,0,0,16,16,16,0,0,6
20,1,2015,19,394939,0,1,15,15.1428571428571,15,0,0,7
20,1,2015,20,394940,0,0,15,15,15,0,0,6
20,1,2015,21,394941,0,0,15,15,15,0,0,6
20,1,2015,22,394942,0,0,15,15,15,0,0,6
20,1,2015,23,394943,0,0,15,15,15,0,0,6
21,1,2015,0,394944,0,0,15,15,15,0,0,5
21,1,2015,1,394945,0,0,15,15,15,0,0,6
21,1,2015,2,394946,0,0,15,15,15,0,0,6
21,1,2015,3,394947,0,0,15,15,15,0,0,7
21,1,2015,4,394948,0,0,15,15,15,0,0,6
21,1,2015,5,394949,0,0,15,15,15,0,0,6
21,1,2015,6,394950,0,0,15,15,15,0,0,6
21,1,2015,7,394951,0,0,15,15,15,0,0,6
21,1,2015,8,394952,0,0,15,15,15,0,0,6
21,1,2015,9,394953,0,3,14.5,13.875,12,0,0,8
21,1,2015,10,394954,0,0,12,12,12,0,0,5
21,1,2015,11,394955,0,0,12,12,12,0,0,6
21,1,2015,12,394956,0,0,12,12,12,0,0,6
21,1,2015,13,394957,0,0,12,12,12,0,0,6
21,1,2015,14,394958,0,0,12,12,12,0,0,6
21,1,2015,15,394959,0,0,12,12,12,0,0,8
21,1,2015,16,394960,0,0,12,12,12,0,0,6
21,1,2015,17,394961,0,0,12,12,12,0,0,6
21,1,2015,18,394962,0,0,12,12,12,0,0,6
21,1,2015,19,394963,0,0,12,12,12,0,0,6
21,1,2015,20,394964,0,0,12,12,12,0,0,6
21,1,2015,21,394965,0,0,12,12,12,0,0,6
21,1,2015,22,394966,0,0,12,12,12,0,0,8
21,1,2015,23,394967,0,0,12,12,12,0,0,6
22,1,2015,0,394968,0,0,12,12,12,0,0,6
22,1,2015,1,394969,0,0,12,12,12,0,0,6
22,1,2015,2,394970,0,0,12,12,12,0,0,6
22,1,2015,3,394971,0,0,12,12,12,0,0,7
22,1,2015,4,394972,0,0,12,12,12,0,0,6
22,1,2015,5,394973,0,0,12,12,12,0,0,6
22,1,2015,6,394974,0,0,12,12,12,0,0,6
22,1,2015,7,394975,0,0,12,12,12,0,0,6
22,1,2015,8,394976,0,0,12,12,12,0,0,6
22,1,2015,9,394977,0,0,12,12,12,0,0,6
22,1,2015,10,394978,0,0,12,12,12,0,0,6
22,1,2015,11,394979,0,0,12,12,12,0,0,6
22,1,2015,12,394980,0,0,12,12,12,0,0,6
22,1,2015,13,394981,0,0,12,12,12,0,0,6
22,1,2015,14,394982,0,0,12,12,12,0,0,6
22,1,2015,15,394983,0,0,12,12,12,0,0,7
22,1,2015,16,394984,0,0,12,12,12,0,0,6
22,1,2015,17,394985,0,0,12,12,12,0,0,6
22,1,2015,18,394986,0,0,12,12,12,0,0,6
22,1,2015,19,394987,0,0,12,12,12,0,0,6
22,1,2015,20,394988,0,0,12,12,12,0,0,6
22,1,2015,21,394989,0,0,12,12,12,0,0,6
22,1,2015,22,394990,0,0,12,12,12,0,0,6
22,1,2015,23,394991,0,0,12,12,12,0,0,6
23,1,2015,0,394992,0,0,12,12,12,0,0,6
23,1,2015,1,394993,0,0,12,12,12,0,0,6
23,1,2015,2,394994,0,0,12,12,12,0,0,6
23,1,2015,3,394995,0,0,12,12,12,0,0,7
23,1,2015,4,394996,0,0,12,12,12,0,0,6
23,1,2015,5,394997,0,0,12,12,12,0,0,6
23,1,2015,6,394998,0,0,12,12,12,0,0,6
23,1,2015,7,394999,0,0,12,12,12,0,0,6
23,1,2015,8,395000,0,0,12,12,12,0,0,6
23,1,2015,9,395001,0,0,12,12,12,0,0,6
23,1,2015,10,395002,0,0,12,12,12,0,0,6
23,1,2015,11,395003,0,0,12,12,12,0,0,6
23,1,2015,12,395004,0,0,12,12,12,0,0,6
23,1,2015,13,395005,0,0,12,12,12,0,0,6
23,1,2015,14,395006,0,0,12,12,12,0,0,6
23,1,2015,15,395007,0,0,12,12,12,0,0,7
23,1,2015,16,395008,0,0,12,12,12,0,0,6
23,1,2015,17,395009,0,0,12,12,12,0,0,6
23,1,2015,18,395010,0,0,12,12,12,0,0,6
23,1,2015,19,395011,0,0,12,12,12,0,0,6
23,1,2015,20,395012,0,0,12,12,12,0,0,6
23,1,2015,21,395013,0,0,12,12,12,0,0,6
23,1,2015,22,395014,0,0,12,12,12,0,0,6
23,1,2015,23,395015,0,0,12,12,12,0,0,6
24,1,2015,0,395016,0,0,12,12,12,0,0,6
24,1,2015,1,395017,0,0,12,12,12,0,0,6
24,1,2015,2,395018,0,0,12,12,12,0,0,5
24,1,2015,3,395019,0,0,12,12,12,0,0,8
24,1,2015,4,395020,0,0,12,12,12,0,0,6
24,1,2015,5,395021,0,0,12,12,12,0,0,6
24,1,2015,6,395022,0,0,12,12,12,0,0,6
24,1,2015,7,395023,0,0,12,12,12,0,0,6
24,1,2015,8,395024,0,0,12,12,12,0,0,6
24,1,2015,9,395025,0,0,12,12,12,0,0,6
24,1,2015,10,395026,0,0,12,12,12,0,0,6
24,1,2015,11,395027,0,0,12,12,12,0,0,5
24,1,2015,12,395028,0,0,12,12,12,0,0,6
24,1,2015,13,395029,0,0,12,12,12,0,0,6
24,1,2015,14,395030,0,0,12,12,12,0,0,6
24,1,2015,15,395031,0,0,12,12,12,0,0,8
24,1,2015,16,395032,0,0,12,12,12,0,0,6
24,1,2015,17,395033,0,0,12,12,12,0,0,6
24,1,2015,18,395034,0,0,12,12,12,0,0,6
24,1,2015,19,395035,0,0,12,12,12,0,0,6
24,1,2015,20,395036,0,0,12,12,12,0,0,6
24,1,2015,21,395037,0,0,12,12,12,0,0,5
24,1,2015,22,395038,0,0,12,12,12,0,0,6
24,1,2015,23,395039,0,0,12,12,12,0,0,6
25,1,2015,0,395040,0,0,12,12,12,0,0,6
25,1,2015,1,395041,0,0,12,12,12,0,0,6
25,1,2015,2,395042,0,0,12,12,12,0,0,6
25,1,2015,3,395043,0,0,12,12,12,0,0,7
25,1,2015,4,395044,0,0,12,12,12,0,0,6
25,1,2015,5,395045,0,0,12,12,12,0,0,6
25,1,2015,6,395046,0,0,12,12,12,0,0,6
25,1,2015,7,395047,0,0,12,12,12,0,0,6
25,1,2015,8,395048,0,0,12,12,12,0,0,6
25,1,2015,9,395049,0,0,12,12,12,0,0,6
25,1,2015,10,395050,0,0,12,12,12,0,0,6
25,1,2015,11,395051,1,0,12.5,12.5,13,0,0,6
25,1,2015,12,395052,0,0,13,13,13,0,0,6
25,1,2015,13,395053,0,0,13,13,13,0,0,6
25,1,2015,14,395054,0,0,13,13,13,0,0,6
25,1,2015,15,395055,0,0,13,13,13,0,0,6
25,1,2015,16,395056,0,0,13,13,13,0,0,6
25,1,2015,17,395057,0,0,13,13,13,0,0,6
25,1,2015,18,395058,0,0,13,13,13,0,0,6
25,1,2015,19,395059,0,0,13,13,13,0,0,6
25,1,2015,20,395060,0,0,13,13,13,0,0,6
25,1,2015,21,395061,0,0,13,13,13,0,0,6
25,1,2015,22,395062,0,0,13,13,13,0,0,6
25,1,2015,23,395063,0,0,13,13,13,0,0,6
26,1,2015,0,395064,0,0,13,13,13,0,0,6
26,1,2015,1,395065,0,0,13,13,13,0,0,5
26,1,2015,2,395066,0,0,13,13,13,0,0,6
26,1,2015,3,395067,0,0,13,13,13,0,0,9
26,1,2015,4,395068,0,0,13,13,13,0,0,6
26,1,2015,5,395069,0,0,13,13,13,0,0,6
26,1,2015,6,395070,0,0,13,13,13,0,0,6
26,1,2015,7,395071,0,0,13,13,13,0,0,6
26,1,2015,8,395072,0,0,13,13,13,0,0,6
26,1,2015,9,395073,0,0,13,13,13,0,0,6
26,1,2015,10,395074,0,0,13,13,13,0,0,6
26,1,2015,11,395075,0,0,13,13,13,0,0,6
26,1,2015,12,395076,0,0,13,13,13,0,0,6
26,1,2015,13,395077,0,0,13,13,13,0,0,6
26,1,2015,14,395078,0,0,13,13,13,0,0,6
26,1,2015,15,395079,0,0,13,13,13,0,0,7
26,1,2015,16,395080,0,0,13,13,13,0,0,6
26,1,2015,17,395081,0,0,13,13,13,0,0,6
26,1,2015,18,395082,0,0,13,13,13,0,0,6
26,1,2015,19,395083,0,0,13,13,13,0,0,6
26,1,2015,20,395084,0,0,13,13,13,0,0,6
26,1,2015,21,395085,0,0,13,13,13,0,0,6
26,1,2015,22,395086,0,0,13,13,13,0,0,5
26,1,2015,23,395087,0,0,13,13,13,0,0,6
27,1,2015,0,395088,0,0,13,13,13,0,0,6
27,1,2015,1,395089,0,0,13,13,13,0,0,6
27,1,2015,2,395090,0,0,13,13,13,0,0,6
27,1,2015,3,395091,0,0,13,13,13,0,0,8
27,1,2015,4,395092,0,0,13,13,13,0,0,6
27,1,2015,5,395093,0,0,13,13,13,0,0,6
27,1,2015,6,395094,0,0,13,13,13,0,0,6
27,1,2015,7,395095,0,0,13,13,13,0,0,6
27,1,2015,8,395096,0,0,13,13,13,0,0,6
27,1,2015,9,395097,0,0,13,13,13,0,0,6
27,1,2015,10,395098,0,0,13,13,13,0,0,6
27,1,2015,11,395099,0,0,13,13,13,0,0,6
27,1,2015,12,395100,0,0,13,13,13,0,0,6
27,1,2015,13,395101,0,0,13,13,13,0,0,6
27,1,2015,14,395102,0,0,13,13,13,0,0,6
27,1,2015,15,395103,0,0,13,13,13,0,0,7
27,1,2015,16,395104,1,0,14,13.8333333333333,14,0,0,6
27,1,2015,17,395105,0,0,14,14,14,0,0,6
27,1,2015,18,395106,0,0,14,14,14,0,0,6
27,1,2015,19,395107,0,0,14,14,14,0,0,6
27,1,2015,20,395108,0,0,14,14,14,0,0,6
27,1,2015,21,395109,0,0,14,14,14,0,0,6
27,1,2015,22,395110,0,0,14,14,14,0,0,6
27,1,2015,23,395111,0,0,14,14,14,0,0,6
28,1,2015,0,395112,0,0,14,14,14,0,0,6
28,1,2015,1,395113,0,0,14,14,14,0,0,6
28,1,2015,2,395114,0,0,14,14,14,0,0,6
28,1,2015,3,395115,0,0,14,14,14,0,0,7
28,1,2015,4,395116,0,0,14,14,14,0,0,6
28,1,2015,5,395117,0,0,14,14,14,0,0,6
28,1,2015,6,395118,0,0,14,14,14,0,0,6
28,1,2015,7,395119,0,0,14,14,14,0,0,6
28,1,2015,8,395120,0,0,14,14,14,0,0,6
28,1,2015,9,395121,0,0,14,14,14,0,0,6
28,1,2015,10,395122,0,0,14,14,14,0,0,6
28,1,2015,11,395123,0,0,14,14,14,0,0,6
28,1,2015,12,395124,0,0,14,14,14,0,0,6
28,1,2015,13,395125,0,0,14,14,14,0,0,6
28,1,2015,14,395126,0,0,14,14,14,0,0,6
28,1,2015,15,395127,0,0,14,14,14,0,0,7
28,1,2015,16,395128,0,0,14,14,14,0,0,6
28,1,2015,17,395129,0,0,14,14,14,0,0,6
28,1,2015,18,395130,0,0,14,14,14,0,0,6
28,1,2015,19,395131,0,0,14,14,14,0,0,6
28,1,2015,20,395132,0,0,14,14,14,0,0,6
28,1,2015,21,395133,0,0,14,14,14,0,0,6
28,1,2015,22,395134,0,0,14,14,14,0,0,6
28,1,2015,23,395135,0,0,14,14,14,0,0,6
29,1,2015,0,395136,0,0,14,14,14,0,0,6
29,1,2015,1,395137,0,0,14,14,14,0,0,6
29,1,2015,2,395138,0,0,14,14,14,0,0,5
29,1,2015,3,395139,0,0,14,14,14,0,0,8
29,1,2015,4,395140,0,0,14,14,14,0,0,6
29,1,2015,5,395141,0,0,14,14,14,0,0,6
29,1,2015,6,395142,0,0,14,14,14,0,0,6
29,1,2015,7,395143,0,0,14,14,14,0,0,6
29,1,2015,8,395144,0,0,14,14,14,0,0,6
29,1,2015,9,395145,0,0,14,14,14,0,0,6
29,1,2015,10,395146,0,0,14,14,14,0,0,6
29,1,2015,11,395147,0,0,14,14,14,0,0,5
29,1,2015,12,395148,0,0,14,14,14,0,0,6
29,1,2015,13,395149,0,0,14,14,14,0,0,6
29,1,2015,14,395150,0,0,14,14,14,0,0,6
29,1,2015,15,395151,0,0,14,14,14,0,0,8
29,1,2015,16,395152,0,0,14,14,14,0,0,6
29,1,2015,17,395153,0,0,14,14,14,0,0,6
29,1,2015,18,395154,0,0,14,14,14,0,0,6
29,1,2015,19,395155,0,0,14,14,14,0,0,6
29,1,2015,20,395156,0,0,14,14,14,0,0,6
29,1,2015,21,395157,0,0,14,14,14,0,0,6
29,1,2015,22,395158,0,0,14,14,14,0,0,5
29,1,2015,23,395159,0,0,14,14,14,0,0,6
30,1,2015,0,395160,0,0,14,14,14,0,0,6
30,1,2015,1,395161,0,0,14,14,14,0,0,6
30,1,2015,2,395162,0,0,14,14,14,0,0,6
30,1,2015,3,395163,0,0,14,14,14,0,0,11
30,1,2015,4,395164,0,0,14,14,14,0,0,6
30,1,2015,5,395165,0,0,14,14,14,0,0,6
30,1,2015,6,395166,0,0,14,14,14,0,0,6
30,1,2015,7,395167,0,0,14,14,14,0,0,6
30,1,2015,8,395168,0,0,14,14,14,0,0,6
30,1,2015,9,395169,0,0,14,14,14,0,0,6
30,1,2015,10,395170,0,0,14,14,14,0,0,6
30,1,2015,11,395171,0,0,14,14,14,0,0,6
30,1,2015,12,395172,0,0,14,14,14,0,0,6
30,1,2015,13,395173,0,0,14,14,14,0,0,6
30,1,2015,14,395174,0,0,14,14,14,0,0,6
30,1,2015,15,395175,0,0,14,14,14,0,0,7
30,1,2015,16,395176,0,0,14,14,14,0,0,6
30,1,2015,17,395177,0,0,14,14,14,0,0,6
30,1,2015,18,395178,0,0,14,14,14,0,0,6
30,1,2015,19,395179,0,0,14,14,14,0,0,6
30,1,2015,20,395180,0,0,14,14,14,0,0,6
30,1,2015,21,395181,0,0,14,14,14,0,0,6
30,1,2015,22,395182,0,0,14,14,14,0,0,6
30,1,2015,23,395183,0,0,14,14,14,0,0,6
31,1,2015,0,395184,0,0,14,14,14,0,0,6
31,1,2015,1,395185,0,0,14,14,14,0,0,6
31,1,2015,2,395186,0,0,14,14,14,0,0,5
31,1,2015,3,395187,0,0,14,14,14,0,0,9
31,1,2015,4,395188,0,0,14,14,14,0,0,6
31,1,2015,5,395189,0,0,14,14,14,0,0,6
31,1,2015,6,395190,0,0,14,14,14,0,0,6
31,1,2015,7,395191,0,0,14,14,14,0,0,6
31,1,2015,8,395192,0,0,14,14,14,0,0,6
31,1,2015,9,395193,0,0,14,14,14,0,0,6
31,1,2015,10,395194,0,0,14,14,14,0,0,6
31,1,2015,11,395195,0,0,14,14,14,0,0,6
31,1,2015,12,395196,0,0,14,14,14,0,0,6
31,1,2015,13,395197,0,0,14,14,14,0,0,6
31,1,2015,14,395198,0,0,14,14,14,0,0,6
31,1,2015,15,395199,0,0,14,14,14,0,0,7
31,1,2015,16,395200,0,0,14,14,14,0,0,6
31,1,2015,17,395201,0,0,14,14,14,0,0,6
31,1,2015,18,395202,0,0,14,14,14,0,0,6
31,1,2015,19,395203,0,0,14,14,14,0,0,6
31,1,2015,20,395204,0,0,14,14,14,0,0,6
31,1,2015,21,395205,0,0,14,14,14,0,0,5
31,1,2015,22,395206,0,0,14,14,14,0,0,6
31,1,2015,23,395207,0,0,14,14,14,0,0,6
1,2,2015,0,395208,0,0,14,14,14,0,0,6
1,2,2015,1,395209,0,0,14,14,14,0,0,6
1,2,2015,2,395210,0,0,14,14,14,0,0,6
1,2,2015,3,395211,0,0,14,14,14,0,0,8
1,2,2015,4,395212,0,0,14,14,14,0,0,6
1,2,2015,5,395213,0,0,14,14,14,0,0,6
1,2,2015,6,395214,0,0,14,14,14,0,0,6
1,2,2015,7,395215,0,0,14,14,14,0,0,6
1,2,2015,8,395216,0,0,14,14,14,0,0,6
1,2,2015,9,395217,0,0,14,14,14,0,0,6
1,2,2015,10,395218,0,0,14,14,14,0,0,6
1,2,2015,11,395219,0,0,14,14,14,0,0,6
1,2,2015,12,395220,0,0,14,14,14,0,0,6
1,2,2015,13,395221,0,0,14,14,14,0,0,6
1,2,2015,14,395222,0,0,14,14,14,0,0,6
1,2,2015,15,395223,0,0,14,14,14,0,0,7
1,2,2015,16,395224,0,0,14,14,14,0,0,6
1,2,2015,17,395225,0,0,14,14,14,0,0,6
1,2,2015,18,395226,0,0,14,14,14,0,0,6
1,2,2015,19,395227,0,0,14,14,14,0,0,6
1,2,2015,20,395228,0,0,14,14,14,0,0,6
1,2,2015,21,395229,0,0,14,14,14,0,0,6
1,2,2015,22,395230,0,0,14,14,14,0,0,5
1,2,2015,23,395231,0,0,14,14,14,0,0,7
2,2,2015,0,395232,0,0,14,14,14,0,0,6
2,2,2015,1,395233,0,0,14,14,14,0,0,6
2,2,2015,2,395234,0,0,14,14,14,0,0,6
2,2,2015,3,395235,0,0,14,14,14,0,0,8
2,2,2015,4,395236,0,0,14,14,14,0,0,6
2,2,2015,5,395237,0,0,14,14,14,0,0,6
2,2,2015,6,395238,0,0,14,14,14,0,0,6
2,2,2015,7,395239,0,0,14,14,14,0,0,6
2,2,2015,8,395240,0,0,14,14,14,0,0,6
2,2,2015,9,395241,0,0,14,14,14,0,0,6
2,2,2015,10,395242,0,0,14,14,14,0,0,6
2,2,2015,11,395243,0,0,14,14,14,0,0,6
2,2,2015,12,395244,0,0,14,14,14,0,0,6
2,2,2015,13,395245,0,0,14,14,14,0,0,6
2,2,2015,14,395246,0,0,14,14,14,0,0,6
2,2,2015,15,395247,0,0,14,14,14,0,0,7
2,2,2015,16,395248,0,0,14,14,14,0,0,6
2,2,2015,17,395249,0,0,14,14,14,0,0,6
2,2,2015,18,395250,0,0,14,14,14,0,0,6
2,2,2015,19,395251,0,0,14,14,14,0,0,6
2,2,2015,20,395252,0,0,14,14,14,0,0,6
2,2,2015,21,395253,0,0,14,14,14,0,0,6
2,2,2015,22,395254,0,0,14,14,14,0,0,5
2,2,2015,23,395255,0,0,14,14,14,0,0,6
3,2,2015,0,395256,0,0,14,14,14,0,0,6
3,2,2015,1,395257,0,0,14,14,14,0,0,6
3,2,2015,2,395258,0,0,14,14,14,0,0,6
3,2,2015,3,395259,0,0,14,14,14,0,0,8
3,2,2015,4,395260,0,0,14,14,14,0,0,6
3,2,2015,5,395261,0,0,14,14,14,0,0,6
3,2,2015,6,395262,0,0,14,14,14,0,0,6
3,2,2015,7,395263,0,0,14,14,14,0,0,6
3,2,2015,8,395264,0,0,14,14,14,0,0,6
3,2,2015,9,395265,0,0,14,14,14,0,0,6
3,2,2015,10,395266,0,0,14,14,14,0,0,6
3,2,2015,11,395267,0,0,14,14,14,0,0,6
3,2,2015,12,395268,0,0,14,14,14,0,0,6
3,2,2015,13,395269,0,0,14,14,14,0,0,6
3,2,2015,14,395270,0,2,12,12.2857142857143,12,0,0,7
3,2,2015,15,395271,0,0,12,12,12,0,0,7
3,2,2015,16,395272,0,0,12,12,12,0,0,6
3,2,2015,17,395273,0,0,12,12,12,0,0,6
3,2,2015,18,395274,0,0,12,12,12,0,0,6
3,2,2015,19,395275,0,0,12,12,12,0,0,6
3,2,2015,20,395276,0,0,12,12,12,0,0,6
3,2,2015,21,395277,0,0,12,12,12,0,0,6
3,2,2015,22,395278,0,0,12,12,12,0,0,6
3,2,2015,23,395279,0,0,12,12,12,0,0,6
4,2,2015,0,395280,0,0,12,12,12,0,0,6
4,2,2015,1,395281,0,0,12,12,12,0,0,6
4,2,2015,2,395282,0,0,12,12,12,0,0,5
4,2,2015,3,395283,0,0,12,12,12,0,0,9
4,2,2015,4,395284,0,0,12,12,12,0,0,6
4,2,2015,5,395285,0,0,12,12,12,0,0,6
4,2,2015,6,395286,0,0,12,12,12,0,0,6
4,2,2015,7,395287,0,0,12,12,12,0,0,6
4,2,2015,8,395288,0,0,12,12,12,0,0,6
4,2,2015,9,395289,0,0,12,12,12,0,0,6
4,2,2015,10,395290,0,0,12,12,12,0,0,6
4,2,2015,11,395291,0,0,12,12,12,0,0,6
4,2,2015,12,395292,0,0,12,12,12,0,0,6
4,2,2015,13,395293,0,0,12,12,12,0,0,6
4,2,2015,14,395294,0,0,12,12,12,0,0,5
4,2,2015,15,395295,0,0,12,12,12,0,0,8
4,2,2015,16,395296,0,0,12,12,12,0,0,6
4,2,2015,17,395297,0,0,12,12,12,0,0,6
4,2,2015,18,395298,0,0,12,12,12,0,0,6
4,2,2015,19,395299,0,0,12,12,12,0,0,6
4,2,2015,20,395300,0,0,12,12,12,0,0,6
4,2,2015,21,395301,0,0,12,12,12,0,0,6
4,2,2015,22,395302,0,0,12,12,12,0,0,6
4,2,2015,23,395303,0,0,12,12,12,0,0,6
5,2,2015,0,395304,0,0,12,12,12,0,0,6
5,2,2015,1,395305,0,0,12,12,12,0,0,6
5,2,2015,2,395306,0,0,12,12,12,0,0,5
5,2,2015,3,395307,0,0,12,12,12,0,0,10
5,2,2015,4,395308,0,0,12,12,12,0,0,6
5,2,2015,5,395309,0,0,12,12,12,0,0,6
5,2,2015,6,395310,0,0,12,12,12,0,0,6
5,2,2015,7,395311,0,0,12,12,12,0,0,6
5,2,2015,8,395312,0,0,12,12,12,0,0,6
5,2,2015,9,395313,0,0,12,12,12,0,0,6
5,2,2015,10,395314,0,0,12,12,12,0,0,5
5,2,2015,11,395315,0,0,12,12,12,0,0,6
5,2,2015,12,395316,0,0,12,12,12,0,0,6
5,2,2015,13,395317,0,0,12,12,12,0,0,6
5,2,2015,14,395318,0,1,12,11.75,11,0,0,8
5,2,2015,15,395319,0,0,11,11,11,0,0,7
5,2,2015,16,395320,0,0,11,11,11,0,0,6
5,2,2015,17,395321,0,0,11,11,11,0,0,6
5,2,2015,18,395322,0,0,11,11,11,0,0,6
5,2,2015,19,395323,0,0,11,11,11,0,0,6
5,2,2015,20,395324,0,0,11,11,11,0,0,6
5,2,2015,21,395325,0,0,11,11,11,0,0,6
5,2,2015,22,395326,0,0,11,11,11,0,0,6
5,2,2015,23,395327,0,0,11,11,11,0,0,5
6,2,2015,0,395328,0,0,11,11,11,0,0,6
6,2,2015,1,395329,0,0,11,11,11,0,0,6
6,2,2015,2,395330,0,0,11,11,11,0,0,6
6,2,2015,3,395331,0,0,11,11,11,0,0,7
6,2,2015,4,395332,0,0,11,11,11,0,0,6
6,2,2015,5,395333,0,0,11,11,11,0,0,6
6,2,2015,6,395334,0,0,11,11,11,0,0,6
6,2,2015,7,395335,0,0,11,11,11,0,0,6
6,2,2015,8,395336,0,0,11,11,11,0,0,6
6,2,2015,9,395337,0,0,11,11,11,0,0,6
6,2,2015,10,395338,0,0,11,11,11,0,0,6
6,2,2015,11,395339,0,0,11,11,11,0,0,6
6,2,2015,12,395340,0,0,11,11,11,0,0,6
6,2,2015,13,395341,0,0,11,11,11,0,0,6
6,2,2015,14,395342,0,0,11,11,11,0,0,6
6,2,2015,15,395343,0,0,11,11,11,0,0,7
6,2,2015,16,395344,0,0,11,11,11,0,0,6
6,2,2015,17,395345,0,0,11,11,11,0,0,6
6,2,2015,18,395346,0,0,11,11,11,0,0,6
6,2,2015,19,395347,0,0,11,11,11,0,0,6
6,2,2015,20,395348,0,0,11,11,11,0,0,6
6,2,2015,21,395349,0,0,11,11,11,0,0,6
6,2,2015,22,395350,0,0,11,11,11,0,0,6
6,2,2015,23,395351,0,0,11,11,11,0,0,6
7,2,2015,0,395352,0,0,11,11,11,0,0,6
7,2,2015,1,395353,0,0,11,11,11,0,0,6
7,2,2015,2,395354,0,0,11,11,11,0,0,5
7,2,2015,3,395355,0,0,11,11,11,0,0,9
7,2,2015,4,395356,0,0,11,11,11,0,0,6
7,2,2015,5,395357,0,0,11,11,11,0,0,6
7,2,2015,6,395358,0,0,11,11,11,0,0,6
7,2,2015,7,395359,0,0,11,11,11,0,0,6
7,2,2015,8,395360,0,0,11,11,11,0,0,6
7,2,2015,9,395361,0,0,11,11,11,0,0,6
7,2,2015,10,395362,0,0,11,11,11,0,0,6
7,2,2015,11,395363,0,0,11,11,11,0,0,6
7,2,2015,12,395364,0,0,11,11,11,0,0,6
7,2,2015,13,395365,0,0,11,11,11,0,0,6
7,2,2015,14,395366,0,0,11,11,11,0,0,5
7,2,2015,15,395367,0,0,11,11,11,0,0,8
7,2,2015,16,395368,0,0,11,11,11,0,0,6
7,2,2015,17,395369,0,0,11,11,11,0,0,6
7,2,2015,18,395370,0,0,11,11,11,0,0,6
7,2,2015,19,395371,0,0,11,11,11,0,0,6
7,2,2015,20,395372,0,0,11,11,11,0,0,6
7,2,2015,21,395373,0,0,11,11,11,0,0,6
7,2,2015,22,395374,0,0,11,11,11,0,0,5
7,2,2015,23,395375,0,0,11,11,11,0,0,6
8,2,2015,0,395376,0,0,11,11,11,0,0,6
8,2,2015,1,395377,0,0,11,11,11,0,0,6
8,2,2015,2,395378,0,0,11,11,11,0,0,6
8,2,2015,3,395379,0,0,11,11,11,0,0,7
8,2,2015,4,395380,0,0,11,11,11,0,0,6
8,2,2015,5,395381,0,0,11,11,11,0,0,6
8,2,2015,6,395382,0,0,11,11,11,0,0,6
8,2,2015,7,395383,0,0,11,11,11,0,0,6
8,2,2015,8,395384,0,0,11,11,11,0,0,6
8,2,2015,9,395385,0,0,11,11,11,0,0,6
8,2,2015,10,395386,0,0,11,11,11,0,0,6
8,2,2015,11,395387,0,0,11,11,11,0,0,6
8,2,2015,12,395388,0,0,11,11,11,0,0,6
8,2,2015,13,395389,0,0,11,11,11,0,0,6
8,2,2015,14,395390,0,0,11,11,11,0,0,6
8,2,2015,15,395391,0,0,11,11,11,0,0,7
8,2,2015,16,395392,0,0,11,11,11,0,0,6
8,2,2015,17,395393,2,0,11,11.4285714285714,13,0,0,7
8,2,2015,18,395394,0,0,13,13,13,0,0,6
8,2,2015,19,395395,0,2,12,12,11,0,0,7
8,2,2015,20,395396,0,0,11,11,11,0,0,6
8,2,2015,21,395397,0,0,11,11,11,0,0,6
8,2,2015,22,395398,0,0,11,11,11,0,0,6
8,2,2015,23,395399,0,0,11,11,11,0,0,6
9,2,2015,0,395400,0,0,11,11,11,0,0,6
9,2,2015,1,395401,0,0,11,11,11,0,0,6
9,2,2015,2,395402,0,0,11,11,11,0,0,6
9,2,2015,3,395403,0,0,11,11,11,0,0,8
9,2,2015,4,395404,0,0,11,11,11,0,0,6
9,2,2015,5,395405,0,0,11,11,11,0,0,6
9,2,2015,6,395406,0,0,11,11,11,0,0,6
9,2,2015,7,395407,0,0,11,11,11,0,0,6
9,2,2015,8,395408,0,0,11,11,11,0,0,6
9,2,2015,9,395409,0,0,11,11,11,0,0,6
9,2,2015,10,395410,0,0,11,11,11,0,0,6
9,2,2015,11,395411,2,0,13,12.4285714285714,13,0,0,7
9,2,2015,12,395412,0,2,11,11.8571428571429,11,0,0,7
9,2,2015,13,395413,0,0,11,11,11,0,0,6
9,2,2015,14,395414,0,0,11,11,11,0,0,6
9,2,2015,15,395415,0,0,11,11,11,0,0,7
9,2,2015,16,395416,0,0,11,11,11,0,0,6
9,2,2015,17,395417,0,0,11,11,11,0,0,6
9,2,2015,18,395418,0,0,11,11,11,0,0,6
9,2,2015,19,395419,0,0,11,11,11,0,0,6
9,2,2015,20,395420,0,0,11,11,11,0,0,6
9,2,2015,21,395421,0,0,11,11,11,0,0,6
9,2,2015,22,395422,0,0,11,11,11,0,0,5
9,2,2015,23,395423,0,0,11,11,11,0,0,6
10,2,2015,0,395424,0,0,11,11,11,0,0,6
10,2,2015,1,395425,0,0,11,11,11,0,0,7
10,2,2015,2,395426,0,0,11,11,11,0,0,6
10,2,2015,3,395427,0,0,11,11,11,0,0,7
10,2,2015,4,395428,0,0,11,11,11,0,0,6
10,2,2015,5,395429,0,0,11,11,11,0,0,6
10,2,2015,6,395430,0,0,11,11,11,0,0,6
10,2,2015,7,395431,0,0,11,11,11,0,0,6
10,2,2015,8,395432,0,0,11,11,11,0,0,6
10,2,2015,9,395433,0,0,11,11,11,0,0,6
10,2,2015,10,395434,0,0,11,11,11,0,0,6
10,2,2015,11,395435,0,0,11,11,11,0,0,6
10,2,2015,12,395436,0,0,11,11,11,0,0,5
10,2,2015,13,395437,0,0,11,11,11,0,0,6
10,2,2015,14,395438,0,0,11,11,11,0,0,6
10,2,2015,15,395439,0,0,11,11,11,0,0,8
10,2,2015,16,395440,0,0,11,11,11,0,0,6
10,2,2015,17,395441,0,0,11,11,11,0,0,6
10,2,2015,18,395442,0,0,11,11,11,0,0,6
10,2,2015,19,395443,0,0,11,11,11,0,0,6
10,2,2015,20,395444,0,0,11,11,11,0,0,6
10,2,2015,21,395445,0,0,11,11,11,0,0,6
10,2,2015,22,395446,0,0,11,11,11,0,0,6
10,2,2015,23,395447,0,0,11,11,11,0,0,5
11,2,2015,0,395448,0,0,11,11,11,0,0,6
11,2,2015,1,395449,0,0,11,11,11,0,0,7
11,2,2015,2,395450,0,0,11,11,11,0,0,6
11,2,2015,3,395451,0,0,11,11,11,0,0,8
11,2,2015,4,395452,0,0,11,11,11,0,0,6
11,2,2015,5,395453,0,0,11,11,11,0,0,6
11,2,2015,6,395454,0,0,11,11,11,0,0,6
11,2,2015,7,395455,0,0,11,11,11,0,0,6
11,2,2015,8,395456,0,0,11,11,11,0,0,6
11,2,2015,9,395457,0,0,11,11,11,0,0,6
11,2,2015,10,395458,0,0,11,11,11,0,0,6
11,2,2015,11,395459,0,0,11,11,11,0,0,6
11,2,2015,12,395460,0,0,11,11,11,0,0,6
11,2,2015,13,395461,0,0,11,11,11,0,0,6
11,2,2015,14,395462,0,0,11,11,11,0,0,6
11,2,2015,15,395463,0,0,11,11,11,0,0,7
11,2,2015,16,395464,0,0,11,11,11,0,0,6
11,2,2015,17,395465,0,0,11,11,11,0,0,6
11,2,2015,18,395466,0,0,11,11,11,0,0,6
11,2,2015,19,395467,0,0,11,11,11,0,0,6
11,2,2015,20,395468,0,0,11,11,11,0,0,6
11,2,2015,21,395469,0,0,11,11,11,0,0,6
11,2,2015,22,395470,0,0,11,11,11,0,0,6
11,2,2015,23,395471,0,0,11,11,11,0,0,5
12,2,2015,0,395472,0,0,11,11,11,0,0,6
12,2,2015,1,395473,0,0,11,11,11,0,0,6
12,2,2015,2,395474,0,0,11,11,11,0,0,6
12,2,2015,3,395475,0,0,11,11,11,0,0,9
12,2,2015,4,395476,0,0,11,11,11,0,0,5
12,2,2015,5,395477,0,0,11,11,11,0,0,6
12,2,2015,6,395478,0,0,11,11,11,0,0,6
12,2,2015,7,395479,0,0,11,11,11,0,0,6
12,2,2015,8,395480,0,0,11,11,11,0,0,6
12,2,2015,9,395481,0,0,11,11,11,0,0,6
12,2,2015,10,395482,0,0,11,11,11,0,0,6
12,2,2015,11,395483,0,0,11,11,11,0,0,6
12,2,2015,12,395484,0,0,11,11,11,0,0,6
12,2,2015,13,395485,0,0,11,11,11,0,0,7
12,2,2015,14,395486,0,0,11,11,11,0,0,6
12,2,2015,15,395487,0,0,11,11,11,0,0,8
12,2,2015,16,395488,0,0,11,11,11,0,0,6
12,2,2015,17,395489,0,0,11,11,11,0,0,6
12,2,2015,18,395490,0,0,11,11,11,0,0,6
12,2,2015,19,395491,0,0,11,11,11,0,0,5
12,2,2015,20,395492,0,0,11,11,11,0,0,6
12,2,2015,21,395493,0,0,11,11,11,0,0,6
12,2,2015,22,395494,0,0,11,11,11,0,0,6
12,2,2015,23,395495,0,0,11,11,11,0,0,6
13,2,2015,0,395496,0,0,11,11,11,0,0,6
13,2,2015,1,395497,0,0,11,11,11,0,0,6
13,2,2015,2,395498,0,0,11,11,11,0,0,6
13,2,2015,3,395499,0,0,11,11,11,0,0,8
13,2,2015,4,395500,0,0,11,11,11,0,0,6
13,2,2015,5,395501,0,0,11,11,11,0,0,6
13,2,2015,6,395502,0,0,11,11,11,0,0,6
13,2,2015,7,395503,0,0,11,11,11,0,0,6
13,2,2015,8,395504,0,0,11,11,11,0,0,6
13,2,2015,9,395505,0,0,11,11,11,0,0,6
13,2,2015,10,395506,0,0,11,11,11,0,0,6
13,2,2015,11,395507,0,0,11,11,11,0,0,6
13,2,2015,12,395508,0,0,11,11,11,0,0,6
13,2,2015,13,395509,0,0,11,11,11,0,0,6
13,2,2015,14,395510,0,0,11,11,11,0,0,6
13,2,2015,15,395511,0,0,11,11,11,0,0,7
13,2,2015,16,395512,0,0,11,11,11,0,0,6
13,2,2015,17,395513,0,0,11,11,11,0,0,6
13,2,2015,18,395514,0,0,11,11,11,0,0,6
13,2,2015,19,395515,0,0,11,11,11,0,0,6
13,2,2015,20,395516,0,0,11,11,11,0,0,6
13,2,2015,21,395517,0,0,11,11,11,0,0,6
13,2,2015,22,395518,0,0,11,11,11,0,0,5
13,2,2015,23,395519,0,0,11,11,11,0,0,6
14,2,2015,0,395520,0,0,11,11,11,0,0,6
14,2,2015,1,395521,0,0,11,11,11,0,0,6
14,2,2015,2,395522,0,0,11,11,11,0,0,6
14,2,2015,3,395523,0,0,11,11,11,0,0,8
14,2,2015,4,395524,0,0,11,11,11,0,0,6
14,2,2015,5,395525,0,0,11,11,11,0,0,6
14,2,2015,6,395526,0,0,11,11,11,0,0,6
14,2,2015,7,395527,0,0,11,11,11,0,0,5
14,2,2015,8,395528,0,0,11,11,11,0,0,6
14,2,2015,9,395529,0,0,11,11,11,0,0,6
14,2,2015,10,395530,0,0,11,11,11,0,0,6
14,2,2015,11,395531,0,0,11,11,11,0,0,6
14,2,2015,12,395532,0,0,11,11,11,0,0,6
14,2,2015,13,395533,0,0,11,11,11,0,0,6
14,2,2015,14,395534,0,0,11,11,11,0,0,6
14,2,2015,15,395535,0,0,11,11,11,0,0,7
14,2,2015,16,395536,0,0,11,11,11,0,0,6
14,2,2015,17,395537,0,0,11,11,11,0,0,6
14,2,2015,18,395538,0,0,11,11,11,0,0,6
14,2,2015,19,395539,0,0,11,11,11,0,0,6
14,2,2015,20,395540,0,0,11,11,11,0,0,6
14,2,2015,21,395541,0,0,11,11,11,0,0,6
14,2,2015,22,395542,0,0,11,11,11,0,0,5
14,2,2015,23,395543,0,0,11,11,11,0,0,6
15,2,2015,0,395544,0,0,11,11,11,0,0,6
15,2,2015,1,395545,0,0,11,11,11,0,0,6
15,2,2015,2,395546,0,0,11,11,11,0,0,6
15,2,2015,3,395547,0,0,11,11,11,0,0,8
15,2,2015,4,395548,0,0,11,11,11,0,0,6
15,2,2015,5,395549,0,0,11,11,11,0,0,6
15,2,2015,6,395550,0,0,11,11,11,0,0,6
15,2,2015,7,395551,0,0,11,11,11,0,0,6
15,2,2015,8,395552,0,0,11,11,11,0,0,6
15,2,2015,9,395553,0,0,11,11,11,0,0,6
15,2,2015,10,395554,0,0,11,11,11,0,0,6
15,2,2015,11,395555,0,0,11,11,11,0,0,6
15,2,2015,12,395556,0,0,11,11,11,0,0,6
15,2,2015,13,395557,0,0,11,11,11,0,0,6
15,2,2015,14,395558,0,0,11,11,11,0,0,6
15,2,2015,15,395559,0,0,11,11,11,0,0,7
15,2,2015,16,395560,0,0,11,11,11,0,0,6
15,2,2015,17,395561,0,0,11,11,11,0,0,6
15,2,2015,18,395562,0,0,11,11,11,0,0,6
15,2,2015,19,395563,0,0,11,11,11,0,0,6
15,2,2015,20,395564,0,0,11,11,11,0,0,6
15,2,2015,21,395565,0,0,11,11,11,0,0,6
15,2,2015,22,395566,0,0,11,11,11,0,0,5
15,2,2015,23,395567,0,0,11,11,11,0,0,6
16,2,2015,0,395568,0,0,11,11,11,0,0,6
16,2,2015,1,395569,0,0,11,11,11,0,0,6
16,2,2015,2,395570,0,0,11,11,11,0,0,6
16,2,2015,3,395571,0,0,11,11,11,0,0,7
16,2,2015,4,395572,0,0,11,11,11,0,0,6
16,2,2015,5,395573,0,0,11,11,11,0,0,6
16,2,2015,6,395574,0,0,11,11,11,0,0,6
16,2,2015,7,395575,0,0,11,11,11,0,0,6
16,2,2015,8,395576,0,0,11,11,11,0,0,6
16,2,2015,9,395577,0,0,11,11,11,0,0,6
16,2,2015,10,395578,0,0,11,11,11,0,0,6
16,2,2015,11,395579,0,0,11,11,11,0,0,5
16,2,2015,12,395580,0,0,11,11,11,0,0,6
16,2,2015,13,395581,0,0,11,11,11,0,0,6
16,2,2015,14,395582,0,0,11,11,11,0,0,6
16,2,2015,15,395583,0,0,11,11,11,0,0,8
16,2,2015,16,395584,1,0,11.5,11.5,12,0,0,6
16,2,2015,17,395585,0,0,12,12,12,0,0,6
16,2,2015,18,395586,0,0,12,12,12,0,0,6
16,2,2015,19,395587,0,0,12,12,12,0,0,6
16,2,2015,20,395588,0,0,12,12,12,0,0,6
16,2,2015,21,395589,0,0,12,12,12,0,0,6
16,2,2015,22,395590,0,0,12,12,12,0,0,6
16,2,2015,23,395591,0,0,12,12,12,0,0,6
17,2,2015,0,395592,0,0,12,12,12,0,0,6
17,2,2015,1,395593,0,0,12,12,12,0,0,6
17,2,2015,2,395594,0,0,12,12,12,0,0,5
17,2,2015,3,395595,0,0,12,12,12,0,0,8
17,2,2015,4,395596,0,0,12,12,12,0,0,6
17,2,2015,5,395597,0,0,12,12,12,0,0,6
17,2,2015,6,395598,0,0,12,12,12,0,0,6
17,2,2015,7,395599,0,0,12,12,12,0,0,6
17,2,2015,8,395600,0,0,12,12,12,0,0,6
17,2,2015,9,395601,0,0,12,12,12,0,0,6
17,2,2015,10,395602,0,0,12,12,12,0,0,6
17,2,2015,11,395603,0,0,12,12,12,0,0,5
17,2,2015,12,395604,0,0,12,12,12,0,0,6
17,2,2015,13,395605,0,0,12,12,12,0,0,6
17,2,2015,14,395606,0,0,12,12,12,0,0,6
17,2,2015,15,395607,0,0,12,12,12,0,0,8
17,2,2015,16,395608,0,0,12,12,12,0,0,6
17,2,2015,17,395609,0,0,12,12,12,0,0,6
17,2,2015,18,395610,0,0,12,12,12,0,0,6
17,2,2015,19,395611,0,0,12,12,12,0,0,6
17,2,2015,20,395612,0,0,12,12,12,0,0,6
17,2,2015,21,395613,0,0,12,12,12,0,0,6
17,2,2015,22,395614,0,0,12,12,12,0,0,5
17,2,2015,23,395615,0,0,12,12,12,0,0,6
18,2,2015,0,395616,0,0,12,12,12,0,0,6
18,2,2015,1,395617,0,0,12,12,12,0,0,6
18,2,2015,2,395618,0,0,12,12,12,0,0,6
18,2,2015,3,395619,0,0,12,12,12,0,0,7
18,2,2015,4,395620,0,0,12,12,12,0,0,6
18,2,2015,5,395621,0,0,12,12,12,0,0,6
18,2,2015,6,395622,0,0,12,12,12,0,0,6
18,2,2015,7,395623,0,0,12,12,12,0,0,6
18,2,2015,8,395624,0,0,12,12,12,0,0,6
18,2,2015,9,395625,0,0,12,12,12,0,0,6
18,2,2015,10,395626,0,0,12,12,12,0,0,6
18,2,2015,11,395627,1,0,13,12.6666666666667,13,0,0,6
18,2,2015,12,395628,1,0,14,13.8571428571429,14,0,0,7
18,2,2015,13,395629,0,0,14,14,14,0,0,6
18,2,2015,14,395630,0,0,14,14,14,0,0,6
18,2,2015,15,395631,0,0,14,14,14,0,0,7
18,2,2015,16,395632,0,0,14,14,14,0,0,6
18,2,2015,17,395633,0,0,14,14,14,0,0,6
18,2,2015,18,395634,0,0,14,14,14,0,0,6
18,2,2015,19,395635,0,0,14,14,14,0,0,6
18,2,2015,20,395636,0,0,14,14,14,0,0,6
18,2,2015,21,395637,0,0,14,14,14,0,0,6
18,2,2015,22,395638,0,0,14,14,14,0,0,5
18,2,2015,23,395639,0,0,14,14,14,0,0,6
19,2,2015,0,395640,0,0,14,14,14,0,0,6
19,2,2015,1,395641,0,0,14,14,14,0,0,6
19,2,2015,2,395642,0,0,14,14,14,0,0,6
19,2,2015,3,395643,0,0,14,14,14,0,0,7
19,2,2015,4,395644,0,0,14,14,14,0,0,6
19,2,2015,5,395645,0,0,14,14,14,0,0,6
19,2,2015,6,395646,0,0,14,14,14,0,0,6
19,2,2015,7,395647,0,0,14,14,14,0,0,6
19,2,2015,8,395648,0,0,14,14,14,0,0,1
20,2,2015,3,395667,0,0,14,14,14,0,0,7
20,2,2015,4,395668,0,0,14,14,14,0,0,6
20,2,2015,5,395669,0,0,14,14,14,0,0,6
20,2,2015,6,395670,0,0,14,14,14,0,0,6
20,2,2015,7,395671,0,0,14,14,14,0,0,6
20,2,2015,8,395672,0,0,14,14,14,0,0,6
20,2,2015,9,395673,0,0,14,14,14,0,0,6
20,2,2015,10,395674,0,1,14,13.5714285714286,13,0,0,7
20,2,2015,11,395675,0,0,13,13,13,0,0,6
20,2,2015,12,395676,0,0,13,13,13,0,0,6
20,2,2015,13,395677,0,0,13,13,13,0,0,6
20,2,2015,14,395678,0,0,13,13,13,0,0,6
20,2,2015,15,395679,0,0,13,13,13,0,0,7
20,2,2015,16,395680,0,0,13,13,13,0,0,6
20,2,2015,17,395681,0,0,13,13,13,0,0,6
20,2,2015,18,395682,1,1,13,12.75,13,0,0,8
20,2,2015,19,395683,0,0,13,13,13,0,0,5
20,2,2015,20,395684,0,0,13,13,13,0,0,6
20,2,2015,21,395685,0,0,13,13,13,0,0,6
20,2,2015,22,395686,0,0,13,13,13,0,0,6
20,2,2015,23,395687,0,0,13,13,13,0,0,6
21,2,2015,0,395688,0,0,13,13,13,0,0,6
21,2,2015,1,395689,0,0,13,13,13,0,0,6
21,2,2015,2,395690,0,0,13,13,13,0,0,6
21,2,2015,3,395691,0,0,13,13,13,0,0,7
21,2,2015,4,395692,0,0,13,13,13,0,0,6
21,2,2015,5,395693,0,0,13,13,13,0,0,6
21,2,2015,6,395694,0,0,13,13,13,0,0,6
21,2,2015,7,395695,0,0,13,13,13,0,0,6
21,2,2015,8,395696,0,0,13,13,13,0,0,6
21,2,2015,9,395697,0,0,13,13,13,0,0,6
21,2,2015,10,395698,0,0,13,13,13,0,0,6
21,2,2015,11,395699,2,2,13,13.6,13,0,0,10
21,2,2015,12,395700,0,0,13,13,13,0,0,6
21,2,2015,13,395701,0,0,13,13,13,0,0,6
21,2,2015,14,395702,0,0,13,13,13,0,0,6
21,2,2015,15,395703,0,0,13,13,13,0,0,7
21,2,2015,16,395704,0,0,13,13,13,0,0,6
21,2,2015,17,395705,0,0,13,13,13,0,0,6
21,2,2015,18,395706,0,0,13,13,13,0,0,6
21,2,2015,19,395707,0,0,13,13,13,0,0,6
21,2,2015,20,395708,0,0,13,13,13,0,0,6
21,2,2015,21,395709,0,0,13,13,13,0,0,6
21,2,2015,22,395710,0,0,13,13,13,0,0,5
21,2,2015,23,395711,0,0,13,13,13,0,0,6
22,2,2015,0,395712,0,0,13,13,13,0,0,6
22,2,2015,1,395713,0,0,13,13,13,0,0,6
22,2,2015,2,395714,0,0,13,13,13,0,0,6
22,2,2015,3,395715,0,0,13,13,13,0,0,7
22,2,2015,4,395716,0,0,13,13,13,0,0,6
22,2,2015,5,395717,0,0,13,13,13,0,0,6
22,2,2015,6,395718,0,0,13,13,13,0,0,6
22,2,2015,7,395719,0,0,13,13,13,0,0,6
22,2,2015,8,395720,1,0,13,13.1666666666667,14,0,0,6
22,2,2015,9,395721,0,0,14,14,14,0,0,6
22,2,2015,10,395722,0,0,14,14,14,0,0,6
22,2,2015,11,395723,0,0,14,14,14,0,0,6
22,2,2015,12,395724,0,0,14,14,14,0,0,6
22,2,2015,13,395725,0,0,14,14,14,0,0,6
22,2,2015,14,395726,0,0,14,14,14,0,0,6
22,2,2015,15,395727,0,0,14,14,14,0,0,7
22,2,2015,16,395728,0,0,14,14,14,0,0,6
22,2,2015,17,395729,0,0,14,14,14,0,0,6
22,2,2015,18,395730,0,0,14,14,14,0,0,6
22,2,2015,19,395731,0,0,14,14,14,0,0,6
22,2,2015,20,395732,0,0,14,14,14,0,0,6
22,2,2015,21,395733,0,0,14,14,14,0,0,6
22,2,2015,22,395734,0,0,14,14,14,0,0,5
22,2,2015,23,395735,0,0,14,14,14,0,0,6
23,2,2015,0,395736,0,0,14,14,14,0,0,6
23,2,2015,1,395737,0,0,14,14,14,0,0,6
23,2,2015,2,395738,0,0,14,14,14,0,0,6
23,2,2015,3,395739,0,0,14,14,14,0,0,7
23,2,2015,4,395740,0,0,14,14,14,0,0,6
23,2,2015,5,395741,0,0,14,14,14,0,0,6
23,2,2015,6,395742,0,0,14,14,14,0,0,6
23,2,2015,7,395743,0,0,14,14,14,0,0,6
23,2,2015,8,395744,0,0,14,14,14,0,0,6
23,2,2015,9,395745,0,0,14,14,14,0,0,6
23,2,2015,10,395746,0,0,14,14,14,0,0,6
23,2,2015,11,395747,0,0,14,14,14,0,0,6
23,2,2015,12,395748,0,4,12,11.8571428571429,10,0,0,7
23,2,2015,13,395749,0,0,10,10,10,0,0,6
23,2,2015,14,395750,0,0,10,10,10,0,0,6
23,2,2015,15,395751,0,0,10,10,10,0,0,8
23,2,2015,16,395752,0,0,10,10,10,0,0,6
23,2,2015,17,395753,0,0,10,10,10,0,0,6
23,2,2015,18,395754,0,0,10,10,10,0,0,6
23,2,2015,19,395755,0,0,10,10,10,0,0,6
23,2,2015,20,395756,0,0,10,10,10,0,0,6
23,2,2015,21,395757,0,0,10,10,10,0,0,6
23,2,2015,22,395758,0,0,10,10,10,0,0,6
23,2,2015,23,395759,0,0,10,10,10,0,0,5
24,2,2015,0,395760,0,0,10,10,10,0,0,6
24,2,2015,1,395761,0,0,10,10,10,0,0,6
24,2,2015,2,395762,0,0,10,10,10,0,0,6
24,2,2015,3,395763,0,0,10,10,10,0,0,7
24,2,2015,4,395764,0,0,10,10,10,0,0,6
24,2,2015,5,395765,0,0,10,10,10,0,0,6
24,2,2015,6,395766,0,0,10,10,10,0,0,6
24,2,2015,7,395767,0,0,10,10,10,0,0,6
24,2,2015,8,395768,0,0,10,10,10,0,0,6
24,2,2015,9,395769,0,0,10,10,10,0,0,6
24,2,2015,10,395770,0,0,10,10,10,0,0,6
24,2,2015,11,395771,3,3,10,10.7142857142857,10,0,0,7
24,2,2015,12,395772,0,0,10,10,10,0,0,6
24,2,2015,13,395773,0,0,10,10,10,0,0,6
24,2,2015,14,395774,0,0,10,10,10,0,0,8
24,2,2015,15,395775,0,0,10,10,10,0,0,7
24,2,2015,16,395776,0,0,10,10,10,0,0,6
24,2,2015,17,395777,0,0,10,10,10,0,0,5
24,2,2015,18,395778,0,0,10,10,10,0,0,6
24,2,2015,19,395779,0,0,10,10,10,0,0,6
24,2,2015,20,395780,0,0,10,10,10,0,0,6
24,2,2015,21,395781,0,0,10,10,10,0,0,6
24,2,2015,22,395782,0,0,10,10,10,0,0,6
24,2,2015,23,395783,0,0,10,10,10,0,0,6
25,2,2015,0,395784,0,0,10,10,10,0,0,5
25,2,2015,1,395785,0,0,10,10,10,0,0,6
25,2,2015,2,395786,0,0,10,10,10,0,0,6
25,2,2015,3,395787,0,0,10,10,10,0,0,7
25,2,2015,4,395788,0,0,10,10,10,0,0,6
25,2,2015,5,395789,0,0,10,10,10,0,0,6
25,2,2015,6,395790,0,0,10,10,10,0,0,6
25,2,2015,7,395791,0,0,10,10,10,0,0,6
25,2,2015,8,395792,0,0,10,10,10,0,0,6
25,2,2015,9,395793,0,0,10,10,10,0,0,6
25,2,2015,10,395794,0,0,10,10,10,0,0,6
25,2,2015,11,395795,1,0,11,10.6666666666667,11,0,0,6
25,2,2015,12,395796,0,1,11,10.6666666666667,10,0,0,6
25,2,2015,13,395797,0,0,10,10,10,0,0,6
25,2,2015,14,395798,1,0,10,10.1428571428571,11,0,0,7
25,2,2015,15,395799,0,0,11,11,11,0,0,7
25,2,2015,16,395800,0,0,11,11,11,0,0,6
25,2,2015,17,395801,0,0,11,11,11,0,0,6
25,2,2015,18,395802,0,0,11,11,11,0,0,6
25,2,2015,19,395803,0,0,11,11,11,0,0,6
25,2,2015,20,395804,0,0,11,11,11,0,0,6
25,2,2015,21,395805,0,0,11,11,11,0,0,6
25,2,2015,22,395806,0,0,11,11,11,0,0,6
25,2,2015,23,395807,0,0,11,11,11,0,0,6
26,2,2015,0,395808,0,0,11,11,11,0,0,5
26,2,2015,1,395809,0,0,11,11,11,0,0,7
26,2,2015,2,395810,0,0,11,11,11,0,0,6
26,2,2015,3,395811,0,0,11,11,11,0,0,9
26,2,2015,4,395812,0,0,11,11,11,0,0,6
26,2,2015,5,395813,0,0,11,11,11,0,0,6
26,2,2015,6,395814,0,0,11,11,11,0,0,6
26,2,2015,7,395815,1,0,11,11.1428571428571,12,0,0,7
26,2,2015,8,395816,0,0,12,12,12,0,0,6
26,2,2015,9,395817,0,0,12,12,12,0,0,6
26,2,2015,10,395818,0,0,12,12,12,0,0,6
26,2,2015,11,395819,0,0,12,12,12,0,0,6
26,2,2015,12,395820,0,0,12,12,12,0,0,6
26,2,2015,13,395821,0,0,12,12,12,0,0,6
26,2,2015,14,395822,0,0,12,12,12,0,0,6
26,2,2015,15,395823,0,0,12,12,12,0,0,8
26,2,2015,16,395824,0,0,12,12,12,0,0,6
26,2,2015,17,395825,0,0,12,12,12,0,0,6
26,2,2015,18,395826,0,0,12,12,12,0,0,6
26,2,2015,19,395827,0,0,12,12,12,0,0,6
26,2,2015,20,395828,0,0,12,12,12,0,0,6
26,2,2015,21,395829,0,0,12,12,12,0,0,5
26,2,2015,22,395830,0,0,12,12,12,0,0,6
26,2,2015,23,395831,0,0,12,12,12,0,0,6
27,2,2015,0,395832,0,0,12,12,12,0,0,6
27,2,2015,1,395833,0,0,12,12,12,0,0,6
27,2,2015,2,395834,0,0,12,12,12,0,0,6
27,2,2015,3,395835,0,0,12,12,12,0,0,8
27,2,2015,4,395836,0,0,12,12,12,0,0,6
27,2,2015,5,395837,0,0,12,12,12,0,0,6
27,2,2015,6,395838,0,0,12,12,12,0,0,6
27,2,2015,7,395839,0,0,12,12,12,0,0,6
27,2,2015,8,395840,0,0,12,12,12,0,0,6
27,2,2015,9,395841,0,0,12,12,12,0,0,6
27,2,2015,10,395842,0,0,12,12,12,0,0,6
27,2,2015,11,395843,0,0,12,12,12,0,0,6
27,2,2015,12,395844,0,0,12,12,12,0,0,5
27,2,2015,13,395845,0,0,12,12,12,0,0,6
27,2,2015,14,395846,0,0,12,12,12,0,0,6
27,2,2015,15,395847,0,0,12,12,12,0,0,8
27,2,2015,16,395848,0,0,12,12,12,0,0,6
27,2,2015,17,395849,0,0,12,12,12,0,0,6
27,2,2015,18,395850,0,0,12,12,12,0,0,6
27,2,2015,19,395851,0,0,12,12,12,0,0,6
27,2,2015,20,395852,0,0,12,12,12,0,0,6
27,2,2015,21,395853,0,0,12,12,12,0,0,6
27,2,2015,22,395854,0,0,12,12,12,0,0,6
27,2,2015,23,395855,0,0,12,12,12,0,0,5
28,2,2015,0,395856,0,0,12,12,12,0,0,6
28,2,2015,1,395857,0,0,12,12,12,0,0,6
28,2,2015,2,395858,0,0,12,12,12,0,0,6
28,2,2015,3,395859,0,0,12,12,12,0,0,9
28,2,2015,4,395860,0,0,12,12,12,0,0,6
28,2,2015,5,395861,0,0,12,12,12,0,0,6
28,2,2015,6,395862,0,0,12,12,12,0,0,6
28,2,2015,7,395863,0,0,12,12,12,0,0,6
28,2,2015,8,395864,0,0,12,12,12,0,0,6
28,2,2015,9,395865,0,0,12,12,12,0,0,6
28,2,2015,10,395866,1,0,12,12.3333333333333,13,0,0,6
28,2,2015,11,395867,0,1,13,12.6666666666667,12,0,0,6
28,2,2015,12,395868,0,0,12,12,12,0,0,6
28,2,2015,13,395869,0,0,12,12,12,0,0,6
28,2,2015,14,395870,0,0,12,12,12,0,0,6
28,2,2015,15,395871,0,0,12,12,12,0,0,10
28,2,2015,16,395872,0,0,12,12,12,0,0,6
28,2,2015,17,395873,0,0,12,12,12,0,0,5
28,2,2015,18,395874,0,0,12,12,12,0,0,6
28,2,2015,19,395875,0,0,12,12,12,0,0,6
28,2,2015,20,395876,0,0,12,12,12,0,0,6
28,2,2015,21,395877,0,0,12,12,12,0,0,6
28,2,2015,22,395878,0,0,12,12,12,0,0,6
28,2,2015,23,395879,0,0,12,12,12,0,0,6
1,3,2015,0,395880,0,0,12,12,12,0,0,6
1,3,2015,1,395881,0,0,12,12,12,0,0,6
1,3,2015,2,395882,0,0,12,12,12,0,0,6
1,3,2015,3,395883,0,0,12,12,12,0,0,7
1,3,2015,4,395884,0,0,12,12,12,0,0,6
1,3,2015,5,395885,0,0,12,12,12,0,0,6
1,3,2015,6,395886,0,0,12,12,12,0,0,6
1,3,2015,7,395887,0,0,12,12,12,0,0,6
1,3,2015,8,395888,0,0,12,12,12,0,0,6
1,3,2015,9,395889,0,0,12,12,12,0,0,6
1,3,2015,10,395890,0,0,12,12,12,0,0,6
1,3,2015,11,395891,0,0,12,12,12,0,0,6
1,3,2015,12,395892,0,0,12,12,12,0,0,6
1,3,2015,13,395893,0,0,12,12,12,0,0,6
1,3,2015,14,395894,0,0,12,12,12,0,0,6
1,3,2015,15,395895,0,0,12,12,12,0,0,7
1,3,2015,16,395896,0,0,12,12,12,0,0,6
1,3,2015,17,395897,0,0,12,12,12,0,0,6
1,3,2015,18,395898,0,0,12,12,12,0,0,6
1,3,2015,19,395899,0,0,12,12,12,0,0,6
1,3,2015,20,395900,0,0,12,12,12,0,0,6
1,3,2015,21,395901,0,0,12,12,12,0,0,6
1,3,2015,22,395902,0,0,12,12,12,0,0,6
1,3,2015,23,395903,0,0,12,12,12,0,0,6
2,3,2015,0,395904,0,0,12,12,12,0,0,6
2,3,2015,1,395905,0,0,12,12,12,0,0,6
2,3,2015,2,395906,0,0,12,12,12,0,0,5
2,3,2015,3,395907,0,0,12,12,12,0,0,7
2,3,2015,4,395908,0,0,12,12,12,0,0,6
2,3,2015,5,395909,0,0,12,12,12,0,0,6
2,3,2015,6,395910,0,0,12,12,12,0,0,6
2,3,2015,7,395911,0,0,12,12,12,0,0,6
2,3,2015,8,395912,0,0,12,12,12,0,0,6
2,3,2015,9,395913,0,0,12,12,12,0,0,6
2,3,2015,10,395914,0,0,12,12,12,0,0,6
2,3,2015,11,395915,0,0,12,12,12,0,0,6
2,3,2015,12,395916,0,0,12,12,12,0,0,6
2,3,2015,13,395917,0,0,12,12,12,0,0,6
2,3,2015,14,395918,0,0,12,12,12,0,0,6
2,3,2015,15,395919,0,0,12,12,12,0,0,6
2,3,2015,16,395920,0,0,12,12,12,0,0,6
2,3,2015,17,395921,0,0,12,12,12,0,0,6
2,3,2015,18,395922,0,0,12,12,12,0,0,6
2,3,2015,19,395923,0,0,12,12,12,0,0,6
2,3,2015,20,395924,0,0,12,12,12,0,0,6
2,3,2015,21,395925,0,0,12,12,12,0,0,5
2,3,2015,22,395926,0,0,12,12,12,0,0,6
2,3,2015,23,395927,0,0,12,12,12,0,0,6
3,3,2015,0,395928,0,0,12,12,12,0,0,6
3,3,2015,1,395929,0,0,12,12,12,0,0,6
3,3,2015,2,395930,0,0,12,12,12,0,0,6
3,3,2015,3,395931,0,0,12,12,12,0,0,7
3,3,2015,4,395932,0,0,12,12,12,0,0,6
3,3,2015,5,395933,0,0,12,12,12,0,0,6
3,3,2015,6,395934,0,0,12,12,12,0,0,6
3,3,2015,7,395935,0,0,12,12,12,0,0,6
3,3,2015,8,395936,0,0,12,12,12,0,0,6
3,3,2015,9,395937,0,0,12,12,12,0,0,6
3,3,2015,10,395938,0,0,12,12,12,0,0,6
3,3,2015,11,395939,0,0,12,12,12,0,0,6
3,3,2015,12,395940,0,0,12,12,12,0,0,6
3,3,2015,13,395941,0,0,12,12,12,0,0,6
3,3,2015,14,395942,0,0,12,12,12,0,0,6
3,3,2015,15,395943,0,0,12,12,12,0,0,7
3,3,2015,16,395944,0,0,12,12,12,0,0,6
3,3,2015,17,395945,0,0,12,12,12,0,0,6
3,3,2015,18,395946,0,0,12,12,12,0,0,6
3,3,2015,19,395947,0,0,12,12,12,0,0,6
3,3,2015,20,395948,0,0,12,12,12,0,0,6
3,3,2015,21,395949,0,0,12,12,12,0,0,6
3,3,2015,22,395950,0,0,12,12,12,0,0,5
3,3,2015,23,395951,0,0,12,12,12,0,0,6
4,3,2015,0,395952,0,0,12,12,12,0,0,6
4,3,2015,1,395953,0,0,12,12,12,0,0,6
4,3,2015,2,395954,0,0,12,12,12,0,0,6
4,3,2015,3,395955,0,0,12,12,12,0,0,7
4,3,2015,4,395956,0,0,12,12,12,0,0,6
4,3,2015,5,395957,0,0,12,12,12,0,0,6
4,3,2015,6,395958,0,0,12,12,12,0,0,6
4,3,2015,7,395959,0,0,12,12,12,0,0,6
4,3,2015,8,395960,0,0,12,12,12,0,0,6
4,3,2015,9,395961,0,0,12,12,12,0,0,6
4,3,2015,10,395962,0,0,12,12,12,0,0,6
4,3,2015,11,395963,0,0,12,12,12,0,0,6
4,3,2015,12,395964,0,0,12,12,12,0,0,6
4,3,2015,13,395965,0,0,12,12,12,0,0,6
4,3,2015,14,395966,0,0,12,12,12,0,0,5
4,3,2015,15,395967,0,0,12,12,12,0,0,8
4,3,2015,16,395968,0,0,12,12,12,0,0,6
4,3,2015,17,395969,0,0,12,12,12,0,0,6
4,3,2015,18,395970,0,0,12,12,12,0,0,6
4,3,2015,19,395971,0,0,12,12,12,0,0,6
4,3,2015,20,395972,0,0,12,12,12,0,0,6
4,3,2015,21,395973,0,0,12,12,12,0,0,6
4,3,2015,22,395974,0,0,12,12,12,0,0,6
4,3,2015,23,395975,0,0,12,12,12,0,0,6
5,3,2015,0,395976,0,0,12,12,12,0,0,6
5,3,2015,1,395977,0,0,12,12,12,0,0,6
5,3,2015,2,395978,0,0,12,12,12,0,0,5
5,3,2015,3,395979,0,0,12,12,12,0,0,10
5,3,2015,4,395980,0,0,12,12,12,0,0,6
5,3,2015,5,395981,0,0,12,12,12,0,0,6
5,3,2015,6,395982,0,0,12,12,12,0,0,6
5,3,2015,7,395983,0,0,12,12,12,0,0,6
5,3,2015,8,395984,0,0,12,12,12,0,0,6
5,3,2015,9,395985,0,0,12,12,12,0,0,6
5,3,2015,10,395986,0,0,12,12,12,0,0,6
5,3,2015,11,395987,0,1,11.5,11.5,11,0,0,6
5,3,2015,12,395988,0,0,11,11,11,0,0,6
5,3,2015,13,395989,0,0,11,11,11,0,0,6
5,3,2015,14,395990,0,0,11,11,11,0,0,6
5,3,2015,15,395991,0,0,11,11,11,0,0,8
5,3,2015,16,395992,0,1,11,10.6666666666667,10,0,0,9
5,3,2015,17,395993,0,0,10,10,10,0,0,5
5,3,2015,18,395994,0,0,10,10,10,0,0,6
5,3,2015,19,395995,0,0,10,10,10,0,0,6
5,3,2015,20,395996,0,0,10,10,10,0,0,6
5,3,2015,21,395997,0,0,10,10,10,0,0,6
5,3,2015,22,395998,0,0,10,10,10,0,0,6
5,3,2015,23,395999,0,0,10,10,10,0,0,6
6,3,2015,0,396000,0,0,10,10,10,0,0,6
6,3,2015,1,396001,0,0,10,10,10,0,0,6
6,3,2015,2,396002,0,0,10,10,10,0,0,6
6,3,2015,3,396003,0,0,10,10,10,0,0,7
6,3,2015,4,396004,0,0,10,10,10,0,0,6
6,3,2015,5,396005,0,0,10,10,10,0,0,6
6,3,2015,6,396006,0,0,10,10,10,0,0,6
6,3,2015,7,396007,0,0,10,10,10,0,0,6
6,3,2015,8,396008,0,0,10,10,10,0,0,6
6,3,2015,9,396009,0,0,10,10,10,0,0,6
6,3,2015,10,396010,0,0,10,10,10,0,0,6
6,3,2015,11,396011,1,0,10.5,10.5,11,0,0,6
6,3,2015,12,396012,0,0,11,11,11,0,0,6
6,3,2015,13,396013,0,0,11,11,11,0,0,6
6,3,2015,14,396014,0,0,11,11,11,0,0,6
6,3,2015,15,396015,0,0,11,11,11,0,0,8
6,3,2015,16,396016,0,0,11,11,11,0,0,6
6,3,2015,17,396017,0,0,11,11,11,0,0,6
6,3,2015,18,396018,0,0,11,11,11,0,0,6
6,3,2015,19,396019,0,0,11,11,11,0,0,6
6,3,2015,20,396020,0,0,11,11,11,0,0,6
6,3,2015,21,396021,0,0,11,11,11,0,0,5
6,3,2015,22,396022,0,0,11,11,11,0,0,6
6,3,2015,23,396023,0,0,11,11,11,0,0,6
7,3,2015,0,396024,0,0,11,11,11,0,0,6
7,3,2015,1,396025,0,0,11,11,11,0,0,6
7,3,2015,2,396026,0,0,11,11,11,0,0,6
7,3,2015,3,396027,0,0,11,11,11,0,0,9
7,3,2015,4,396028,0,0,11,11,11,0,0,6
7,3,2015,5,396029,0,0,11,11,11,0,0,6
7,3,2015,6,396030,0,0,11,11,11,0,0,6
7,3,2015,7,396031,0,0,11,11,11,0,0,6
7,3,2015,8,396032,1,1,11,11.4285714285714,11,0,0,7
7,3,2015,9,396033,0,0,11,11,11,0,0,6
7,3,2015,10,396034,1,0,12,11.8571428571429,12,0,0,7
7,3,2015,11,396035,0,0,12,12,12,0,0,6
7,3,2015,12,396036,0,0,12,12,12,0,0,6
7,3,2015,13,396037,0,0,12,12,12,0,0,6
7,3,2015,14,396038,0,0,12,12,12,0,0,6
7,3,2015,15,396039,0,0,12,12,12,0,0,7
7,3,2015,16,396040,0,0,12,12,12,0,0,6
7,3,2015,17,396041,0,0,12,12,12,0,0,6
7,3,2015,18,396042,0,0,12,12,12,0,0,6
7,3,2015,19,396043,0,0,12,12,12,0,0,6
7,3,2015,20,396044,0,0,12,12,12,0,0,5
7,3,2015,21,396045,0,0,12,12,12,0,0,6
7,3,2015,22,396046,0,0,12,12,12,0,0,6
7,3,2015,23,396047,0,0,12,12,12,0,0,6
8,3,2015,0,396048,0,0,12,12,12,0,0,6
8,3,2015,1,396049,0,0,12,12,12,0,0,6
8,3,2015,2,396050,0,0,12,12,12,0,0,6
8,3,2015,3,396051,0,0,12,12,12,0,0,7
8,3,2015,4,396052,0,0,12,12,12,0,0,6
8,3,2015,5,396053,0,0,12,12,12,0,0,6
8,3,2015,6,396054,0,0,12,12,12,0,0,6
8,3,2015,7,396055,0,0,12,12,12,0,0,6
8,3,2015,8,396056,0,0,12,12,12,0,0,6
8,3,2015,9,396057,0,0,12,12,12,0,0,6
8,3,2015,10,396058,0,0,12,12,12,0,0,6
8,3,2015,11,396059,0,0,12,12,12,0,0,6
8,3,2015,12,396060,0,0,12,12,12,0,0,6
8,3,2015,13,396061,0,0,12,12,12,0,0,6
8,3,2015,14,396062,0,0,12,12,12,0,0,5
8,3,2015,15,396063,0,0,12,12,12,0,0,8
8,3,2015,16,396064,0,0,12,12,12,0,0,6
8,3,2015,17,396065,0,0,12,12,12,0,0,6
8,3,2015,18,396066,0,0,12,12,12,0,0,6
8,3,2015,19,396067,0,0,12,12,12,0,0,6
8,3,2015,20,396068,0,0,12,12,12,0,0,6
8,3,2015,21,396069,0,0,12,12,12,0,0,6
8,3,2015,22,396070,0,0,12,12,12,0,0,6
8,3,2015,23,396071,0,0,12,12,12,0,0,5
9,3,2015,0,396072,0,0,12,12,12,0,0,6
9,3,2015,1,396073,0,0,12,12,12,0,0,6
9,3,2015,2,396074,0,0,12,12,12,0,0,6
9,3,2015,3,396075,0,0,12,12,12,0,0,7
9,3,2015,4,396076,0,0,12,12,12,0,0,6
9,3,2015,5,396077,0,0,12,12,12,0,0,6
9,3,2015,6,396078,0,0,12,12,12,0,0,6
9,3,2015,7,396079,0,0,12,12,12,0,0,6
9,3,2015,8,396080,0,0,12,12,12,0,0,6
9,3,2015,9,396081,0,0,12,12,12,0,0,6
9,3,2015,10,396082,0,0,12,12,12,0,0,6
9,3,2015,11,396083,0,0,12,12,12,0,0,6
9,3,2015,12,396084,0,0,12,12,12,0,0,6
9,3,2015,13,396085,0,0,12,12,12,0,0,6
9,3,2015,14,396086,0,0,12,12,12,0,0,6
9,3,2015,15,396087,0,0,12,12,12,0,0,7
9,3,2015,16,396088,0,0,12,12,12,0,0,6
9,3,2015,17,396089,0,0,12,12,12,0,0,6
9,3,2015,18,396090,0,0,12,12,12,0,0,6
9,3,2015,19,396091,0,0,12,12,12,0,0,6
9,3,2015,20,396092,0,0,12,12,12,0,0,6
9,3,2015,21,396093,0,0,12,12,12,0,0,6
9,3,2015,22,396094,0,0,12,12,12,0,0,6
9,3,2015,23,396095,0,0,12,12,12,0,0,7
10,3,2015,0,396096,0,0,12,12,12,0,0,6
10,3,2015,1,396097,0,0,12,12,12,0,0,6
10,3,2015,2,396098,0,0,12,12,12,0,0,6
10,3,2015,3,396099,0,0,12,12,12,0,0,7
10,3,2015,4,396100,0,0,12,12,12,0,0,6
10,3,2015,5,396101,0,0,12,12,12,0,0,6
10,3,2015,6,396102,0,0,12,12,12,0,0,6
10,3,2015,7,396103,0,0,12,12,12,0,0,6
10,3,2015,8,396104,0,1,12,11.8571428571429,11,0,0,7
10,3,2015,9,396105,9,8,7,7,11,0,0,17
10,3,2015,10,396106,0,0,11,11,11,0,0,6
10,3,2015,11,396107,0,0,11,11,11,0,0,6
10,3,2015,12,396108,0,0,11,11,11,0,0,6
10,3,2015,13,396109,0,0,11,11,11,0,0,6
10,3,2015,14,396110,0,0,11,11,11,0,0,6
10,3,2015,15,396111,0,0,11,11,11,0,0,7
10,3,2015,16,396112,0,0,11,11,11,0,0,6
10,3,2015,17,396113,0,0,11,11,11,0,0,6
10,3,2015,18,396114,0,0,11,11,11,0,0,6
10,3,2015,19,396115,0,0,11,11,11,0,0,6
10,3,2015,20,396116,0,0,11,11,11,0,0,8
10,3,2015,21,396117,0,0,11,11,11,0,0,6
10,3,2015,22,396118,0,0,11,11,11,0,0,6
10,3,2015,23,396119,0,0,11,11,11,0,0,6
11,3,2015,0,396120,0,0,11,11,11,0,0,6
11,3,2015,1,396121,0,0,11,11,11,0,0,6
11,3,2015,2,396122,0,0,11,11,11,0,0,6
11,3,2015,3,396123,0,0,11,11,11,0,0,7
11,3,2015,4,396124,0,0,11,11,11,0,0,6
11,3,2015,5,396125,0,0,11,11,11,0,0,6
11,3,2015,6,396126,0,0,11,11,11,0,0,6
11,3,2015,7,396127,0,0,11,11,11,0,0,6
11,3,2015,8,396128,0,0,12,12,12,0,0,6
11,3,2015,9,396129,0,0,12,12,12,0,0,6
11,3,2015,10,396130,0,0,12,12,12,0,0,10
11,3,2015,11,396131,0,0,12,12,12,0,0,6
11,3,2015,12,396132,0,0,12,12,12,0,0,6
11,3,2015,13,396133,0,0,12,12,12,0,0,6
11,3,2015,14,396134,0,0,12,12,12,0,0,6
11,3,2015,15,396135,0,0,12,12,12,0,0,6
11,3,2015,16,396136,0,0,12,12,12,0,0,5
11,3,2015,17,396137,0,0,12,12,12,0,0,6
11,3,2015,18,396138,0,0,12,12,12,0,0,6
11,3,2015,19,396139,0,0,12,12,12,0,0,6
11,3,2015,20,396140,0,0,12,12,12,0,0,6
11,3,2015,21,396141,0,0,12,12,12,0,0,6
11,3,2015,22,396142,0,0,12,12,12,0,0,8
11,3,2015,23,396143,0,0,12,12,12,0,0,6
12,3,2015,0,396144,0,0,12,12,12,0,0,6
12,3,2015,1,396145,0,0,12,12,12,0,0,6
12,3,2015,2,396146,0,0,12,12,12,0,0,6
12,3,2015,3,396147,0,0,12,12,12,0,0,7
12,3,2015,4,396148,0,0,12,12,12,0,0,6
12,3,2015,5,396149,0,0,12,12,12,0,0,6
12,3,2015,6,396150,0,0,12,12,12,0,0,6
12,3,2015,7,396151,1,0,12,12.3333333333333,13,0,0,6
12,3,2015,8,396152,0,0,13,13,13,0,0,6
12,3,2015,9,396153,0,0,13,13,13,0,0,6
12,3,2015,10,396154,0,0,13,13,13,0,0,6
12,3,2015,11,396155,0,0,13,13,13,0,0,6
12,3,2015,12,396156,0,0,13,13,13,0,0,6
12,3,2015,13,396157,0,0,13,13,13,0,0,6
12,3,2015,14,396158,0,0,13,13,13,0,0,6
12,3,2015,15,396159,0,0,13,13,13,0,0,8
12,3,2015,16,396160,0,0,13,13,13,0,0,6
12,3,2015,17,396161,0,0,13,13,13,0,0,6
12,3,2015,18,396162,0,0,13,13,13,0,0,6
12,3,2015,19,396163,0,0,13,13,13,0,0,6
12,3,2015,20,396164,0,0,13,13,13,0,0,6
12,3,2015,21,396165,0,0,13,13,13,0,0,6
12,3,2015,22,396166,0,0,13,13,13,0,0,5
12,3,2015,23,396167,0,0,13,13,13,0,0,5
13,3,2015,0,396168,0,0,13,13,13,0,0,6
13,3,2015,1,396169,0,0,13,13,13,0,0,6
13,3,2015,2,396170,0,0,13,13,13,0,0,6
13,3,2015,3,396171,0,0,13,13,13,0,0,4
13,3,2015,4,396172,0,0,13,13,13,0,0,5
13,3,2015,5,396173,0,0,13,13,13,0,0,6
13,3,2015,6,396174,0,0,13,13,13,0,0,6
13,3,2015,7,396175,0,0,13,13,13,0,0,6
13,3,2015,8,396176,0,0,13,13,13,0,0,6
13,3,2015,9,396177,0,0,13,13,13,0,0,6
13,3,2015,10,396178,0,0,13,13,13,0,0,6
13,3,2015,11,396179,0,0,13,13,13,0,0,6
13,3,2015,12,396180,0,1,12,12.1428571428571,12,0,0,7
13,3,2015,13,396181,0,0,12,12,12,0,0,6
13,3,2015,14,396182,0,0,12,12,12,0,0,6
13,3,2015,15,396183,0,0,12,12,12,0,0,6
13,3,2015,16,396184,0,0,12,12,12,0,0,7
13,3,2015,17,396185,0,0,12,12,12,0,0,6
13,3,2015,18,396186,0,0,12,12,12,0,0,6
13,3,2015,19,396187,0,0,12,12,12,0,0,6
13,3,2015,20,396188,0,0,12,12,12,0,0,6
13,3,2015,21,396189,0,0,12,12,12,0,0,5
13,3,2015,22,396190,0,0,12,12,12,0,0,6
13,3,2015,23,396191,0,0,12,12,12,0,0,6
14,3,2015,0,396192,0,0,12,12,12,0,0,6
14,3,2015,1,396193,0,0,12,12,12,0,0,6
14,3,2015,2,396194,0,0,12,12,12,0,0,6
14,3,2015,3,396195,0,0,12,12,12,0,0,7
14,3,2015,4,396196,0,0,12,12,12,0,0,6
14,3,2015,5,396197,0,0,12,12,12,0,0,6
14,3,2015,6,396198,0,0,12,12,12,0,0,6
14,3,2015,7,396199,0,0,12,12,12,0,0,6
14,3,2015,8,396200,0,0,12,12,12,0,0,6
14,3,2015,9,396201,0,0,12,12,12,0,0,6
14,3,2015,10,396202,0,1,12,11.8333333333333,11,0,0,6
14,3,2015,11,396203,0,0,11,11,11,0,0,6
14,3,2015,12,396204,1,0,11,11.4285714285714,12,0,0,7
14,3,2015,13,396205,0,0,12,12,12,0,0,6
14,3,2015,14,396206,0,0,12,12,12,0,0,6
14,3,2015,15,396207,0,0,12,12,12,0,0,8
14,3,2015,16,396208,1,0,12,12.1428571428571,13,0,0,7
14,3,2015,17,396209,0,0,13,13,13,0,0,6
14,3,2015,18,396210,0,0,13,13,13,0,0,6
14,3,2015,19,396211,0,0,13,13,13,0,0,5
14,3,2015,20,396212,0,0,13,13,13,0,0,6
14,3,2015,21,396213,0,0,13,13,13,0,0,6
14,3,2015,22,396214,0,0,13,13,13,0,0,6
14,3,2015,23,396215,0,0,13,13,13,0,0,6
15,3,2015,0,396216,0,0,13,13,13,0,0,6
15,3,2015,1,396217,0,0,13,13,13,0,0,6
15,3,2015,2,396218,0,0,13,13,13,0,0,6
15,3,2015,3,396219,0,0,13,13,13,0,0,7
15,3,2015,4,396220,0,0,13,13,13,0,0,6
15,3,2015,5,396221,0,0,13,13,13,0,0,6
15,3,2015,6,396222,0,0,13,13,13,0,0,6
15,3,2015,7,396223,0,0,13,13,13,0,0,6
15,3,2015,8,396224,0,0,13,13,13,0,0,6
15,3,2015,9,396225,0,0,13,13,13,0,0,6
15,3,2015,10,396226,0,0,13,13,13,0,0,6
15,3,2015,11,396227,0,0,13,13,13,0,0,6
15,3,2015,12,396228,0,0,13,13,13,0,0,6
15,3,2015,13,396229,0,0,13,13,13,0,0,6
15,3,2015,14,396230,0,0,13,13,13,0,0,5
15,3,2015,15,396231,0,0,13,13,13,0,0,8
15,3,2015,16,396232,0,0,13,13,13,0,0,6
15,3,2015,17,396233,0,0,13,13,13,0,0,6
15,3,2015,18,396234,0,0,13,13,13,0,0,6
15,3,2015,19,396235,0,0,13,13,13,0,0,6
15,3,2015,20,396236,0,0,13,13,13,0,0,6
15,3,2015,21,396237,0,0,13,13,13,0,0,6
15,3,2015,22,396238,0,0,13,13,13,0,0,6
15,3,2015,23,396239,0,0,13,13,13,0,0,5
16,3,2015,0,396240,0,0,13,13,13,0,0,6
16,3,2015,1,396241,0,0,13,13,13,0,0,6
16,3,2015,2,396242,0,0,13,13,13,0,0,6
16,3,2015,3,396243,0,0,13,13,13,0,0,7
16,3,2015,4,396244,0,0,13,13,13,0,0,6
16,3,2015,5,396245,0,0,13,13,13,0,0,6
16,3,2015,6,396246,0,0,13,13,13,0,0,6
16,3,2015,7,396247,0,0,13,13,13,0,0,6
16,3,2015,8,396248,0,0,13,13,13,0,0,6
16,3,2015,9,396249,0,0,13,13,13,0,0,6
16,3,2015,10,396250,0,0,13,13,13,0,0,6
16,3,2015,11,396251,0,0,13,13,13,0,0,6
16,3,2015,12,396252,0,0,13,13,13,0,0,6
16,3,2015,13,396253,0,0,13,13,13,0,0,6
16,3,2015,14,396254,0,0,13,13,13,0,0,6
16,3,2015,15,396255,0,0,13,13,13,0,0,7
16,3,2015,16,396256,0,0,13,13,13,0,0,6
16,3,2015,17,396257,0,0,13,13,13,0,0,6
16,3,2015,18,396258,0,0,13,13,13,0,0,6
16,3,2015,19,396259,0,0,13,13,13,0,0,6
16,3,2015,20,396260,0,0,13,13,13,0,0,6
16,3,2015,21,396261,0,0,13,13,13,0,0,6
16,3,2015,22,396262,0,0,13,13,13,0,0,6
16,3,2015,23,396263,0,0,13,13,13,0,0,6
17,3,2015,0,396264,0,0,13,13,13,0,0,6
17,3,2015,1,396265,0,0,13,13,13,0,0,5
17,3,2015,2,396266,0,0,13,13,13,0,0,6
17,3,2015,3,396267,0,0,13,13,13,0,0,8
17,3,2015,4,396268,0,0,13,13,13,0,0,5
17,3,2015,5,396269,0,0,13,13,13,0,0,6
17,3,2015,6,396270,0,0,13,13,13,0,0,6
17,3,2015,7,396271,0,0,13,13,13,0,0,6
17,3,2015,8,396272,0,0,13,13,13,0,0,6
17,3,2015,9,396273,0,0,13,13,13,0,0,6
17,3,2015,10,396274,0,0,13,13,13,0,0,6
17,3,2015,11,396275,0,0,13,13,13,0,0,6
17,3,2015,12,396276,0,0,13,13,13,0,0,6
17,3,2015,13,396277,0,0,13,13,13,0,0,6
17,3,2015,14,396278,0,0,13,13,13,0,0,6
17,3,2015,15,396279,0,0,13,13,13,0,0,7
17,3,2015,16,396280,0,0,13,13,13,0,0,6
17,3,2015,17,396281,0,0,13,13,13,0,0,6
17,3,2015,18,396282,0,0,13,13,13,0,0,6
17,3,2015,19,396283,0,1,12,12.1428571428571,12,0,0,7
17,3,2015,20,396284,0,0,12,12,12,0,0,6
17,3,2015,21,396285,0,0,12,12,12,0,0,6
17,3,2015,22,396286,0,0,12,12,12,0,0,6
17,3,2015,23,396287,0,0,12,12,12,0,0,6
18,3,2015,0,396288,0,0,12,12,12,0,0,6
18,3,2015,1,396289,0,0,12,12,12,0,0,6
18,3,2015,2,396290,0,0,12,12,12,0,0,6
18,3,2015,3,396291,0,0,12,12,12,0,0,7
18,3,2015,4,396292,0,0,12,12,12,0,0,6
18,3,2015,5,396293,0,0,12,12,12,0,0,6
18,3,2015,6,396294,0,0,12,12,12,0,0,6
18,3,2015,7,396295,0,0,12,12,12,0,0,6
18,3,2015,8,396296,0,0,12,12,12,0,0,6
18,3,2015,9,396297,0,0,12,12,12,0,0,6
18,3,2015,10,396298,0,0,12,12,12,0,0,6
18,3,2015,11,396299,0,0,12,12,12,0,0,6
18,3,2015,12,396300,0,1,11.5,11.5,11,0,0,8
18,3,2015,13,396301,0,0,11,11,11,0,0,6
18,3,2015,14,396302,0,0,11,11,11,0,0,6
18,3,2015,15,396303,0,0,11,11,11,0,0,7
18,3,2015,16,396304,0,0,11,11,11,0,0,6
18,3,2015,17,396305,0,0,11,11,11,0,0,6
18,3,2015,18,396306,0,0,11,11,11,0,0,6
18,3,2015,19,396307,0,0,11,11,11,0,0,6
18,3,2015,20,396308,0,0,11,11,11,0,0,6
18,3,2015,21,396309,0,0,11,11,11,0,0,6
18,3,2015,22,396310,0,0,11,11,11,0,0,8
18,3,2015,23,396311,0,0,11,11,11,0,0,6
19,3,2015,0,396312,0,0,11,11,11,0,0,6
19,3,2015,1,396313,0,0,11,11,11,0,0,6
19,3,2015,2,396314,0,0,11,11,11,0,0,6
19,3,2015,3,396315,0,0,11,11,11,0,0,7
19,3,2015,4,396316,0,0,11,11,11,0,0,6
19,3,2015,5,396317,0,0,11,11,11,0,0,6
19,3,2015,6,396318,0,0,11,11,11,0,0,6
19,3,2015,7,396319,1,0,12,11.8571428571429,12,0,0,7
19,3,2015,8,396320,0,0,12,12,12,0,0,6
19,3,2015,9,396321,0,0,12,12,12,0,0,5
19,3,2015,10,396322,0,0,12,12,12,0,0,6
19,3,2015,11,396323,1,0,13,12.7142857142857,13,0,0,7
19,3,2015,12,396324,0,1,13,12.75,12,0,0,8
19,3,2015,13,396325,0,0,12,12,12,0,0,6
19,3,2015,14,396326,0,0,12,12,12,0,0,6
19,3,2015,15,396327,0,0,12,12,12,0,0,7
19,3,2015,16,396328,0,0,12,12,12,0,0,6
19,3,2015,17,396329,0,0,12,12,12,0,0,6
19,3,2015,18,396330,0,0,12,12,12,0,0,6
19,3,2015,19,396331,0,0,12,12,12,0,0,6
19,3,2015,20,396332,0,0,12,12,12,0,0,6
19,3,2015,21,396333,0,0,12,12,12,0,0,5
19,3,2015,22,396334,0,0,12,12,12,0,0,6
19,3,2015,23,396335,0,0,12,12,12,0,0,5
20,3,2015,0,396336,0,0,12,12,12,0,0,6
20,3,2015,1,396337,0,0,12,12,12,0,0,6
20,3,2015,2,396338,0,0,12,12,12,0,0,6
20,3,2015,3,396339,0,0,12,12,12,0,0,7
20,3,2015,4,396340,0,0,12,12,12,0,0,6
20,3,2015,5,396341,0,0,12,12,12,0,0,6
20,3,2015,6,396342,0,0,12,12,12,0,0,6
20,3,2015,7,396343,0,0,12,12,12,0,0,6
20,3,2015,8,396344,0,1,11,11.4285714285714,11,0,0,7
20,3,2015,9,396345,0,0,11,11,11,0,0,6
20,3,2015,10,396346,0,0,11,11,11,0,0,6
20,3,2015,11,396347,0,0,11,11,11,0,0,6
20,3,2015,12,396348,0,0,11,11,11,0,0,6
20,3,2015,13,396349,0,0,11,11,11,0,0,6
20,3,2015,14,396350,0,0,11,11,11,0,0,6
20,3,2015,15,396351,0,0,11,11,11,0,0,7
20,3,2015,16,396352,0,0,11,11,11,0,0,6
20,3,2015,17,396353,0,0,11,11,11,0,0,6
20,3,2015,18,396354,0,0,11,11,11,0,0,6
20,3,2015,19,396355,0,0,11,11,11,0,0,6
20,3,2015,20,396356,0,0,11,11,11,0,0,6
20,3,2015,21,396357,0,0,11,11,11,0,0,6
20,3,2015,22,396358,0,0,11,11,11,0,0,6
20,3,2015,23,396359,0,0,11,11,11,0,0,5
21,3,2015,0,396360,0,0,11,11,11,0,0,6
21,3,2015,1,396361,0,0,11,11,11,0,0,6
21,3,2015,2,396362,0,0,11,11,11,0,0,6
21,3,2015,3,396363,0,0,11,11,11,0,0,7
21,3,2015,4,396364,0,0,11,11,11,0,0,6
21,3,2015,5,396365,0,0,11,11,11,0,0,6
21,3,2015,6,396366,0,0,11,11,11,0,0,6
21,3,2015,7,396367,0,0,11,11,11,0,0,6
21,3,2015,8,396368,0,0,11,11,11,0,0,6
21,3,2015,9,396369,0,0,11,11,11,0,0,6
21,3,2015,10,396370,0,0,11,11,11,0,0,6
21,3,2015,11,396371,0,0,11,11,11,0,0,6
21,3,2015,12,396372,0,0,11,11,11,0,0,6
21,3,2015,13,396373,0,0,11,11,11,0,0,6
21,3,2015,14,396374,0,0,11,11,11,0,0,5
21,3,2015,15,396375,0,0,11,11,11,0,0,8
21,3,2015,16,396376,0,0,11,11,11,0,0,6
21,3,2015,17,396377,0,0,11,11,11,0,0,6
21,3,2015,18,396378,0,0,11,11,11,0,0,6
21,3,2015,19,396379,0,0,11,11,11,0,0,6
21,3,2015,20,396380,0,0,11,11,11,0,0,6
21,3,2015,21,396381,0,0,11,11,11,0,0,6
21,3,2015,22,396382,0,0,11,11,11,0,0,6
21,3,2015,23,396383,0,0,11,11,11,0,0,6
22,3,2015,0,396384,0,0,11,11,11,0,0,6
22,3,2015,1,396385,0,0,11,11,11,0,0,5
22,3,2015,2,396386,0,0,11,11,11,0,0,6
22,3,2015,3,396387,0,0,11,11,11,0,0,8
22,3,2015,4,396388,0,0,11,11,11,0,0,6
22,3,2015,5,396389,0,0,11,11,11,0,0,6
22,3,2015,6,396390,0,0,11,11,11,0,0,6
22,3,2015,7,396391,0,0,11,11,11,0,0,6
22,3,2015,8,396392,0,0,11,11,11,0,0,6
22,3,2015,9,396393,0,0,11,11,11,0,0,6
22,3,2015,10,396394,0,0,11,11,11,0,0,6
22,3,2015,11,396395,1,0,11,11.1428571428571,12,0,0,7
22,3,2015,12,396396,0,0,12,12,12,0,0,6
22,3,2015,13,396397,0,0,12,12,12,0,0,6
22,3,2015,14,396398,0,0,12,12,12,0,0,6
22,3,2015,15,396399,0,0,12,12,12,0,0,7
22,3,2015,16,396400,0,0,12,12,12,0,0,6
22,3,2015,17,396401,0,0,12,12,12,0,0,6
22,3,2015,18,396402,0,0,12,12,12,0,0,6
22,3,2015,19,396403,0,0,12,12,12,0,0,6
22,3,2015,20,396404,0,0,12,12,12,0,0,6
22,3,2015,21,396405,0,0,12,12,12,0,0,6
22,3,2015,22,396406,0,0,12,12,12,0,0,5
22,3,2015,23,396407,0,0,12,12,12,0,0,6
23,3,2015,0,396408,0,0,12,12,12,0,0,6
23,3,2015,1,396409,0,0,12,12,12,0,0,6
23,3,2015,2,396410,0,0,12,12,12,0,0,6
23,3,2015,3,396411,0,0,12,12,12,0,0,7
23,3,2015,4,396412,0,0,12,12,12,0,0,6
23,3,2015,5,396413,0,0,12,12,12,0,0,6
23,3,2015,6,396414,0,0,12,12,12,0,0,6
23,3,2015,7,396415,0,0,12,12,12,0,0,6
23,3,2015,8,396416,0,0,12,12,12,0,0,6
23,3,2015,9,396417,0,0,12,12,12,0,0,6
23,3,2015,10,396418,0,0,12,12,12,0,0,6
23,3,2015,11,396419,0,0,12,12,12,0,0,6
23,3,2015,12,396420,0,0,12,12,12,0,0,6
23,3,2015,13,396421,0,0,12,12,12,0,0,6
23,3,2015,14,396422,0,0,12,12,12,0,0,6
23,3,2015,15,396423,0,0,12,12,12,0,0,7
23,3,2015,16,396424,0,0,12,12,12,0,0,6
23,3,2015,17,396425,0,0,12,12,12,0,0,6
23,3,2015,18,396426,0,0,12,12,12,0,0,6
23,3,2015,19,396427,0,0,12,12,12,0,0,6
23,3,2015,20,396428,0,0,12,12,12,0,0,6
23,3,2015,21,396429,0,0,12,12,12,0,0,6
23,3,2015,22,396430,0,0,12,12,12,0,0,6
23,3,2015,23,396431,0,0,12,12,12,0,0,5
24,3,2015,0,396432,0,0,12,12,12,0,0,6
24,3,2015,1,396433,0,0,12,12,12,0,0,6
24,3,2015,2,396434,0,0,12,12,12,0,0,6
24,3,2015,3,396435,0,0,12,12,12,0,0,7
24,3,2015,4,396436,0,0,12,12,12,0,0,6
24,3,2015,5,396437,0,0,12,12,12,0,0,6
24,3,2015,6,396438,0,0,12,12,12,0,0,6
24,3,2015,7,396439,1,0,12,12.4285714285714,13,0,0,7
24,3,2015,8,396440,0,0,13,13,13,0,0,6
24,3,2015,9,396441,0,0,13,13,13,0,0,6
24,3,2015,10,396442,0,0,13,13,13,0,0,5
24,3,2015,11,396443,0,0,13,13,13,0,0,6
24,3,2015,12,396444,0,0,13,13,13,0,0,6
24,3,2015,13,396445,0,0,13,13,13,0,0,6
24,3,2015,14,396446,0,0,13,13,13,0,0,6
24,3,2015,15,396447,0,0,13,13,13,0,0,8
24,3,2015,16,396448,0,0,13,13,13,0,0,6
24,3,2015,17,396449,0,1,12,12.2857142857143,12,0,0,7
24,3,2015,18,396450,0,0,12,12,12,0,0,6
24,3,2015,19,396451,0,0,12,12,12,0,0,6
24,3,2015,20,396452,0,0,12,12,12,0,0,6
24,3,2015,21,396453,0,0,12,12,12,0,0,6
24,3,2015,22,396454,0,0,12,12,12,0,0,6
24,3,2015,23,396455,0,0,12,12,12,0,0,6
25,3,2015,0,396456,0,0,12,12,12,0,0,6
25,3,2015,1,396457,0,0,12,12,12,0,0,6
25,3,2015,2,396458,0,0,12,12,12,0,0,6
25,3,2015,3,396459,0,0,12,12,12,0,0,7
25,3,2015,4,396460,0,0,12,12,12,0,0,6
25,3,2015,5,396461,0,0,12,12,12,0,0,6
25,3,2015,6,396462,0,0,12,12,12,0,0,6
25,3,2015,7,396463,0,0,12,12,12,0,0,6
25,3,2015,8,396464,0,0,12,12,12,0,0,6
25,3,2015,9,396465,0,0,12,12,12,0,0,6
25,3,2015,10,396466,0,0,12,12,12,0,0,6
25,3,2015,11,396467,0,0,12,12,12,0,0,6
25,3,2015,12,396468,0,0,12,12,12,0,0,6
25,3,2015,13,396469,0,0,12,12,12,0,0,6
25,3,2015,14,396470,0,0,12,12,12,0,0,6
25,3,2015,15,396471,0,0,12,12,12,0,0,7
25,3,2015,16,396472,0,0,12,12,12,0,0,6
25,3,2015,17,396473,0,0,12,12,12,0,0,6
25,3,2015,18,396474,0,0,12,12,12,0,0,6
25,3,2015,19,396475,0,0,12,12,12,0,0,6
25,3,2015,20,396476,0,0,12,12,12,0,0,6
25,3,2015,21,396477,0,0,12,12,12,0,0,6
25,3,2015,22,396478,0,0,12,12,12,0,0,6
25,3,2015,23,396479,0,0,12,12,12,0,0,6
26,3,2015,0,396480,0,0,12,12,12,0,0,6
26,3,2015,1,396481,0,0,12,12,12,0,0,6
26,3,2015,2,396482,0,0,12,12,12,0,0,5
26,3,2015,3,396483,0,0,12,12,12,0,0,8
26,3,2015,4,396484,0,0,12,12,12,0,0,6
26,3,2015,5,396485,0,0,12,12,12,0,0,6
26,3,2015,6,396486,0,0,12,12,12,0,0,6
26,3,2015,7,396487,0,0,12,12,12,0,0,6
26,3,2015,8,396488,0,0,12,12,12,0,0,6
26,3,2015,9,396489,0,0,12,12,12,0,0,6
26,3,2015,10,396490,0,0,12,12,12,0,0,6
26,3,2015,11,396491,0,0,12,12,12,0,0,5
26,3,2015,12,396492,0,0,12,12,12,0,0,6
26,3,2015,13,396493,0,0,12,12,12,0,0,6
26,3,2015,14,396494,0,0,12,12,12,0,0,6
26,3,2015,15,396495,0,0,12,12,12,0,0,8
26,3,2015,16,396496,0,0,12,12,12,0,0,6
26,3,2015,17,396497,0,0,12,12,12,0,0,6
26,3,2015,18,396498,0,0,12,12,12,0,0,6
26,3,2015,19,396499,0,0,12,12,12,0,0,5
26,3,2015,20,396500,0,0,12,12,12,0,0,6
26,3,2015,21,396501,0,0,12,12,12,0,0,6
26,3,2015,22,396502,0,0,12,12,12,0,0,8
26,3,2015,23,396503,0,0,12,12,12,0,0,6
27,3,2015,0,396504,0,0,12,12,12,0,0,6
27,3,2015,1,396505,0,0,12,12,12,0,0,6
27,3,2015,2,396506,0,0,12,12,12,0,0,5
27,3,2015,3,396507,0,0,12,12,12,0,0,7
27,3,2015,4,396508,0,0,12,12,12,0,0,6
27,3,2015,5,396509,0,0,12,12,12,0,0,6
27,3,2015,6,396510,0,0,12,12,12,0,0,6
27,3,2015,7,396511,0,0,12,12,12,0,0,6
27,3,2015,8,396512,0,0,12,12,12,0,0,6
27,3,2015,9,396513,0,0,12,12,12,0,0,6
27,3,2015,10,396514,0,0,12,12,12,0,0,6
27,3,2015,11,396515,0,1,12,11.8571428571429,11,0,0,7
27,3,2015,12,396516,0,0,11,11,11,0,0,6
27,3,2015,13,396517,0,0,11,11,11,0,0,6
27,3,2015,14,396518,0,0,11,11,11,0,0,6
27,3,2015,15,396519,0,0,11,11,11,0,0,7
27,3,2015,16,396520,0,0,11,11,11,0,0,6
27,3,2015,17,396521,1,0,11,11.1428571428571,12,0,0,7
27,3,2015,18,396522,0,0,12,12,12,0,0,6
27,3,2015,19,396523,0,0,12,12,12,0,0,6
27,3,2015,20,396524,0,0,12,12,12,0,0,6
27,3,2015,21,396525,0,0,12,12,12,0,0,6
27,3,2015,22,396526,0,0,12,12,12,0,0,6
27,3,2015,23,396527,0,0,12,12,12,0,0,6
28,3,2015,0,396528,0,0,12,12,12,0,0,6
28,3,2015,1,396529,0,0,12,12,12,0,0,6
28,3,2015,2,396530,0,0,12,12,12,0,0,6
28,3,2015,3,396531,0,0,12,12,12,0,0,7
28,3,2015,4,396532,0,0,12,12,12,0,0,6
28,3,2015,5,396533,0,0,12,12,12,0,0,6
28,3,2015,6,396534,0,0,12,12,12,0,0,6
28,3,2015,7,396535,0,0,12,12,12,0,0,6
28,3,2015,8,396536,0,0,12,12,12,0,0,6
28,3,2015,9,396537,0,0,12,12,12,0,0,6
28,3,2015,10,396538,0,0,12,12,12,0,0,6
28,3,2015,11,396539,0,0,12,12,12,0,0,6
28,3,2015,12,396540,0,0,12,12,12,0,0,6
28,3,2015,13,396541,0,0,12,12,12,0,0,6
28,3,2015,14,396542,0,0,12,12,12,0,0,6
28,3,2015,15,396543,0,0,12,12,12,0,0,7
28,3,2015,16,396544,0,0,12,12,12,0,0,6
28,3,2015,17,396545,0,0,12,12,12,0,0,6
28,3,2015,18,396546,0,0,12,12,12,0,0,6
28,3,2015,19,396547,0,0,12,12,12,0,0,6
28,3,2015,20,396548,0,0,12,12,12,0,0,6
28,3,2015,21,396549,0,0,12,12,12,0,0,7
28,3,2015,22,396550,0,0,12,12,12,0,0,6
28,3,2015,23,396551,0,0,12,12,12,0,0,6
29,3,2015,0,396552,0,0,12,12,12,0,0,6
29,3,2015,2,396553,0,0,12,12,12,0,0,6
29,3,2015,3,396554,0,0,12,12,12,0,0,5
29,3,2015,4,396555,0,0,12,12,12,0,0,7
29,3,2015,5,396556,0,0,12,12,12,0,0,7
29,3,2015,6,396557,0,0,12,12,12,0,0,6
29,3,2015,7,396558,0,0,12,12,12,0,0,6
29,3,2015,8,396559,0,0,12,12,12,0,0,6
29,3,2015,9,396560,0,0,12,12,12,0,0,6
29,3,2015,10,396561,0,0,12,12,12,0,0,6
29,3,2015,11,396562,0,0,12,12,12,0,0,6
29,3,2015,12,396563,0,0,12,12,12,0,0,6
29,3,2015,13,396564,0,0,12,12,12,0,0,6
29,3,2015,14,396565,0,0,12,12,12,0,0,6
29,3,2015,15,396566,0,0,12,12,12,0,0,6
29,3,2015,16,396567,0,0,12,12,12,0,0,6
29,3,2015,17,396568,0,0,12,12,12,0,0,7
29,3,2015,18,396569,0,0,12,12,12,0,0,6
29,3,2015,19,396570,0,0,12,12,12,0,0,6
29,3,2015,20,396571,0,0,12,12,12,0,0,6
29,3,2015,21,396572,0,0,12,12,12,0,0,6
29,3,2015,22,396573,0,0,12,12,12,0,0,6
29,3,2015,23,396574,0,0,12,12,12,0,0,6
30,3,2015,0,396575,0,0,12,12,12,0,0,6
30,3,2015,1,396576,0,0,12,12,12,0,0,6
30,3,2015,2,396577,0,0,12,12,12,0,0,6
30,3,2015,3,396578,0,0,12,12,12,0,0,7
30,3,2015,4,396579,0,0,12,12,12,0,0,6
30,3,2015,5,396580,0,0,12,12,12,0,0,6
30,3,2015,6,396581,0,0,12,12,12,0,0,6
30,3,2015,7,396582,0,0,12,12,12,0,0,6
30,3,2015,8,396583,0,0,12,12,12,0,0,6
30,3,2015,9,396584,0,0,12,12,12,0,0,6
30,3,2015,10,396585,0,0,12,12,12,0,0,6
30,3,2015,11,396586,0,0,12,12,12,0,0,6
30,3,2015,12,396587,0,0,12,12,12,0,0,6
30,3,2015,13,396588,0,0,12,12,12,0,0,6
30,3,2015,14,396589,0,0,12,12,12,0,0,6
30,3,2015,15,396590,1,0,13,12.8571428571429,13,0,0,7
30,3,2015,16,396591,0,0,13,13,13,0,0,6
30,3,2015,17,396592,0,0,13,13,13,0,0,6
30,3,2015,18,396593,0,0,13,13,13,0,0,6
30,3,2015,19,396594,0,0,13,13,13,0,0,6
30,3,2015,20,396595,0,0,13,13,13,0,0,6
30,3,2015,21,396596,0,0,13,13,13,0,0,7
30,3,2015,22,396597,0,0,13,13,13,0,0,6
30,3,2015,23,396598,0,0,13,13,13,0,0,6
31,3,2015,0,396599,0,0,13,13,13,0,0,6
31,3,2015,1,396600,0,0,13,13,13,0,0,6
31,3,2015,2,396601,0,0,13,13,13,0,0,5
31,3,2015,3,396602,0,0,13,13,13,0,0,8
31,3,2015,4,396603,0,0,13,13,13,0,0,6
31,3,2015,5,396604,0,0,13,13,13,0,0,6
31,3,2015,6,396605,0,0,13,13,13,0,0,6
31,3,2015,7,396606,0,0,13,13,13,0,0,6
31,3,2015,8,396607,0,0,13,13,13,0,0,6
31,3,2015,9,396608,0,0,13,13,13,0,0,6
31,3,2015,10,396609,0,0,13,13,13,0,0,6
31,3,2015,11,396610,0,0,13,13,13,0,0,6
31,3,2015,12,396611,0,0,13,13,13,0,0,6
31,3,2015,13,396612,0,0,13,13,13,0,0,6
31,3,2015,14,396613,0,0,13,13,13,0,0,5
31,3,2015,15,396614,0,0,13,13,13,0,0,8
31,3,2015,16,396615,0,0,13,13,13,0,0,6
31,3,2015,17,396616,0,0,13,13,13,0,0,6
31,3,2015,18,396617,0,0,13,13,13,0,0,6
31,3,2015,19,396618,0,0,13,13,13,0,0,6
31,3,2015,20,396619,0,0,13,13,13,0,0,6
31,3,2015,21,396620,0,0,13,13,13,0,0,6
31,3,2015,22,396621,0,0,13,13,13,0,0,6
31,3,2015,23,396622,0,0,13,13,13,0,0,6
1,4,2015,0,396623,0,0,13,13,13,0,0,6
1,4,2015,1,396624,0,0,13,13,13,0,0,5
1,4,2015,2,396625,0,0,13,13,13,0,0,6
1,4,2015,3,396626,0,0,13,13,13,0,0,8
1,4,2015,4,396627,0,0,13,13,13,0,0,6
1,4,2015,5,396628,0,0,13,13,13,0,0,6
1,4,2015,6,396629,0,0,13,13,13,0,0,6
1,4,2015,7,396630,0,0,13,13,13,0,0,6
1,4,2015,8,396631,0,0,13,13,13,0,0,6
1,4,2015,9,396632,0,0,13,13,13,0,0,6
1,4,2015,10,396633,0,0,13,13,13,0,0,6
1,4,2015,11,396634,0,0,13,13,13,0,0,6
1,4,2015,12,396635,0,0,13,13,13,0,0,6
1,4,2015,13,396636,0,0,13,13,13,0,0,6
1,4,2015,14,396637,0,0,13,13,13,0,0,6
1,4,2015,15,396638,0,0,13,13,13,0,0,7
1,4,2015,16,396639,0,0,13,13,13,0,0,6
1,4,2015,17,396640,0,0,13,13,13,0,0,6
1,4,2015,18,396641,0,0,13,13,13,0,0,6
1,4,2015,19,396642,0,0,13,13,13,0,0,6
1,4,2015,20,396643,0,0,13,13,13,0,0,6
1,4,2015,21,396644,0,0,13,13,13,0,0,6
1,4,2015,22,396645,0,0,13,13,13,0,0,6
1,4,2015,23,396646,0,0,13,13,13,0,0,6
2,4,2015,0,396647,0,0,13,13,13,0,0,6
2,4,2015,1,396648,0,0,13,13,13,0,0,6
2,4,2015,2,396649,0,0,13,13,13,0,0,5
2,4,2015,3,396650,0,0,13,13,13,0,0,8
2,4,2015,4,396651,0,0,13,13,13,0,0,6
2,4,2015,5,396652,0,0,13,13,13,0,0,6
2,4,2015,6,396653,0,0,13,13,13,0,0,6
2,4,2015,7,396654,0,0,13,13,13,0,0,6
2,4,2015,8,396655,0,0,13,13,13,0,0,6
2,4,2015,9,396656,0,0,13,13,13,0,0,6
2,4,2015,10,396657,0,0,13,13,13,0,0,6
2,4,2015,11,396658,0,0,13,13,13,0,0,5
2,4,2015,12,396659,0,0,13,13,13,0,0,6
2,4,2015,13,396660,0,0,13,13,13,0,0,6
2,4,2015,14,396661,0,0,13,13,13,0,0,6
2,4,2015,15,396662,0,0,13,13,13,0,0,6
2,4,2015,16,396663,0,0,13,13,13,0,0,6
2,4,2015,17,396664,0,0,13,13,13,0,0,6
2,4,2015,18,396665,0,0,13,13,13,0,0,6
2,4,2015,19,396666,0,0,13,13,13,0,0,6
2,4,2015,20,396667,0,0,13,13,13,0,0,6
2,4,2015,21,396668,0,0,13,13,13,0,0,6
2,4,2015,22,396669,0,1,13,12.75,12,0,0,8
2,4,2015,23,396670,0,0,12,12,12,0,0,6
3,4,2015,0,396671,0,0,12,12,12,0,0,6
3,4,2015,1,396672,0,0,12,12,12,0,0,6
3,4,2015,2,396673,0,0,12,12,12,0,0,6
3,4,2015,3,396674,0,0,12,12,12,0,0,7
3,4,2015,4,396675,0,0,12,12,12,0,0,6
3,4,2015,5,396676,0,0,12,12,12,0,0,6
3,4,2015,6,396677,0,0,12,12,12,0,0,6
3,4,2015,7,396678,0,0,12,12,12,0,0,6
3,4,2015,8,396679,0,0,12,12,12,0,0,6
3,4,2015,9,396680,0,0,12,12,12,0,0,6
3,4,2015,10,396681,0,0,12,12,12,0,0,6
3,4,2015,11,396682,0,0,12,12,12,0,0,6
3,4,2015,12,396683,0,0,12,12,12,0,0,6
3,4,2015,13,396684,0,0,12,12,12,0,0,6
3,4,2015,14,396685,0,0,12,12,12,0,0,5
3,4,2015,15,396686,0,0,12,12,12,0,0,8
3,4,2015,16,396687,0,0,12,12,12,0,0,6
3,4,2015,17,396688,0,0,12,12,12,0,0,6
3,4,2015,18,396689,0,0,12,12,12,0,0,6
3,4,2015,19,396690,0,0,12,12,12,0,0,6
3,4,2015,20,396691,0,0,12,12,12,0,0,6
3,4,2015,21,396692,0,0,12,12,12,0,0,6
3,4,2015,22,396693,0,0,12,12,12,0,0,6
3,4,2015,23,396694,0,0,12,12,12,0,0,6
4,4,2015,0,396695,0,0,12,12,12,0,0,6
4,4,2015,1,396696,0,0,12,12,12,0,0,5
4,4,2015,2,396697,0,0,12,12,12,0,0,6
4,4,2015,3,396698,0,0,12,12,12,0,0,8
4,4,2015,4,396699,0,0,12,12,12,0,0,6
4,4,2015,5,396700,0,0,12,12,12,0,0,6
4,4,2015,6,396701,0,0,12,12,12,0,0,6
4,4,2015,7,396702,0,0,12,12,12,0,0,6
4,4,2015,8,396703,0,0,12,12,12,0,0,6
4,4,2015,9,396704,0,0,12,12,12,0,0,6
4,4,2015,10,396705,0,0,12,12,12,0,0,6
4,4,2015,11,396706,0,0,12,12,12,0,0,6
4,4,2015,12,396707,0,0,12,12,12,0,0,6
4,4,2015,13,396708,0,0,12,12,12,0,0,6
4,4,2015,14,396709,0,0,12,12,12,0,0,6
4,4,2015,15,396710,0,0,12,12,12,0,0,7
4,4,2015,16,396711,0,0,12,12,12,0,0,6
4,4,2015,17,396712,0,0,12,12,12,0,0,6
4,4,2015,18,396713,0,0,12,12,12,0,0,6
4,4,2015,19,396714,0,0,12,12,12,0,0,6
4,4,2015,20,396715,0,0,12,12,12,0,0,6
4,4,2015,21,396716,0,0,12,12,12,0,0,6
4,4,2015,22,396717,0,0,12,12,12,0,0,6
4,4,2015,23,396718,0,0,12,12,12,0,0,6
5,4,2015,0,396719,0,0,12,12,12,0,0,6
5,4,2015,1,396720,0,0,12,12,12,0,0,5
5,4,2015,2,396721,0,0,12,12,12,0,0,6
5,4,2015,3,396722,0,0,12,12,12,0,0,8
5,4,2015,4,396723,0,0,12,12,12,0,0,6
5,4,2015,5,396724,0,0,12,12,12,0,0,6
5,4,2015,6,396725,0,0,12,12,12,0,0,6
5,4,2015,7,396726,0,0,12,12,12,0,0,6
5,4,2015,8,396727,0,0,12,12,12,0,0,6
5,4,2015,9,396728,0,0,12,12,12,0,0,6
5,4,2015,10,396729,0,0,12,12,12,0,0,6
5,4,2015,11,396730,0,0,12,12,12,0,0,6
5,4,2015,12,396731,0,0,12,12,12,0,0,6
5,4,2015,13,396732,0,0,12,12,12,0,0,6
5,4,2015,14,396733,0,0,12,12,12,0,0,6
5,4,2015,15,396734,0,0,12,12,12,0,0,7
5,4,2015,16,396735,0,0,12,12,12,0,0,6
5,4,2015,17,396736,0,0,12,12,12,0,0,6
5,4,2015,18,396737,0,0,12,12,12,0,0,6
5,4,2015,19,396738,0,0,12,12,12,0,0,6
5,4,2015,20,396739,0,0,12,12,12,0,0,6
5,4,2015,21,396740,0,0,12,12,12,0,0,6
5,4,2015,22,396741,0,0,12,12,12,0,0,6
5,4,2015,23,396742,0,0,12,12,12,0,0,6
6,4,2015,0,396743,0,0,12,12,12,0,0,6
6,4,2015,1,396744,0,0,12,12,12,0,0,5
6,4,2015,2,396745,0,0,12,12,12,0,0,6
6,4,2015,3,396746,0,0,12,12,12,0,0,8
6,4,2015,4,396747,0,0,12,12,12,0,0,6
6,4,2015,5,396748,0,0,12,12,12,0,0,6
6,4,2015,6,396749,0,0,12,12,12,0,0,6
6,4,2015,7,396750,0,0,12,12,12,0,0,6
6,4,2015,8,396751,0,0,12,12,12,0,0,6
6,4,2015,9,396752,0,0,12,12,12,0,0,6
6,4,2015,10,396753,0,0,12,12,12,0,0,6
6,4,2015,11,396754,0,0,12,12,12,0,0,6
6,4,2015,12,396755,0,0,12,12,12,0,0,5
6,4,2015,13,396756,0,0,12,12,12,0,0,6
6,4,2015,14,396757,0,0,12,12,12,0,0,6
6,4,2015,15,396758,0,0,12,12,12,0,0,8
6,4,2015,16,396759,0,0,12,12,12,0,0,6
6,4,2015,17,396760,0,0,12,12,12,0,0,6
6,4,2015,18,396761,0,0,12,12,12,0,0,6
6,4,2015,19,396762,0,0,12,12,12,0,0,6
6,4,2015,20,396763,0,0,12,12,12,0,0,6
6,4,2015,21,396764,0,0,12,12,12,0,0,6
6,4,2015,22,396765,0,0,12,12,12,0,0,5
6,4,2015,23,396766,0,0,12,12,12,0,0,6
7,4,2015,0,396767,0,0,12,12,12,0,0,6
7,4,2015,1,396768,0,0,12,12,12,0,0,6
7,4,2015,2,396769,0,0,12,12,12,0,0,6
7,4,2015,3,396770,0,0,12,12,12,0,0,7
7,4,2015,4,396771,0,0,12,12,12,0,0,6
7,4,2015,5,396772,0,0,12,12,12,0,0,6
7,4,2015,6,396773,0,0,12,12,12,0,0,6
7,4,2015,7,396774,0,0,12,12,12,0,0,6
7,4,2015,8,396775,0,0,12,12,12,0,0,6
7,4,2015,9,396776,0,0,12,12,12,0,0,6
7,4,2015,10,396777,0,0,12,12,12,0,0,6
7,4,2015,11,396778,0,0,12,12,12,0,0,6
7,4,2015,12,396779,0,0,12,12,12,0,0,6
7,4,2015,13,396780,0,1,11,11.3333333333333,11,0,0,6
7,4,2015,14,396781,0,0,11,11,11,0,0,6
7,4,2015,15,396782,0,0,11,11,11,0,0,8
7,4,2015,16,396783,0,0,11,11,11,0,0,6
7,4,2015,17,396784,0,0,11,11,11,0,0,6
7,4,2015,18,396785,1,0,11,11.4285714285714,12,0,0,7
7,4,2015,19,396786,0,1,11,11.1428571428571,11,0,0,7
7,4,2015,20,396787,0,0,11,11,11,0,0,6
7,4,2015,21,396788,0,0,11,11,11,0,0,6
7,4,2015,22,396789,0,0,11,11,11,0,0,6
7,4,2015,23,396790,0,0,11,11,11,0,0,6
8,4,2015,0,396791,0,0,11,11,11,0,0,6
8,4,2015,1,396792,0,0,11,11,11,0,0,6
8,4,2015,2,396793,0,0,11,11,11,0,0,6
8,4,2015,3,396794,0,0,11,11,11,0,0,7
8,4,2015,4,396795,0,0,11,11,11,0,0,6
8,4,2015,5,396796,0,0,11,11,11,0,0,6
8,4,2015,6,396797,1,0,11,11.1428571428571,12,0,0,7
8,4,2015,7,396798,0,0,12,12,12,0,0,5
8,4,2015,8,396799,0,0,12,12,12,0,0,6
8,4,2015,9,396800,0,0,12,12,12,0,0,6
8,4,2015,10,396801,0,0,12,12,12,0,0,6
8,4,2015,11,396802,1,0,13,12.5714285714286,13,0,0,7
8,4,2015,12,396803,0,0,13,13,13,0,0,6
8,4,2015,13,396804,0,0,13,13,13,0,0,6
8,4,2015,14,396805,0,0,13,13,13,0,0,6
8,4,2015,15,396806,0,0,13,13,13,0,0,7
8,4,2015,16,396807,0,0,13,13,13,0,0,6
8,4,2015,17,396808,0,0,13,13,13,0,0,6
8,4,2015,18,396809,0,2,11,11.7142857142857,11,0,0,7
8,4,2015,19,396810,0,0,11,11,11,0,0,6
8,4,2015,20,396811,0,0,11,11,11,0,0,6
8,4,2015,21,396812,0,0,11,11,11,0,0,6
8,4,2015,22,396813,0,0,11,11,11,0,0,6
8,4,2015,23,396814,0,0,11,11,11,0,0,6
9,4,2015,0,396815,0,0,11,11,11,0,0,6
9,4,2015,1,396816,0,0,11,11,11,0,0,6
9,4,2015,2,396817,0,0,11,11,11,0,0,6
9,4,2015,3,396818,0,0,11,11,11,0,0,7
9,4,2015,4,396819,0,0,11,11,11,0,0,7
9,4,2015,5,396820,0,0,11,11,11,0,0,5
9,4,2015,6,396821,0,0,11,11,11,0,0,6
9,4,2015,7,396822,0,0,11,11,11,0,0,6
9,4,2015,8,396823,0,0,11,11,11,0,0,6
9,4,2015,9,396824,0,0,11,11,11,0,0,6
9,4,2015,10,396825,0,0,11,11,11,0,0,6
9,4,2015,11,396826,0,0,11,11,11,0,0,6
9,4,2015,12,396827,0,0,11,11,11,0,0,6
9,4,2015,13,396828,0,0,11,11,11,0,0,6
9,4,2015,14,396829,0,0,11,11,11,0,0,6
9,4,2015,15,396830,0,0,11,11,11,0,0,7
9,4,2015,16,396831,0,0,11,11,11,0,0,6
9,4,2015,17,396832,0,0,11,11,11,0,0,6
9,4,2015,18,396833,0,1,11,10.8333333333333,10,0,0,6
9,4,2015,19,396834,0,0,10,10,10,0,0,6
9,4,2015,20,396835,0,0,10,10,10,0,0,6
9,4,2015,21,396836,0,0,10,10,10,0,0,6
9,4,2015,22,396837,0,0,10,10,10,0,0,5
9,4,2015,23,396838,0,0,10,10,10,0,0,6
10,4,2015,0,396839,0,0,10,10,10,0,0,6
10,4,2015,1,396840,0,0,10,10,10,0,0,6
10,4,2015,2,396841,0,0,10,10,10,0,0,6
10,4,2015,3,396842,0,0,10,10,10,0,0,7
10,4,2015,4,396843,0,0,10,10,10,0,0,6
10,4,2015,5,396844,0,0,10,10,10,0,0,6
10,4,2015,6,396845,0,0,10,10,10,0,0,6
10,4,2015,7,396846,0,0,10,10,10,0,0,6
10,4,2015,8,396847,0,0,10,10,10,0,0,6
10,4,2015,9,396848,0,0,10,10,10,0,0,6
10,4,2015,10,396849,0,0,10,10,10,0,0,6
10,4,2015,11,396850,1,0,11,10.6666666666667,11,0,0,6
10,4,2015,12,396851,0,1,11,10.7142857142857,10,0,0,7
10,4,2015,13,396852,0,0,10,10,10,0,0,6
10,4,2015,14,396853,0,0,10,10,10,0,0,6
10,4,2015,15,396854,0,0,10,10,10,0,0,7
10,4,2015,16,396855,0,0,10,10,10,0,0,6
10,4,2015,17,396856,0,0,10,10,10,0,0,6
10,4,2015,18,396857,0,0,10,10,10,0,0,6
10,4,2015,19,396858,0,0,10,10,10,0,0,6
10,4,2015,20,396859,0,0,10,10,10,0,0,7
10,4,2015,21,396860,0,0,10,10,10,0,0,6
10,4,2015,22,396861,0,0,10,10,10,0,0,6
10,4,2015,23,396862,0,0,10,10,10,0,0,5
11,4,2015,0,396863,0,0,10,10,10,0,0,6
11,4,2015,1,396864,0,0,10,10,10,0,0,6
11,4,2015,2,396865,0,0,10,10,10,0,0,6
11,4,2015,3,396866,0,0,10,10,10,0,0,7
11,4,2015,4,396867,0,0,10,10,10,0,0,6
11,4,2015,5,396868,0,0,10,10,10,0,0,6
11,4,2015,6,396869,0,0,10,10,10,0,0,6
11,4,2015,7,396870,0,0,10,10,10,0,0,6
11,4,2015,8,396871,0,0,10,10,10,0,0,6
11,4,2015,9,396872,0,0,10,10,10,0,0,6
11,4,2015,10,396873,0,0,10,10,10,0,0,6
11,4,2015,11,396874,0,0,10,10,10,0,0,6
11,4,2015,12,396875,0,1,9,9.33333333333333,9,0,0,6
11,4,2015,13,396876,0,0,9,9,9,0,0,6
11,4,2015,14,396877,0,0,9,9,9,0,0,6
11,4,2015,15,396878,1,0,9,9.375,10,0,0,8
11,4,2015,16,396879,0,0,10,10,10,0,0,6
11,4,2015,17,396880,0,0,10,10,10,0,0,6
11,4,2015,18,396881,0,0,10,10,10,0,0,5
11,4,2015,19,396882,0,0,10,10,10,0,0,6
11,4,2015,20,396883,0,0,10,10,10,0,0,6
11,4,2015,21,396884,0,0,10,10,10,0,0,6
11,4,2015,22,396885,0,0,10,10,10,0,0,6
11,4,2015,23,396886,0,0,10,10,10,0,0,6
12,4,2015,0,396887,0,0,10,10,10,0,0,6
12,4,2015,1,396888,0,0,10,10,10,0,0,6
12,4,2015,2,396889,0,0,10,10,10,0,0,6
12,4,2015,3,396890,0,0,10,10,10,0,0,7
12,4,2015,4,396891,0,0,10,10,10,0,0,6
12,4,2015,5,396892,0,0,10,10,10,0,0,6
12,4,2015,6,396893,0,0,10,10,10,0,0,6
12,4,2015,7,396894,0,0,10,10,10,0,0,6
12,4,2015,8,396895,0,0,10,10,10,0,0,5
12,4,2015,9,396896,0,0,10,10,10,0,0,6
12,4,2015,10,396897,0,0,10,10,10,0,0,6
12,4,2015,11,396898,0,0,10,10,10,0,0,6
12,4,2015,12,396899,0,0,10,10,10,0,0,6
12,4,2015,13,396900,0,0,10,10,10,0,0,6
12,4,2015,14,396901,0,0,10,10,10,0,0,6
12,4,2015,15,396902,0,0,10,10,10,0,0,8
12,4,2015,16,396903,0,0,10,10,10,0,0,6
12,4,2015,17,396904,0,0,10,10,10,0,0,6
12,4,2015,18,396905,0,0,10,10,10,0,0,6
12,4,2015,19,396906,0,0,10,10,10,0,0,6
12,4,2015,20,396907,0,0,10,10,10,0,0,6
12,4,2015,21,396908,0,0,10,10,10,0,0,6
12,4,2015,22,396909,0,0,10,10,10,0,0,6
12,4,2015,23,396910,0,0,10,10,10,0,0,6
13,4,2015,0,396911,0,0,10,10,10,0,0,5
13,4,2015,1,396912,0,0,10,10,10,0,0,6
13,4,2015,2,396913,0,0,10,10,10,0,0,6
13,4,2015,3,396914,0,0,10,10,10,0,0,7
13,4,2015,4,396915,0,0,10,10,10,0,0,6
13,4,2015,5,396916,0,0,10,10,10,0,0,6
13,4,2015,6,396917,0,0,10,10,10,0,0,6
13,4,2015,7,396918,0,0,10,10,10,0,0,6
13,4,2015,8,396919,0,0,10,10,10,0,0,6
13,4,2015,9,396920,0,0,10,10,10,0,0,6
13,4,2015,10,396921,0,0,10,10,10,0,0,6
13,4,2015,11,396922,0,0,10,10,10,0,0,6
13,4,2015,12,396923,1,1,9,9.44444444444444,10,0,0,9
13,4,2015,13,396924,0,0,10,10,10,0,0,5
13,4,2015,14,396925,1,0,11,10.5714285714286,11,0,0,7
13,4,2015,15,396926,0,0,11,11,11,0,0,7
13,4,2015,16,396927,0,0,11,11,11,0,0,6
13,4,2015,17,396928,0,0,11,11,11,0,0,6
13,4,2015,18,396929,0,0,11,11,11,0,0,6
13,4,2015,19,396930,0,0,11,11,11,0,0,6
13,4,2015,20,396931,0,0,11,11,11,0,0,6
13,4,2015,21,396932,0,0,11,11,11,0,0,6
13,4,2015,22,396933,0,0,11,11,11,0,0,6
13,4,2015,23,396934,0,0,11,11,11,0,0,6
14,4,2015,0,396935,0,0,11,11,11,0,0,5
14,4,2015,1,396936,0,0,11,11,11,0,0,6
14,4,2015,2,396937,0,0,11,11,11,0,0,6
14,4,2015,3,396938,0,0,11,11,11,0,0,7
14,4,2015,4,396939,0,0,11,11,11,0,0,6
14,4,2015,5,396940,0,0,11,11,11,0,0,6
14,4,2015,6,396941,0,0,11,11,11,0,0,6
14,4,2015,7,396942,0,0,11,11,11,0,0,6
14,4,2015,8,396943,0,0,11,11,11,0,0,6
14,4,2015,9,396944,0,0,11,11,11,0,0,6
14,4,2015,10,396945,0,0,11,11,11,0,0,6
14,4,2015,11,396946,0,0,11,11,11,0,0,6
14,4,2015,12,396947,0,0,11,11,11,0,0,6
14,4,2015,13,396948,0,0,11,11,11,0,0,6
14,4,2015,14,396949,0,0,11,11,11,0,0,6
14,4,2015,15,396950,0,0,11,11,11,0,0,7
14,4,2015,16,396951,0,1,10,10.4285714285714,10,0,0,7
14,4,2015,17,396952,0,0,10,10,10,0,0,6
14,4,2015,18,396953,1,0,11,10.8333333333333,11,0,0,6
14,4,2015,19,396954,0,0,11,11,11,0,0,6
14,4,2015,20,396955,0,1,11,10.8571428571429,10,0,0,7
14,4,2015,21,396956,0,0,10,10,10,0,0,6
14,4,2015,22,396957,0,0,10,10,10,0,0,6
14,4,2015,23,396958,0,0,10,10,10,0,0,6
15,4,2015,0,396959,0,0,10,10,10,0,0,6
15,4,2015,1,396960,0,0,10,10,10,0,0,6
15,4,2015,2,396961,0,0,10,10,10,0,0,6
15,4,2015,3,396962,0,0,10,10,10,0,0,7
15,4,2015,4,396963,0,0,10,10,10,0,0,6
15,4,2015,5,396964,0,0,10,10,10,0,0,6
15,4,2015,6,396965,0,0,10,10,10,0,0,6
15,4,2015,7,396966,0,0,10,10,10,0,0,6
15,4,2015,8,396967,0,0,10,10,10,0,0,6
15,4,2015,9,396968,0,0,10,10,10,0,0,6
15,4,2015,10,396969,0,0,10,10,10,0,0,6
15,4,2015,11,396970,0,0,10,10,10,0,0,5
15,4,2015,12,396971,0,0,10,10,10,0,0,6
15,4,2015,13,396972,0,0,10,10,10,0,0,6
15,4,2015,14,396973,0,0,10,10,10,0,0,6
15,4,2015,15,396974,0,0,10,10,10,0,0,8
15,4,2015,16,396975,0,0,10,10,10,0,0,6
15,4,2015,17,396976,0,0,10,10,10,0,0,6
15,4,2015,18,396977,0,1,9,9.28571428571429,9,0,0,7
15,4,2015,19,396978,0,0,9,9,9,0,0,6
15,4,2015,20,396979,0,0,9,9,9,0,0,6
15,4,2015,21,396980,0,0,9,9,9,0,0,6
15,4,2015,22,396981,0,0,9,9,9,0,0,6
15,4,2015,23,396982,0,0,9,9,9,0,0,8
16,4,2015,0,396983,0,0,9,9,9,0,0,6
16,4,2015,1,396984,0,0,9,9,9,0,0,6
16,4,2015,2,396985,0,0,9,9,9,0,0,6
16,4,2015,3,396986,0,0,9,9,9,0,0,7
16,4,2015,4,396987,0,0,9,9,9,0,0,6
16,4,2015,5,396988,0,0,9,9,9,0,0,6
16,4,2015,6,396989,0,0,9,9,9,0,0,6
16,4,2015,7,396990,0,0,9,9,9,0,0,6
16,4,2015,8,396991,0,0,9,9,9,0,0,6
16,4,2015,9,396992,0,0,9,9,9,0,0,6
16,4,2015,10,396993,0,0,9,9,9,0,0,6
16,4,2015,11,396994,0,0,9,9,9,0,0,6
16,4,2015,12,396995,0,0,9,9,9,0,0,6
16,4,2015,13,396996,0,0,9,9,9,0,0,6
16,4,2015,14,396997,1,0,9.5,9.5,10,0,0,6
16,4,2015,15,396998,0,0,10,10,10,0,0,7
16,4,2015,16,396999,0,0,10,10,10,0,0,6
16,4,2015,17,397000,0,0,10,10,10,0,0,6
16,4,2015,18,397001,0,0,10,10,10,0,0,6
16,4,2015,19,397002,0,0,10,10,10,0,0,6
16,4,2015,20,397003,0,0,10,10,10,0,0,6
16,4,2015,21,397004,0,0,10,10,10,0,0,6
16,4,2015,22,397005,0,0,10,10,10,0,0,6
16,4,2015,23,397006,0,0,10,10,10,0,0,6
17,4,2015,0,397007,0,0,10,10,10,0,0,6
17,4,2015,1,397008,0,0,10,10,10,0,0,5
17,4,2015,2,397009,0,0,10,10,10,0,0,6
17,4,2015,3,397010,0,0,10,10,10,0,0,9
17,4,2015,4,397011,0,0,10,10,10,0,0,6
17,4,2015,5,397012,0,0,10,10,10,0,0,6
17,4,2015,6,397013,0,0,10,10,10,0,0,6
17,4,2015,7,397014,0,0,10,10,10,0,0,6
17,4,2015,8,397015,0,0,10,10,10,0,0,1
18,4,2015,3,397034,0,0,9,9,9,0,0,7
18,4,2015,4,397035,0,0,9,9,9,0,0,6
18,4,2015,5,397036,0,0,9,9,9,0,0,6
18,4,2015,6,397037,0,0,9,9,9,0,0,6
18,4,2015,7,397038,0,0,9,9,9,0,0,6
18,4,2015,8,397039,0,0,9,9,9,0,0,6
18,4,2015,9,397040,0,0,9,9,9,0,0,6
18,4,2015,10,397041,0,0,9,9,9,0,0,6
18,4,2015,11,397042,0,0,9,9,9,0,0,6
18,4,2015,12,397043,0,0,9,9,9,0,0,6
18,4,2015,13,397044,0,0,9,9,9,0,0,6
18,4,2015,14,397045,0,0,9,9,9,0,0,6
18,4,2015,15,397046,0,0,9,9,9,0,0,8
18,4,2015,16,397047,0,0,9,9,9,0,0,6
18,4,2015,17,397048,0,0,9,9,9,0,0,6
18,4,2015,18,397049,0,0,9,9,9,0,0,6
18,4,2015,19,397050,0,0,9,9,9,0,0,6
18,4,2015,20,397051,0,1,9,8.66666666666667,8,0,0,6
18,4,2015,21,397052,0,0,8,8,8,0,0,6
18,4,2015,22,397053,0,0,8,8,8,0,0,6
18,4,2015,23,397054,0,0,8,8,8,0,0,6
19,4,2015,0,397055,0,0,8,8,8,0,0,6
19,4,2015,1,397056,0,0,8,8,8,0,0,6
19,4,2015,2,397057,0,0,8,8,8,0,0,6
19,4,2015,3,397058,0,0,8,8,8,0,0,7
19,4,2015,4,397059,0,0,8,8,8,0,0,6
19,4,2015,5,397060,0,0,8,8,8,0,0,6
19,4,2015,6,397061,0,0,8,8,8,0,0,6
19,4,2015,7,397062,0,0,8,8,8,0,0,6
19,4,2015,8,397063,0,0,8,8,8,0,0,6
19,4,2015,9,397064,0,0,8,8,8,0,0,6
19,4,2015,10,397065,2,0,8,8.28571428571429,10,0,0,7
19,4,2015,11,397066,1,2,9,8.75,9,0,0,8
19,4,2015,12,397067,0,0,9,9,9,0,0,6
19,4,2015,13,397068,0,0,9,9,9,0,0,6
19,4,2015,14,397069,0,0,9,9,9,0,0,6
19,4,2015,15,397070,0,0,9,9,9,0,0,7
19,4,2015,16,397071,0,0,9,9,9,0,0,6
19,4,2015,17,397072,0,0,9,9,9,0,0,6
19,4,2015,18,397073,0,0,9,9,9,0,0,6
19,4,2015,19,397074,0,0,9,9,9,0,0,6
19,4,2015,20,397075,0,0,9,9,9,0,0,6
19,4,2015,21,397076,0,0,9,9,9,0,0,6
19,4,2015,22,397077,0,0,9,9,9,0,0,6
19,4,2015,23,397078,0,0,9,9,9,0,0,6
20,4,2015,0,397079,0,0,9,9,9,0,0,5
20,4,2015,1,397080,0,0,9,9,9,0,0,7
20,4,2015,2,397081,0,0,9,9,9,0,0,6
20,4,2015,3,397082,0,0,9,9,9,0,0,7
20,4,2015,4,397083,0,0,9,9,9,0,0,6
20,4,2015,5,397084,0,0,9,9,9,0,0,6
20,4,2015,6,397085,0,0,9,9,9,0,0,6
20,4,2015,7,397086,0,0,9,9,9,0,0,6
20,4,2015,8,397087,0,0,9,9,9,0,0,6
20,4,2015,9,397088,0,0,9,9,9,0,0,6
20,4,2015,10,397089,0,0,9,9,9,0,0,6
20,4,2015,11,397090,0,0,9,9,9,0,0,6
20,4,2015,12,397091,0,0,9,9,9,0,0,6
20,4,2015,13,397092,0,0,9,9,9,0,0,6
20,4,2015,14,397093,0,0,9,9,9,0,0,6
20,4,2015,15,397094,0,0,9,9,9,0,0,7
20,4,2015,16,397095,0,0,9,9,9,0,0,6
20,4,2015,17,397096,0,0,9,9,9,0,0,6
20,4,2015,18,397097,0,0,9,9,9,0,0,6
20,4,2015,19,397098,0,0,9,9,9,0,0,6
20,4,2015,20,397099,0,0,9,9,9,0,0,6
20,4,2015,21,397100,0,0,9,9,9,0,0,6
20,4,2015,22,397101,0,0,9,9,9,0,0,6
20,4,2015,23,397102,0,0,9,9,9,0,0,6
21,4,2015,0,397103,0,0,9,9,9,0,0,6
21,4,2015,1,397104,0,0,9,9,9,0,0,5
21,4,2015,2,397105,0,0,9,9,9,0,0,6
21,4,2015,3,397106,0,0,9,9,9,0,0,8
21,4,2015,4,397107,0,0,9,9,9,0,0,6
21,4,2015,5,397108,0,0,9,9,9,0,0,6
21,4,2015,6,397109,0,0,9,9,9,0,0,6
21,4,2015,7,397110,0,0,9,9,9,0,0,6
21,4,2015,8,397111,8,9,5,4.9375,8,0.0625,0,16
21,4,2015,9,397112,1,0,9,8.83333333333333,9,0,0,6
21,4,2015,10,397113,0,0,9,9,9,0,0,6
21,4,2015,11,397114,0,0,9,9,9,0,0,6
21,4,2015,12,397115,0,0,9,9,9,0,0,6
21,4,2015,13,397116,0,0,9,9,9,0,0,6
21,4,2015,14,397117,0,1,9,8.66666666666667,8,0,0,6
21,4,2015,15,397118,0,0,8,8,8,0,0,8
21,4,2015,16,397119,0,0,8,8,8,0,0,6
21,4,2015,17,397120,0,0,8,8,8,0,0,6
21,4,2015,18,397121,0,0,8,8,8,0,0,6
21,4,2015,19,397122,0,0,8,8,8,0,0,6
21,4,2015,20,397123,0,0,8,8,8,0,0,6
21,4,2015,21,397124,0,0,8,8,8,0,0,6
21,4,2015,22,397125,0,0,8,8,8,0,0,6
21,4,2015,23,397126,0,0,8,8,8,0,0,6
22,4,2015,0,397127,0,0,8,8,8,0,0,5
22,4,2015,1,397128,0,0,8,8,8,0,0,6
22,4,2015,2,397129,0,0,8,8,8,0,0,6
22,4,2015,3,397130,0,0,8,8,8,0,0,7
22,4,2015,4,397131,0,0,8,8,8,0,0,6
22,4,2015,5,397132,0,0,8,8,8,0,0,6
22,4,2015,6,397133,0,0,8,8,8,0,0,6
22,4,2015,7,397134,0,0,8,8,8,0,0,6
22,4,2015,8,397135,0,0,8,8,8,0,0,6
22,4,2015,9,397136,0,0,8,8,8,0,0,6
22,4,2015,10,397137,0,0,8,8,8,0,0,6
22,4,2015,11,397138,0,0,8,8,8,0,0,6
22,4,2015,12,397139,0,0,8,8,8,0,0,6
22,4,2015,13,397140,0,0,8,8,8,0,0,6
22,4,2015,14,397141,0,0,8,8,8,0,0,6
22,4,2015,15,397142,0,0,8,8,8,0,0,7
22,4,2015,16,397143,0,0,8,8,8,0,0,6
22,4,2015,17,397144,0,0,8,8,8,0,0,6
22,4,2015,18,397145,0,0,8,8,8,0,0,6
22,4,2015,19,397146,0,0,8,8,8,0,0,6
22,4,2015,20,397147,0,0,8,8,8,0,0,6
22,4,2015,21,397148,0,0,8,8,8,0,0,6
22,4,2015,22,397149,0,0,8,8,8,0,0,6
22,4,2015,23,397150,0,0,8,8,8,0,0,6
23,4,2015,0,397151,0,0,8,8,8,0,0,5
23,4,2015,1,397152,0,0,8,8,8,0,0,6
23,4,2015,2,397153,0,0,8,8,8,0,0,6
23,4,2015,3,397154,0,0,8,8,8,0,0,8
23,4,2015,4,397155,0,0,8,8,8,0,0,6
23,4,2015,5,397156,0,0,8,8,8,0,0,5
23,4,2015,6,397157,0,0,8,8,8,0,0,6
23,4,2015,7,397158,2,2,8,8.16666666666667,8,0,0,12
23,4,2015,8,397159,0,0,8,8,8,0,0,6
23,4,2015,9,397160,0,0,8,8,8,0,0,6
23,4,2015,10,397161,0,0,8,8,8,0,0,6
23,4,2015,11,397162,0,0,8,8,8,0,0,6
23,4,2015,12,397163,0,0,8,8,8,0,0,6
23,4,2015,13,397164,0,0,8,8,8,0,0,6
23,4,2015,14,397165,0,0,8,8,8,0,0,5
23,4,2015,15,397166,0,0,8,8,8,0,0,7
23,4,2015,16,397167,0,0,8,8,8,0,0,6
23,4,2015,17,397168,0,0,8,8,8,0,0,6
23,4,2015,18,397169,0,0,8,8,8,0,0,5
23,4,2015,19,397170,0,0,8,8,8,0,0,6
23,4,2015,20,397171,0,0,8,8,8,0,0,6
23,4,2015,21,397172,0,0,8,8,8,0,0,6
23,4,2015,22,397173,0,0,8,8,8,0,0,6
23,4,2015,23,397174,0,0,8,8,8,0,0,6
24,4,2015,0,397175,0,0,8,8,8,0,0,6
24,4,2015,1,397176,0,0,8,8,8,0,0,6
24,4,2015,2,397177,0,0,8,8,8,0,0,6
24,4,2015,3,397178,0,0,8,8,8,0,0,7
24,4,2015,4,397179,0,0,8,8,8,0,0,6
24,4,2015,5,397180,0,0,8,8,8,0,0,6
24,4,2015,6,397181,0,0,8,8,8,0,0,6
24,4,2015,7,397182,0,0,8,8,8,0,0,6
24,4,2015,8,397183,0,0,8,8,8,0,0,6
24,4,2015,9,397184,1,0,8,8.33333333333333,9,0,0,6
24,4,2015,10,397185,0,0,9,9,9,0,0,6
24,4,2015,11,397186,0,0,9,9,9,0,0,6
24,4,2015,12,397187,0,0,9,9,9,0,0,6
24,4,2015,13,397188,0,0,9,9,9,0,0,6
24,4,2015,14,397189,0,0,9,9,9,0,0,6
24,4,2015,15,397190,0,0,9,9,9,0,0,8
24,4,2015,16,397191,0,0,9,9,9,0,0,6
24,4,2015,17,397192,0,0,9,9,9,0,0,6
24,4,2015,18,397193,0,0,9,9,9,0,0,6
24,4,2015,19,397194,0,0,9,9,9,0,0,6
24,4,2015,20,397195,0,0,9,9,9,0,0,5
24,4,2015,21,397196,0,0,9,9,9,0,0,6
24,4,2015,22,397197,0,0,9,9,9,0,0,6
24,4,2015,23,397198,0,0,9,9,9,0,0,6
25,4,2015,0,397199,0,0,9,9,9,0,0,6
25,4,2015,1,397200,0,0,9,9,9,0,0,6
25,4,2015,2,397201,0,0,9,9,9,0,0,6
25,4,2015,3,397202,0,0,9,9,9,0,0,7
25,4,2015,4,397203,0,0,9,9,9,0,0,6
25,4,2015,5,397204,0,0,9,9,9,0,0,6
25,4,2015,6,397205,0,0,9,9,9,0,0,6
25,4,2015,7,397206,0,0,9,9,9,0,0,6
25,4,2015,8,397207,0,0,9,9,9,0,0,6
25,4,2015,9,397208,0,0,9,9,9,0,0,6
25,4,2015,10,397209,0,0,9,9,9,0,0,6
25,4,2015,11,397210,0,0,9,9,9,0,0,6
25,4,2015,12,397211,0,0,9,9,9,0,0,6
25,4,2015,13,397212,0,0,9,9,9,0,0,7
25,4,2015,14,397213,0,0,9,9,9,0,0,5
25,4,2015,15,397214,0,0,9,9,9,0,0,8
25,4,2015,16,397215,0,0,9,9,9,0,0,6
25,4,2015,17,397216,0,0,9,9,9,0,0,7
25,4,2015,18,397217,0,0,9,9,9,0,0,6
25,4,2015,19,397218,0,0,9,9,9,0,0,6
25,4,2015,20,397219,0,0,9,9,9,0,0,6
25,4,2015,21,397220,0,0,9,9,9,0,0,5
25,4,2015,22,397221,0,0,9,9,9,0,0,6
25,4,2015,23,397222,0,0,9,9,9,0,0,6
26,4,2015,0,397223,0,0,9,9,9,0,0,6
26,4,2015,1,397224,0,0,9,9,9,0,0,6
26,4,2015,2,397225,0,0,9,9,9,0,0,6
26,4,2015,3,397226,0,0,9,9,9,0,0,7
26,4,2015,4,397227,0,0,9,9,9,0,0,6
26,4,2015,5,397228,0,0,9,9,9,0,0,6
26,4,2015,6,397229,0,0,9,9,9,0,0,6
26,4,2015,7,397230,0,0,9,9,9,0,0,6
26,4,2015,8,397231,0,0,9,9,9,0,0,5
26,4,2015,9,397232,0,0,9,9,9,0,0,6
26,4,2015,10,397233,0,0,9,9,9,0,0,6
26,4,2015,11,397234,0,0,9,9,9,0,0,6
26,4,2015,12,397235,0,0,9,9,9,0,0,6
26,4,2015,13,397236,0,0,9,9,9,0,0,6
26,4,2015,14,397237,0,0,9,9,9,0,0,6
26,4,2015,15,397238,2,2,9,9.41666666666667,9,0,0,12
26,4,2015,16,397239,0,0,9,9,9,0,0,6
26,4,2015,17,397240,0,0,9,9,9,0,0,6
26,4,2015,18,397241,0,0,9,9,9,0,0,6
26,4,2015,19,397242,0,0,9,9,9,0,0,6
26,4,2015,20,397243,0,0,9,9,9,0,0,6
26,4,2015,21,397244,0,0,9,9,9,0,0,5
26,4,2015,22,397245,0,0,9,9,9,0,0,6
26,4,2015,23,397246,0,0,9,9,9,0,0,6
27,4,2015,0,397247,0,0,9,9,9,0,0,6
27,4,2015,1,397248,0,0,9,9,9,0,0,6
27,4,2015,2,397249,0,0,9,9,9,0,0,6
27,4,2015,3,397250,0,0,9,9,9,0,0,7
27,4,2015,4,397251,0,0,9,9,9,0,0,6
27,4,2015,5,397252,0,0,9,9,9,0,0,6
27,4,2015,6,397253,0,0,9,9,9,0,0,6
27,4,2015,7,397254,0,0,9,9,9,0,0,6
27,4,2015,8,397255,0,0,9,9,9,0,0,6
27,4,2015,9,397256,0,0,9,9,9,0,0,6
27,4,2015,10,397257,0,0,9,9,9,0,0,6
27,4,2015,11,397258,0,0,9,9,9,0,0,6
27,4,2015,12,397259,0,0,9,9,9,0,0,6
27,4,2015,13,397260,0,0,9,9,9,0,0,6
27,4,2015,14,397261,0,0,9,9,9,0,0,6
27,4,2015,15,397262,0,0,9,9,9,0,0,7
27,4,2015,16,397263,0,0,9,9,9,0,0,6
27,4,2015,17,397264,0,0,9,9,9,0,0,6
27,4,2015,18,397265,0,0,9,9,9,0,0,6
27,4,2015,19,397266,0,0,9,9,9,0,0,6
27,4,2015,20,397267,0,0,9,9,9,0,0,6
27,4,2015,21,397268,0,0,9,9,9,0,0,6
27,4,2015,22,397269,0,0,9,9,9,0,0,6
27,4,2015,23,397270,0,0,9,9,9,0,0,6
28,4,2015,0,397271,0,0,9,9,9,0,0,6
28,4,2015,1,397272,0,0,9,9,9,0,0,6
28,4,2015,2,397273,0,0,9,9,9,0,0,5
28,4,2015,3,397274,0,0,9,9,9,0,0,7
28,4,2015,4,397275,0,0,9,9,9,0,0,6
28,4,2015,5,397276,0,0,9,9,9,0,0,6
28,4,2015,6,397277,1,0,9,9.16666666666667,10,0,0,6
28,4,2015,7,397278,0,0,10,10,10,0,0,6
28,4,2015,8,397279,0,0,10,10,10,0,0,6
28,4,2015,9,397280,0,0,10,10,10,0,0,3
28,4,2015,10,397281,0,0,10,10,10,0,0,6
28,4,2015,11,397282,0,0,10,10,10,0,0,6
28,4,2015,12,397283,1,0,10,10.3333333333333,11,0,0,6
28,4,2015,13,397284,0,0,11,11,11,0,0,6
28,4,2015,14,397285,0,0,11,11,11,0,0,6
28,4,2015,15,397286,0,0,11,11,11,0,0,7
28,4,2015,16,397287,0,0,11,11,11,0,0,6
28,4,2015,17,397288,0,0,11,11,11,0,0,6
28,4,2015,18,397289,0,0,11,11,11,0,0,6
28,4,2015,19,397290,0,0,11,11,11,0,0,6
28,4,2015,20,397291,0,0,11,11,11,0,0,6
28,4,2015,21,397292,0,0,11,11,11,0,0,6
28,4,2015,22,397293,0,0,11,11,11,0,0,6
28,4,2015,23,397294,0,0,11,11,11,0,0,6
29,4,2015,0,397295,0,0,11,11,11,0,0,6
29,4,2015,1,397296,0,0,11,11,11,0,0,5
29,4,2015,2,397297,0,0,11,11,11,0,0,6
29,4,2015,3,397298,0,0,11,11,11,0,0,8
29,4,2015,4,397299,0,0,11,11,11,0,0,6
29,4,2015,5,397300,0,0,11,11,11,0,0,6
29,4,2015,6,397301,0,0,11,11,11,0,0,6
29,4,2015,7,397302,0,0,11,11,11,0,0,6
29,4,2015,8,397303,0,0,11,11,11,0,0,6
29,4,2015,9,397304,0,0,11,11,11,0,0,6
29,4,2015,10,397305,0,0,11,11,11,0,0,6
29,4,2015,11,397306,0,0,11,11,11,0,0,6
29,4,2015,12,397307,0,0,11,11,11,0,0,6
29,4,2015,13,397308,0,0,11,11,11,0,0,6
29,4,2015,14,397309,0,0,11,11,11,0,0,6
29,4,2015,15,397310,0,0,11,11,11,0,0,7
29,4,2015,16,397311,0,0,11,11,11,0,0,6
29,4,2015,17,397312,0,0,11,11,11,0,0,6
29,4,2015,18,397313,0,0,11,11,11,0,0,6
29,4,2015,19,397314,0,0,11,11,11,0,0,6
29,4,2015,20,397315,0,0,11,11,11,0,0,6
29,4,2015,21,397316,0,0,11,11,11,0,0,6
29,4,2015,22,397317,0,0,11,11,11,0,0,6
29,4,2015,23,397318,0,0,11,11,11,0,0,6
30,4,2015,0,397319,0,0,11,11,11,0,0,6
30,4,2015,1,397320,0,0,11,11,11,0,0,6
30,4,2015,2,397321,0,0,11,11,11,0,0,5
30,4,2015,3,397322,0,0,11,11,11,0,0,8
30,4,2015,4,397323,0,0,11,11,11,0,0,6
30,4,2015,5,397324,0,0,11,11,11,0,0,6
30,4,2015,6,397325,0,0,11,11,11,0,0,6
30,4,2015,7,397326,0,0,11,11,11,0,0,6
30,4,2015,8,397327,0,0,11,11,11,0,0,6
30,4,2015,9,397328,0,0,11,11,11,0,0,6
30,4,2015,10,397329,0,0,11,11,11,0,0,6
30,4,2015,11,397330,0,0,11,11,11,0,0,5
30,4,2015,12,397331,0,0,11,11,11,0,0,6
30,4,2015,13,397332,0,0,11,11,11,0,0,8
30,4,2015,14,397333,0,0,11,11,11,0,0,6
30,4,2015,15,397334,0,0,11,11,11,0,0,7
30,4,2015,16,397335,0,0,11,11,11,0,0,6
30,4,2015,17,397336,0,0,11,11,11,0,0,6
30,4,2015,18,397337,0,0,11,11,11,0,0,6
30,4,2015,19,397338,0,0,11,11,11,0,0,6
30,4,2015,20,397339,0,0,11,11,11,0,0,6
30,4,2015,21,397340,0,0,11,11,11,0,0,6
30,4,2015,22,397341,0,0,11,11,11,0,0,6
30,4,2015,23,397342,0,0,11,11,11,0,0,6
1,5,2015,0,397343,0,0,11,11,11,0,0,5
1,5,2015,1,397344,0,0,11,11,11,0,0,6
1,5,2015,2,397345,0,0,11,11,11,0,0,6
1,5,2015,3,397346,0,0,11,11,11,0,0,4
1,5,2015,4,397347,0,0,11,11,11,0,0,6
1,5,2015,5,397348,0,0,11,11,11,0,0,6
1,5,2015,6,397349,0,0,11,11,11,0,0,5
1,5,2015,7,397350,0,0,11,11,11,0,0,6
1,5,2015,8,397351,0,0,11,11,11,0,0,6
1,5,2015,9,397352,0,1,11,10.7142857142857,10,0,0,7
1,5,2015,10,397353,0,0,10,10,10,0,0,6
1,5,2015,11,397354,0,0,10,10,10,0,0,6
1,5,2015,12,397355,0,0,10,10,10,0,0,6
1,5,2015,13,397356,0,0,10,10,10,0,0,6
1,5,2015,14,397357,0,0,10,10,10,0,0,6
1,5,2015,15,397358,0,0,10,10,10,0,0,6
1,5,2015,16,397359,0,0,10,10,10,0,0,8
1,5,2015,17,397360,0,0,10,10,10,0,0,6
1,5,2015,18,397361,0,0,10,10,10,0,0,6
1,5,2015,19,397362,0,0,10,10,10,0,0,6
1,5,2015,20,397363,0,0,10,10,10,0,0,5
1,5,2015,21,397364,0,0,10,10,10,0,0,6
1,5,2015,22,397365,0,0,10,10,10,0,0,6
1,5,2015,23,397366,0,0,10,10,10,0,0,6
2,5,2015,0,397367,0,0,10,10,10,0,0,6
2,5,2015,1,397368,0,0,10,10,10,0,0,6
2,5,2015,2,397369,0,0,10,10,10,0,0,6
2,5,2015,3,397370,0,0,10,10,10,0,0,7
2,5,2015,4,397371,0,0,10,10,10,0,0,6
2,5,2015,5,397372,0,0,10,10,10,0,0,6
2,5,2015,6,397373,0,0,10,10,10,0,0,6
2,5,2015,7,397374,0,0,10,10,10,0,0,6
2,5,2015,8,397375,0,0,10,10,10,0,0,6
2,5,2015,9,397376,0,0,10,10,10,0,0,6
2,5,2015,10,397377,0,1,10,9.66666666666667,9,0,0,6
2,5,2015,11,397378,0,0,9,9,9,0,0,6
2,5,2015,12,397379,0,0,10,10,10,0,0,6
2,5,2015,13,397380,0,0,10,10,10,0,0,6
2,5,2015,14,397381,0,0,10,10,10,0,0,6
2,5,2015,15,397382,0,0,10,10,10,0,0,8
2,5,2015,16,397383,0,0,10,10,10,0,0,6
2,5,2015,17,397384,0,0,10,10,10,0,0,6
2,5,2015,18,397385,0,0,10,10,10,0,0,6
2,5,2015,19,397386,0,0,10,10,10,0,0,6
2,5,2015,20,397387,0,0,10,10,10,0,0,6
2,5,2015,21,397388,0,0,10,10,10,0,0,6
2,5,2015,22,397389,0,0,10,10,10,0,0,6
2,5,2015,23,397390,0,0,10,10,10,0,0,6
3,5,2015,0,397391,0,0,10,10,10,0,0,6
3,5,2015,1,397392,0,0,10,10,10,0,0,5
3,5,2015,2,397393,0,0,10,10,10,0,0,6
3,5,2015,3,397394,0,0,10,10,10,0,0,8
3,5,2015,4,397395,0,0,10,10,10,0,0,6
3,5,2015,5,397396,0,0,10,10,10,0,0,6
3,5,2015,6,397397,0,0,10,10,10,0,0,6
3,5,2015,7,397398,0,0,10,10,10,0,0,6
3,5,2015,8,397399,0,0,10,10,10,0,0,6
3,5,2015,9,397400,0,0,10,10,10,0,0,6
3,5,2015,10,397401,0,0,10,10,10,0,0,6
3,5,2015,11,397402,0,0,10,10,10,0,0,6
3,5,2015,12,397403,0,0,10,10,10,0,0,6
3,5,2015,13,397404,0,0,10,10,10,0,0,6
3,5,2015,14,397405,0,0,10,10,10,0,0,6
3,5,2015,15,397406,0,0,10,10,10,0,0,7
3,5,2015,16,397407,0,0,10,10,10,0,0,6
3,5,2015,17,397408,0,0,10,10,10,0,0,6
3,5,2015,18,397409,0,0,10,10,10,0,0,6
3,5,2015,19,397410,0,0,10,10,10,0,0,6
3,5,2015,20,397411,0,0,10,10,10,0,0,6
3,5,2015,21,397412,0,0,10,10,10,0,0,6
3,5,2015,22,397413,0,0,10,10,10,0,0,6
3,5,2015,23,397414,0,0,10,10,10,0,0,6
4,5,2015,0,397415,0,0,10,10,10,0,0,6
4,5,2015,1,397416,0,0,10,10,10,0,0,5
4,5,2015,2,397417,0,0,10,10,10,0,0,5
4,5,2015,3,397418,0,0,10,10,10,0,0,8
4,5,2015,4,397419,0,0,10,10,10,0,0,6
4,5,2015,5,397420,0,0,10,10,10,0,0,6
4,5,2015,6,397421,0,0,10,10,10,0,0,6
4,5,2015,7,397422,0,0,10,10,10,0,0,6
4,5,2015,8,397423,0,0,10,10,10,0,0,6
4,5,2015,9,397424,0,0,10,10,10,0,0,6
4,5,2015,10,397425,0,0,10,10,10,0,0,6
4,5,2015,11,397426,1,0,10.5,10.5,11,0,0,6
4,5,2015,12,397427,0,1,11,10.8571428571429,10,0,0,7
4,5,2015,13,397428,0,0,10,10,10,0,0,6
4,5,2015,14,397429,0,0,10,10,10,0,0,7
4,5,2015,15,397430,0,0,10,10,10,0,0,7
4,5,2015,16,397431,0,0,10,10,10,0,0,6
4,5,2015,17,397432,0,0,10,10,10,0,0,6
4,5,2015,18,397433,0,0,10,10,10,0,0,6
4,5,2015,19,397434,0,0,10,10,10,0,0,6
4,5,2015,20,397435,0,0,10,10,10,0,0,6
4,5,2015,21,397436,0,0,10,10,10,0,0,6
4,5,2015,22,397437,0,0,10,10,10,0,0,6
4,5,2015,23,397438,0,0,10,10,10,0,0,4
6,5,2015,15,397478,0,0,10,10,10,0,0,6
6,5,2015,16,397479,0,0,10,10,10,0,0,6
6,5,2015,17,397480,0,1,10,9.71428571428571,9,0,0,7
6,5,2015,18,397481,0,0,9,9,9,0,0,6
6,5,2015,19,397482,0,0,9,9,9,0,0,6
6,5,2015,20,397483,0,0,9,9,9,0,0,6
6,5,2015,21,397484,0,0,9,9,9,0,0,6
6,5,2015,22,397485,0,0,9,9,9,0,0,5
6,5,2015,23,397486,0,0,9,9,9,0,0,6
7,5,2015,0,397487,0,0,9,9,9,0,0,6
7,5,2015,1,397488,0,0,9,9,9,0,0,6
7,5,2015,2,397489,0,0,9,9,9,0,0,6
7,5,2015,3,397490,0,0,9,9,9,0,0,8
7,5,2015,4,397491,0,0,9,9,9,0,0,6
7,5,2015,5,397492,0,0,9,9,9,0,0,6
7,5,2015,6,397493,0,0,9,9,9,0,0,6
7,5,2015,7,397494,2,0,9,9.375,11,0,0,8
7,5,2015,8,397495,0,0,11,11,11,0,0,6
7,5,2015,9,397496,0,0,11,11,11,0,0,5
7,5,2015,10,397497,0,0,11,11,11,0,0,6
7,5,2015,11,397498,0,0,11,11,11,0,0,6
7,5,2015,12,397499,0,0,11,11,11,0,0,6
7,5,2015,13,397500,0,0,11,11,11,0,0,6
7,5,2015,14,397501,0,0,11,11,11,0,0,6
7,5,2015,15,397502,0,0,11,11,11,0,0,7
7,5,2015,16,397503,0,0,11,11,11,0,0,6
7,5,2015,17,397504,0,0,11,11,11,0,0,6
7,5,2015,18,397505,0,0,11,11,11,0,0,6
7,5,2015,19,397506,0,0,11,11,11,0,0,6
7,5,2015,20,397507,1,1,11,11.4444444444444,11,0,0,9
7,5,2015,21,397508,1,0,12,11.7142857142857,12,0,0,7
7,5,2015,22,397509,0,0,12,12,12,0,0,6
7,5,2015,23,397510,0,0,12,12,12,0,0,6
8,5,2015,0,397511,0,0,12,12,12,0,0,6
8,5,2015,1,397512,0,0,12,12,12,0,0,6
8,5,2015,2,397513,0,0,12,12,12,0,0,5
8,5,2015,3,397514,0,0,12,12,12,0,0,8
8,5,2015,4,397515,0,0,12,12,12,0,0,6
8,5,2015,5,397516,0,0,12,12,12,0,0,6
8,5,2015,6,397517,0,0,12,12,12,0,0,6
8,5,2015,7,397518,0,0,12,12,12,0,0,6
8,5,2015,8,397519,0,0,12,12,12,0,0,6
8,5,2015,9,397520,0,0,12,12,12,0,0,6
8,5,2015,10,397521,0,0,12,12,12,0,0,6
8,5,2015,11,397522,0,0,12,12,12,0,0,6
8,5,2015,12,397523,0,0,12,12,12,0,0,6
8,5,2015,13,397524,0,0,12,12,12,0,0,6
8,5,2015,14,397525,0,0,12,12,12,0,0,6
8,5,2015,15,397526,0,0,12,12,12,0,0,7
8,5,2015,16,397527,0,0,12,12,12,0,0,6
8,5,2015,17,397528,1,0,12,12.2857142857143,13,0,0,7
8,5,2015,18,397529,0,1,13,12.7142857142857,12,0,0,7
8,5,2015,19,397530,0,0,12,12,12,0,0,6
8,5,2015,20,397531,0,0,12,12,12,0,0,6
8,5,2015,21,397532,0,0,12,12,12,0,0,6
8,5,2015,22,397533,0,0,12,12,12,0,0,6
8,5,2015,23,397534,0,0,12,12,12,0,0,6
9,5,2015,0,397535,0,0,12,12,12,0,0,6
9,5,2015,1,397536,0,0,12,12,12,0,0,6
9,5,2015,2,397537,0,0,12,12,12,0,0,6
9,5,2015,3,397538,0,0,12,12,12,0,0,7
9,5,2015,4,397539,0,0,12,12,12,0,0,6
9,5,2015,5,397540,0,0,12,12,12,0,0,6
9,5,2015,6,397541,0,0,12,12,12,0,0,6
9,5,2015,7,397542,0,0,12,12,12,0,0,7
9,5,2015,8,397543,0,0,12,12,12,0,0,6
9,5,2015,9,397544,0,0,12,12,12,0,0,6
9,5,2015,10,397545,0,0,12,12,12,0,0,6
9,5,2015,11,397546,0,0,12,12,12,0,0,6
9,5,2015,12,397547,0,0,12,12,12,0,0,6
9,5,2015,13,397548,0,0,12,12,12,0,0,5
9,5,2015,14,397549,0,0,12,12,12,0,0,6
9,5,2015,15,397550,0,0,12,12,12,0,0,8
9,5,2015,16,397551,0,1,11,11.4285714285714,11,0,0,7
9,5,2015,17,397552,0,0,11,11,11,0,0,6
9,5,2015,18,397553,0,0,11,11,11,0,0,6
9,5,2015,19,397554,0,0,11,11,11,0,0,6
9,5,2015,20,397555,0,0,11,11,11,0,0,6
9,5,2015,21,397556,0,1,11,10.8571428571429,10,0,0,7
9,5,2015,22,397557,1,0,11,10.5714285714286,11,0,0,7
9,5,2015,23,397558,0,0,11,11,11,0,0,6
10,5,2015,0,397559,0,0,11,11,11,0,0,6
10,5,2015,1,397560,0,0,11,11,11,0,0,6
10,5,2015,2,397561,0,0,11,11,11,0,0,6
10,5,2015,3,397562,0,0,11,11,11,0,0,7
10,5,2015,4,397563,0,0,11,11,11,0,0,6
10,5,2015,5,397564,0,0,11,11,11,0,0,6
10,5,2015,6,397565,0,0,11,11,11,0,0,6
10,5,2015,7,397566,0,0,11,11,11,0,0,6
10,5,2015,8,397567,0,0,11,11,11,0,0,6
10,5,2015,9,397568,0,0,11,11,11,0,0,6
10,5,2015,10,397569,0,0,11,11,11,0,0,6
10,5,2015,11,397570,0,0,11,11,11,0,0,6
10,5,2015,12,397571,0,0,11,11,11,0,0,6
10,5,2015,13,397572,0,0,11,11,11,0,0,6
10,5,2015,14,397573,0,0,11,11,11,0,0,5
10,5,2015,15,397574,0,0,11,11,11,0,0,8
10,5,2015,16,397575,0,0,11,11,11,0,0,6
10,5,2015,17,397576,0,0,11,11,11,0,0,6
10,5,2015,18,397577,0,0,11,11,11,0,0,6
10,5,2015,19,397578,0,1,10.5,10.5,10,0,0,8
10,5,2015,20,397579,0,0,10,10,10,0,0,6
10,5,2015,21,397580,0,0,10,10,10,0,0,5
10,5,2015,22,397581,0,0,10,10,10,0,0,6
10,5,2015,23,397582,0,0,10,10,10,0,0,6
11,5,2015,0,397583,0,0,10,10,10,0,0,6
11,5,2015,1,397584,0,0,10,10,10,0,0,6
11,5,2015,2,397585,0,0,10,10,10,0,0,6
11,5,2015,3,397586,0,0,10,10,10,0,0,7
11,5,2015,4,397587,0,0,10,10,10,0,0,6
11,5,2015,5,397588,0,0,10,10,10,0,0,6
11,5,2015,6,397589,0,0,10,10,10,0,0,6
11,5,2015,7,397590,0,0,10,10,10,0,0,6
11,5,2015,8,397591,0,0,10,10,10,0,0,6
11,5,2015,9,397592,0,0,10,10,10,0,0,6
11,5,2015,10,397593,0,0,10,10,10,0,0,6
11,5,2015,11,397594,0,0,10,10,10,0,0,6
11,5,2015,12,397595,0,0,10,10,10,0,0,6
11,5,2015,13,397596,0,0,10,10,10,0,0,6
11,5,2015,14,397597,0,0,10,10,10,0,0,6
11,5,2015,15,397598,0,0,10,10,10,0,0,7
11,5,2015,16,397599,1,2,10,9.5,9,0,0,8
11,5,2015,17,397600,0,0,10,10,10,0,0,6
11,5,2015,18,397601,0,0,10,10,10,0,0,6
11,5,2015,19,397602,0,0,10,10,10,0,0,6
11,5,2015,20,397603,0,0,10,10,10,0,0,5
11,5,2015,21,397604,0,0,10,10,10,0,0,6
11,5,2015,22,397605,0,0,10,10,10,0,0,5
11,5,2015,23,397606,0,0,10,10,10,0,0,6
12,5,2015,0,397607,0,0,10,10,10,0,0,6
12,5,2015,1,397608,0,0,10,10,10,0,0,6
12,5,2015,2,397609,0,0,10,10,10,0,0,6
12,5,2015,3,397610,0,0,10,10,10,0,0,6
12,5,2015,4,397611,0,0,10,10,10,0,0,6
12,5,2015,5,397612,0,0,10,10,10,0,0,6
12,5,2015,6,397613,0,0,10,10,10,0,0,6
12,5,2015,7,397614,1,0,11,10.8571428571429,11,0,0,7
12,5,2015,8,397615,0,0,11,11,11,0,0,6
12,5,2015,9,397616,0,0,11,11,11,0,0,6
12,5,2015,10,397617,0,0,11,11,11,0,0,6
12,5,2015,11,397618,0,0,11,11,11,0,0,6
12,5,2015,12,397619,0,0,11,11,11,0,0,6
12,5,2015,13,397620,0,0,11,11,11,0,0,5
12,5,2015,14,397621,0,0,11,11,11,0,0,6
12,5,2015,15,397622,0,0,11,11,11,0,0,8
12,5,2015,16,397623,0,1,10.5,10.5,10,0,0,6
12,5,2015,17,397624,1,1,10,10.2222222222222,10,0,0,9
12,5,2015,18,397625,0,0,10,10,10,0,0,6
12,5,2015,19,397626,0,0,10,10,10,0,0,6
12,5,2015,20,397627,0,0,10,10,10,0,0,6
12,5,2015,21,397628,0,0,10,10,10,0,0,7
12,5,2015,22,397629,0,0,10,10,10,0,0,6
12,5,2015,23,397630,0,0,10,10,10,0,0,6
13,5,2015,0,397631,0,0,10,10,10,0,0,6
13,5,2015,1,397632,0,0,10,10,10,0,0,6
13,5,2015,2,397633,0,0,10,10,10,0,0,6
13,5,2015,3,397634,0,0,10,10,10,0,0,7
13,5,2015,4,397635,0,0,10,10,10,0,0,6
13,5,2015,5,397636,0,0,10,10,10,0,0,6
13,5,2015,6,397637,0,0,10,10,10,0,0,6
13,5,2015,7,397638,0,0,10,10,10,0,0,6
13,5,2015,8,397639,0,0,10,10,10,0,0,6
13,5,2015,9,397640,0,0,10,10,10,0,0,6
13,5,2015,10,397641,0,0,10,10,10,0,0,6
13,5,2015,11,397642,0,0,10,10,10,0,0,2
13,5,2015,12,397643,0,0,10,10,10,0,0,5
13,5,2015,13,397644,0,0,10,10,10,0,0,6
13,5,2015,14,397645,0,0,10,10,10,0,0,6
13,5,2015,15,397646,0,0,10,10,10,0,0,6
13,5,2015,16,397647,1,0,11,10.6,11,0,0,5
13,5,2015,17,397648,0,0,11,11,11,0,0,6
13,5,2015,18,397649,0,0,11,11,11,0,0,6
13,5,2015,19,397650,0,0,11,11,11,0,0,6
13,5,2015,20,397651,0,0,11,11,11,0,0,6
13,5,2015,21,397652,0,0,11,11,11,0,0,6
13,5,2015,22,397653,0,0,11,11,11,0,0,6
13,5,2015,23,397654,0,0,11,11,11,0,0,6
14,5,2015,0,397655,0,0,11,11,11,0,0,6
14,5,2015,1,397656,0,0,11,11,11,0,0,6
14,5,2015,2,397657,0,0,11,11,11,0,0,6
14,5,2015,3,397658,0,0,11,11,11,0,0,6
14,5,2015,4,397659,0,0,11,11,11,0,0,6
14,5,2015,5,397660,0,0,11,11,11,0,0,5
14,5,2015,6,397661,0,0,11,11,11,0,0,6
14,5,2015,7,397662,0,0,11,11,11,0,0,6
14,5,2015,8,397663,0,0,11,11,11,0,0,6
14,5,2015,9,397664,0,0,11,11,11,0,0,6
14,5,2015,10,397665,1,0,12,11.6666666666667,12,0,0,6
14,5,2015,11,397666,0,1,11,11.1666666666667,11,0,0,6
14,5,2015,12,397667,0,0,11,11,11,0,0,5
14,5,2015,13,397668,0,0,11,11,11,0,0,6
14,5,2015,14,397669,0,0,11,11,11,0,0,6
14,5,2015,15,397670,0,0,11,11,11,0,0,6
14,5,2015,16,397671,0,0,11,11,11,0,0,6
14,5,2015,17,397672,0,0,11,11,11,0,0,6
14,5,2015,18,397673,0,0,11,11,11,0,0,6
14,5,2015,19,397674,0,0,11,11,11,0,0,6
14,5,2015,20,397675,0,0,12,12,12,0,0,6
14,5,2015,21,397676,0,0,12,12,12,0,0,6
14,5,2015,22,397677,0,0,12,12,12,0,0,6
14,5,2015,23,397678,0,0,12,12,12,0,0,6
15,5,2015,0,397679,0,1,12,11.5714285714286,11,0,0,7
15,5,2015,1,397680,0,0,11,11,11,0,0,6
15,5,2015,2,397681,0,0,11,11,11,0,0,6
15,5,2015,3,397682,0,0,11,11,11,0,0,7
15,5,2015,4,397683,0,0,11,11,11,0,0,6
15,5,2015,5,397684,0,0,11,11,11,0,0,6
15,5,2015,6,397685,0,0,11,11,11,0,0,6
15,5,2015,7,397686,0,0,11,11,11,0,0,6
15,5,2015,8,397687,0,0,11,11,11,0,0,6
15,5,2015,9,397688,0,0,11,11,11,0,0,6
15,5,2015,10,397689,0,0,11,11,11,0,0,6
15,5,2015,11,397690,0,0,11,11,11,0,0,5
15,5,2015,12,397691,0,0,11,11,11,0,0,6
15,5,2015,13,397692,0,0,11,11,11,0,0,6
15,5,2015,14,397693,0,0,11,11,11,0,0,6
15,5,2015,15,397694,1,0,12,11.6666666666667,12,0,0,6
15,5,2015,16,397695,0,1,11.5,11.5,11,0,0,6
15,5,2015,17,397696,0,0,11,11,11,0,0,6
15,5,2015,18,397697,0,0,11,11,11,0,0,6
15,5,2015,19,397698,0,0,11,11,11,0,0,6
15,5,2015,20,397699,0,0,11,11,11,0,0,5
15,5,2015,21,397700,0,0,11,11,11,0,0,6
15,5,2015,22,397701,0,0,11,11,11,0,0,6
15,5,2015,23,397702,0,0,11,11,11,0,0,6
16,5,2015,0,397703,0,0,11,11,11,0,0,6
16,5,2015,1,397704,0,0,11,11,11,0,0,6
16,5,2015,2,397705,0,0,11,11,11,0,0,6
16,5,2015,3,397706,0,0,11,11,11,0,0,7
16,5,2015,4,397707,0,0,11,11,11,0,0,6
16,5,2015,5,397708,0,0,11,11,11,0,0,6
16,5,2015,6,397709,0,0,11,11,11,0,0,6
16,5,2015,7,397710,0,0,11,11,11,0,0,6
16,5,2015,8,397711,0,0,11,11,11,0,0,6
16,5,2015,9,397712,0,0,11,11,11,0,0,6
16,5,2015,10,397713,0,0,11,11,11,0,0,6
16,5,2015,11,397714,0,0,11,11,11,0,0,6
16,5,2015,12,397715,0,0,11,11,11,0,0,6
16,5,2015,13,397716,0,0,11,11,11,0,0,6
16,5,2015,14,397717,0,0,11,11,11,0,0,6
16,5,2015,15,397718,0,0,11,11,11,0,0,6
16,5,2015,16,397719,0,0,11,11,11,0,0,6
16,5,2015,17,397720,0,0,11,11,11,0,0,6
16,5,2015,18,397721,0,0,11,11,11,0,0,6
16,5,2015,19,397722,0,0,11,11,11,0,0,6
16,5,2015,20,397723,0,0,11,11,11,0,0,6
16,5,2015,21,397724,0,0,11,11,11,0,0,6
16,5,2015,22,397725,0,0,11,11,11,0,0,5
16,5,2015,23,397726,0,0,11,11,11,0,0,6
17,5,2015,0,397727,0,0,11,11,11,0,0,6
17,5,2015,1,397728,0,0,11,11,11,0,0,6
17,5,2015,2,397729,0,0,11,11,11,0,0,6
17,5,2015,3,397730,0,0,11,11,11,0,0,4
17,5,2015,4,397731,0,0,11,11,11,0,0,6
17,5,2015,5,397732,0,0,11,11,11,0,0,6
17,5,2015,6,397733,0,0,11,11,11,0,0,6
17,5,2015,7,397734,0,0,11,11,11,0,0,6
17,5,2015,8,397735,0,0,11,11,11,0,0,6
17,5,2015,9,397736,0,0,11,11,11,0,0,6
17,5,2015,10,397737,0,0,11,11,11,0,0,6
17,5,2015,11,397738,0,0,11,11,11,0,0,6
17,5,2015,12,397739,0,0,11,11,11,0,0,6
17,5,2015,13,397740,0,0,11,11,11,0,0,6
17,5,2015,14,397741,0,0,11,11,11,0,0,6
17,5,2015,15,397742,0,0,11,11,11,0,0,6
17,5,2015,16,397743,0,0,11,11,11,0,0,6
17,5,2015,17,397744,0,0,11,11,11,0,0,6
17,5,2015,18,397745,1,0,11,11.1666666666667,12,0,0,6
17,5,2015,19,397746,0,0,12,12,12,0,0,6
17,5,2015,20,397747,0,0,12,12,12,0,0,6
17,5,2015,21,397748,0,0,12,12,12,0,0,6
17,5,2015,22,397749,0,0,12,12,12,0,0,6
17,5,2015,23,397750,0,0,12,12,12,0,0,6
18,5,2015,0,397751,0,0,12,12,12,0,0,6
18,5,2015,1,397752,0,0,12,12,12,0,0,6
18,5,2015,2,397753,0,0,12,12,12,0,0,6
18,5,2015,3,397754,0,0,12,12,12,0,0,7
18,5,2015,4,397755,0,0,12,12,12,0,0,6
18,5,2015,5,397756,0,0,12,12,12,0,0,6
18,5,2015,6,397757,0,0,12,12,12,0,0,6
18,5,2015,7,397758,0,0,12,12,12,0,0,6
18,5,2015,8,397759,0,0,12,12,12,0,0,6
18,5,2015,9,397760,0,0,12,12,12,0,0,6
18,5,2015,10,397761,0,0,12,12,12,0,0,6
18,5,2015,11,397762,0,0,12,12,12,0,0,6
18,5,2015,12,397763,0,0,12,12,12,0,0,6
18,5,2015,13,397764,0,0,12,12,12,0,0,6
18,5,2015,14,397765,0,0,12,12,12,0,0,6
18,5,2015,15,397766,0,0,12,12,12,0,0,6
18,5,2015,16,397767,0,0,12,12,12,0,0,6
18,5,2015,17,397768,1,1,12,11.8333333333333,12,0,0,6
18,5,2015,18,397769,0,0,12,12,12,0,0,6
18,5,2015,19,397770,0,0,12,12,12,0,0,6
18,5,2015,20,397771,0,0,12,12,12,0,0,5
18,5,2015,21,397772,0,0,12,12,12,0,0,6
18,5,2015,22,397773,0,0,12,12,12,0,0,6
18,5,2015,23,397774,0,0,12,12,12,0,0,6
19,5,2015,0,397775,0,0,12,12,12,0,0,6
19,5,2015,1,397776,0,0,12,12,12,0,0,6
19,5,2015,2,397777,0,0,12,12,12,0,0,6
19,5,2015,3,397778,0,0,12,12,12,0,0,7
19,5,2015,4,397779,0,0,12,12,12,0,0,6
19,5,2015,5,397780,0,0,12,12,12,0,0,6
19,5,2015,6,397781,0,0,12,12,12,0,0,6
19,5,2015,7,397782,0,0,12,12,12,0,0,6
19,5,2015,8,397783,0,0,12,12,12,0,0,6
19,5,2015,9,397784,0,0,12,12,12,0,0,6
19,5,2015,10,397785,0,0,12,12,12,0,0,6
19,5,2015,11,397786,0,0,12,12,12,0,0,6
19,5,2015,12,397787,0,0,12,12,12,0,0,6
19,5,2015,13,397788,0,0,12,12,12,0,0,6
19,5,2015,14,397789,0,0,12,12,12,0,0,6
19,5,2015,15,397790,0,0,12,12,12,0,0,6
19,5,2015,16,397791,0,1,11,11.4285714285714,11,0,0,7
19,5,2015,17,397792,1,1,10,10.4,11,0,0,5
19,5,2015,18,397793,0,0,11,11,11,0,0,6
19,5,2015,19,397794,0,0,11,11,11,0,0,6
19,5,2015,20,397795,0,0,11,11,11,0,0,6
19,5,2015,21,397796,0,0,11,11,11,0,0,6
19,5,2015,22,397797,0,0,11,11,11,0,0,6
19,5,2015,23,397798,0,0,11,11,11,0,0,6
20,5,2015,0,397799,0,0,11,11,11,0,0,6
20,5,2015,1,397800,0,0,11,11,11,0,0,6
20,5,2015,2,397801,0,0,11,11,11,0,0,6
20,5,2015,3,397802,0,0,11,11,11,0,0,6
20,5,2015,4,397803,0,0,11,11,11,0,0,6
20,5,2015,5,397804,0,0,11,11,11,0,0,6
20,5,2015,6,397805,0,0,11,11,11,0,0,6
20,5,2015,7,397806,0,0,11,11,11,0,0,6
20,5,2015,8,397807,0,0,11,11,11,0,0,6
20,5,2015,9,397808,0,0,11,11,11,0,0,6
20,5,2015,10,397809,0,0,11,11,11,0,0,6
20,5,2015,11,397810,0,0,11,11,11,0,0,6
20,5,2015,12,397811,0,0,11,11,11,0,0,6
20,5,2015,13,397812,0,0,11,11,11,0,0,6
20,5,2015,14,397813,0,0,11,11,11,0,0,6
20,5,2015,15,397814,0,0,11,11,11,0,0,6
20,5,2015,16,397815,1,0,11,11.1666666666667,12,0,0,6
20,5,2015,17,397816,0,1,11.5,11.5,11,0,0,6
20,5,2015,18,397817,0,0,11,11,11,0,0,6
20,5,2015,19,397818,0,0,11,11,11,0,0,6
20,5,2015,20,397819,0,0,11,11,11,0,0,6
20,5,2015,21,397820,0,0,11,11,11,0,0,6
20,5,2015,22,397821,0,0,11,11,11,0,0,6
20,5,2015,23,397822,0,0,11,11,11,0,0,6
21,5,2015,0,397823,0,0,11,11,11,0,0,6
21,5,2015,1,397824,0,0,11,11,11,0,0,6
21,5,2015,2,397825,0,0,11,11,11,0,0,6
21,5,2015,3,397826,0,0,11,11,11,0,0,7
21,5,2015,4,397827,0,0,11,11,11,0,0,6
21,5,2015,5,397828,0,0,11,11,11,0,0,5
21,5,2015,6,397829,0,0,11,11,11,0,0,6
21,5,2015,7,397830,0,0,11,11,11,0,0,6
21,5,2015,8,397831,0,0,11,11,11,0,0,6
21,5,2015,9,397832,0,0,11,11,11,0,0,6
21,5,2015,10,397833,0,0,11,11,11,0,0,6
21,5,2015,11,397834,0,0,11,11,11,0,0,6
21,5,2015,12,397835,0,0,11,11,11,0,0,6
21,5,2015,13,397836,0,0,11,11,11,0,0,6
21,5,2015,14,397837,0,0,11,11,11,0,0,6
21,5,2015,15,397838,0,0,11,11,11,0,0,6
21,5,2015,16,397839,0,0,11,11,11,0,0,6
21,5,2015,17,397840,0,0,11,11,11,0,0,5
21,5,2015,18,397841,0,0,11,11,11,0,0,6
21,5,2015,19,397842,0,1,10,10.2857142857143,10,0,0,7
21,5,2015,20,397843,0,0,10,10,10,0,0,6
21,5,2015,21,397844,0,0,10,10,10,0,0,6
21,5,2015,22,397845,0,0,10,10,10,0,0,6
21,5,2015,23,397846,0,0,10,10,10,0,0,6
22,5,2015,0,397847,0,0,10,10,10,0,0,6
22,5,2015,1,397848,0,0,10,10,10,0,0,6
22,5,2015,2,397849,0,0,10,10,10,0,0,6
22,5,2015,3,397850,0,0,10,10,10,0,0,7
22,5,2015,4,397851,0,0,10,10,10,0,0,6
22,5,2015,5,397852,0,0,10,10,10,0,0,6
22,5,2015,6,397853,0,0,10,10,10,0,0,6
22,5,2015,7,397854,0,0,10,10,10,0,0,6
22,5,2015,8,397855,0,0,10,10,10,0,0,6
22,5,2015,9,397856,0,0,10,10,10,0,0,6
22,5,2015,10,397857,0,0,10,10,10,0,0,6
22,5,2015,11,397858,0,0,10,10,10,0,0,6
22,5,2015,12,397859,0,0,10,10,10,0,0,6
22,5,2015,13,397860,0,0,10,10,10,0,0,6
22,5,2015,14,397861,0,0,10,10,10,0,0,6
22,5,2015,15,397862,0,0,10,10,10,0,0,6
22,5,2015,16,397863,0,0,10,10,10,0,0,6
22,5,2015,17,397864,0,1,9,8.83333333333333,8,0,0,6
22,5,2015,18,397865,0,0,8,8,8,0,0,6
22,5,2015,19,397866,0,0,8,8,8,0,0,6
22,5,2015,20,397867,0,0,8,8,8,0,0,6
22,5,2015,21,397868,0,0,8,8,8,0,0,6
22,5,2015,22,397869,0,0,8,8,8,0,0,6
22,5,2015,23,397870,0,0,8,8,8,0,0,4
23,5,2015,0,397871,0,0,8,8,8,0,0,6
23,5,2015,1,397872,0,0,8,8,8,0,0,6
23,5,2015,2,397873,0,0,8,8,8,0,0,6
23,5,2015,3,397874,0,0,8,8,8,0,0,7
23,5,2015,4,397875,0,0,8,8,8,0,0,6
23,5,2015,5,397876,0,0,8,8,8,0,0,6
23,5,2015,6,397877,0,0,8,8,8,0,0,6
23,5,2015,7,397878,0,0,8,8,8,0,0,6
23,5,2015,8,397879,0,0,8,8,8,0,0,6
23,5,2015,9,397880,0,0,8,8,8,0,0,6
23,5,2015,10,397881,0,0,8,8,8,0,0,6
23,5,2015,11,397882,0,0,8,8,8,0,0,6
23,5,2015,12,397883,0,0,8,8,8,0,0,6
23,5,2015,13,397884,0,0,8,8,8,0,0,6
23,5,2015,14,397885,0,0,8,8,8,0,0,6
23,5,2015,15,397886,0,0,8,8,8,0,0,6
23,5,2015,16,397887,0,0,8,8,8,0,0,6
23,5,2015,17,397888,0,0,8,8,8,0,0,6
23,5,2015,18,397889,0,0,8,8,8,0,0,6
23,5,2015,19,397890,0,0,8,8,8,0,0,6
23,5,2015,20,397891,0,0,8,8,8,0,0,6
23,5,2015,21,397892,0,0,8,8,8,0,0,6
23,5,2015,22,397893,0,0,8,8,8,0,0,6
23,5,2015,23,397894,0,0,8,8,8,0,0,6
24,5,2015,0,397895,0,0,8,8,8,0,0,6
24,5,2015,1,397896,0,0,8,8,8,0,0,6
24,5,2015,2,397897,0,0,8,8,8,0,0,5
24,5,2015,3,397898,0,0,8,8,8,0,0,7
24,5,2015,4,397899,0,0,8,8,8,0,0,6
24,5,2015,5,397900,0,0,8,8,8,0,0,6
24,5,2015,6,397901,0,0,8,8,8,0,0,6
24,5,2015,7,397902,0,0,8,8,8,0,0,6
24,5,2015,8,397903,0,0,8,8,8,0,0,6
24,5,2015,9,397904,0,0,8,8,8,0,0,6
24,5,2015,10,397905,0,0,8,8,8,0,0,6
24,5,2015,11,397906,0,0,8,8,8,0,0,6
24,5,2015,12,397907,0,0,8,8,8,0,0,6
24,5,2015,13,397908,0,0,8,8,8,0,0,6
24,5,2015,14,397909,0,0,8,8,8,0,0,5
24,5,2015,15,397910,0,0,8,8,8,0,0,7
24,5,2015,16,397911,0,0,8,8,8,0,0,6
24,5,2015,17,397912,0,0,8,8,8,0,0,6
24,5,2015,18,397913,0,0,8,8,8,0,0,6
24,5,2015,19,397914,0,0,8,8,8,0,0,6
24,5,2015,20,397915,0,0,8,8,8,0,0,6
24,5,2015,21,397916,0,0,8,8,8,0,0,5
24,5,2015,22,397917,0,0,8,8,8,0,0,6
24,5,2015,23,397918,0,0,8,8,8,0,0,6
25,5,2015,0,397919,0,0,8,8,8,0,0,5
25,5,2015,1,397920,0,0,8,8,8,0,0,6
25,5,2015,2,397921,0,0,8,8,8,0,0,6
25,5,2015,3,397922,0,0,8,8,8,0,0,7
25,5,2015,4,397923,0,0,8,8,8,0,0,6
25,5,2015,5,397924,0,0,8,8,8,0,0,6
25,5,2015,6,397925,0,0,8,8,8,0,0,6
25,5,2015,7,397926,0,0,8,8,8,0,0,6
25,5,2015,8,397927,0,0,8,8,8,0,0,6
25,5,2015,9,397928,0,0,8,8,8,0,0,6
25,5,2015,10,397929,0,0,8,8,8,0,0,6
25,5,2015,11,397930,0,0,8,8,8,0,0,6
25,5,2015,12,397931,0,0,8,8,8,0,0,5
25,5,2015,13,397932,0,0,8,8,8,0,0,6
25,5,2015,14,397933,0,0,8,8,8,0,0,6
25,5,2015,15,397934,0,0,8,8,8,0,0,7
25,5,2015,16,397935,0,0,8,8,8,0,0,6
25,5,2015,17,397936,0,0,8,8,8,0,0,6
25,5,2015,18,397937,0,0,8,8,8,0,0,6
25,5,2015,19,397938,0,0,8,8,8,0,0,6
25,5,2015,20,397939,0,0,8,8,8,0,0,6
25,5,2015,21,397940,0,0,8,8,8,0,0,6
25,5,2015,22,397941,0,0,8,8,8,0,0,6
25,5,2015,23,397942,0,0,8,8,8,0,0,6
26,5,2015,0,397943,0,0,8,8,8,0,0,6
26,5,2015,1,397944,0,0,8,8,8,0,0,6
26,5,2015,2,397945,0,0,8,8,8,0,0,5
26,5,2015,3,397946,0,0,8,8,8,0,0,7
26,5,2015,4,397947,0,0,8,8,8,0,0,6
26,5,2015,5,397948,0,0,8,8,8,0,0,6
26,5,2015,6,397949,0,0,8,8,8,0,0,6
26,5,2015,7,397950,0,0,8,8,8,0,0,6
26,5,2015,8,397951,0,0,8,8,8,0,0,6
26,5,2015,9,397952,0,0,8,8,8,0,0,6
26,5,2015,10,397953,0,0,8,8,8,0,0,6
26,5,2015,11,397954,1,1,8,8.16666666666667,8,0,0,6
26,5,2015,12,397955,0,0,8,8,8,0,0,6
26,5,2015,13,397956,0,0,8,8,8,0,0,6
26,5,2015,14,397957,0,0,8,8,8,0,0,6
26,5,2015,15,397958,0,0,8,8,8,0,0,7
26,5,2015,16,397959,0,0,8,8,8,0,0,6
26,5,2015,17,397960,0,0,8,8,8,0,0,6
26,5,2015,18,397961,0,0,8,8,8,0,0,6
26,5,2015,19,397962,0,0,8,8,8,0,0,6
26,5,2015,20,397963,0,0,8,8,8,0,0,6
26,5,2015,21,397964,0,0,8,8,8,0,0,6
26,5,2015,22,397965,0,0,8,8,8,0,0,5
26,5,2015,23,397966,0,0,8,8,8,0,0,6
27,5,2015,0,397967,0,0,8,8,8,0,0,6
27,5,2015,1,397968,0,0,8,8,8,0,0,6
27,5,2015,2,397969,0,0,8,8,8,0,0,5
27,5,2015,3,397970,0,0,8,8,8,0,0,7
27,5,2015,4,397971,0,0,8,8,8,0,0,6
27,5,2015,5,397972,0,0,8,8,8,0,0,5
27,5,2015,6,397973,0,0,8,8,8,0,0,6
27,5,2015,7,397974,0,0,8,8,8,0,0,6
27,5,2015,8,397975,0,0,8,8,8,0,0,6
27,5,2015,9,397976,0,0,8,8,8,0,0,6
27,5,2015,10,397977,0,0,8,8,8,0,0,6
27,5,2015,11,397978,0,0,8,8,8,0,0,6
27,5,2015,12,397979,0,0,9,9,9,0,0,6
27,5,2015,13,397980,0,0,9,9,9,0,0,6
27,5,2015,14,397981,0,0,9,9,9,0,0,6
27,5,2015,15,397982,0,0,9,9,9,0,0,6
27,5,2015,16,397983,0,0,9,9,9,0,0,6
27,5,2015,17,397984,1,0,9.5,9.5,10,0,0,6
27,5,2015,18,397985,0,0,10,10,10,0,0,6
27,5,2015,19,397986,0,0,10,10,10,0,0,6
27,5,2015,20,397987,0,0,10,10,10,0,0,6
27,5,2015,21,397988,0,0,10,10,10,0,0,6
27,5,2015,22,397989,0,0,10,10,10,0,0,6
27,5,2015,23,397990,0,0,10,10,10,0,0,5
28,5,2015,0,397991,0,0,10,10,10,0,0,6
28,5,2015,1,397992,0,0,10,10,10,0,0,6
28,5,2015,2,397993,0,0,10,10,10,0,0,6
28,5,2015,3,397994,0,0,10,10,10,0,0,7
28,5,2015,4,397995,0,0,10,10,10,0,0,6
28,5,2015,5,397996,0,0,10,10,10,0,0,5
28,5,2015,6,397997,0,0,10,10,10,0,0,6
28,5,2015,7,397998,0,0,10,10,10,0,0,6
28,5,2015,8,397999,0,0,10,10,10,0,0,6
28,5,2015,9,398000,0,0,10,10,10,0,0,6
28,5,2015,10,398001,0,0,10,10,10,0,0,6
28,5,2015,11,398002,0,0,10,10,10,0,0,1
28,5,2015,12,398003,0,0,10,10,10,0,0,6
28,5,2015,13,398004,0,0,10,10,10,0,0,6
28,5,2015,14,398005,0,0,10,10,10,0,0,6
28,5,2015,15,398006,0,0,10,10,10,0,0,6
28,5,2015,16,398007,0,0,10,10,10,0,0,6
28,5,2015,17,398008,0,1,9.5,9.5,9,0,0,6
28,5,2015,18,398009,0,0,9,9,9,0,0,6
28,5,2015,19,398010,0,0,9,9,9,0,0,5
28,5,2015,20,398011,0,0,9,9,9,0,0,6
28,5,2015,21,398012,0,0,9,9,9,0,0,6
28,5,2015,22,398013,0,0,9,9,9,0,0,6
28,5,2015,23,398014,0,0,9,9,9,0,0,6
29,5,2015,0,398015,0,0,9,9,9,0,0,6
29,5,2015,1,398016,0,0,9,9,9,0,0,6
29,5,2015,2,398017,0,0,9,9,9,0,0,6
29,5,2015,3,398018,0,0,9,9,9,0,0,6
29,5,2015,4,398019,0,0,9,9,9,0,0,6
29,5,2015,5,398020,0,0,9,9,9,0,0,6
29,5,2015,6,398021,0,0,9,9,9,0,0,6
29,5,2015,7,398022,0,0,9,9,9,0,0,6
29,5,2015,8,398023,0,0,9,9,9,0,0,6
29,5,2015,9,398024,0,0,9,9,9,0,0,6
29,5,2015,10,398025,0,0,9,9,9,0,0,6
29,5,2015,11,398026,0,0,9,9,9,0,0,6
29,5,2015,12,398027,0,0,9,9,9,0,0,6
29,5,2015,13,398028,0,0,9,9,9,0,0,6
29,5,2015,14,398029,0,0,9,9,9,0,0,6
29,5,2015,15,398030,0,0,9,9,9,0,0,6
29,5,2015,16,398031,1,0,9.5,9.5,10,0,0,6
29,5,2015,17,398032,0,0,10,10,10,0,0,6
29,5,2015,18,398033,0,0,10,10,10,0,0,6
29,5,2015,19,398034,0,0,10,10,10,0,0,6
29,5,2015,20,398035,0,0,10,10,10,0,0,6
29,5,2015,21,398036,0,0,10,10,10,0,0,6
29,5,2015,22,398037,0,0,10,10,10,0,0,6
29,5,2015,23,398038,0,0,10,10,10,0,0,6
30,5,2015,0,398039,0,0,10,10,10,0,0,6
30,5,2015,1,398040,0,0,10,10,10,0,0,6
30,5,2015,2,398041,0,0,10,10,10,0,0,6
30,5,2015,3,398042,1,0,10,10.4285714285714,11,0,0,7
30,5,2015,4,398043,0,0,11,11,11,0,0,6
30,5,2015,5,398044,0,0,11,11,11,0,0,6
30,5,2015,6,398045,0,0,11,11,11,0,0,6
30,5,2015,7,398046,0,0,11,11,11,0,0,6
30,5,2015,8,398047,0,0,11,11,11,0,0,6
30,5,2015,9,398048,0,0,11,11,11,0,0,6
30,5,2015,10,398049,2,0,11,11.6666666666667,13,0,0,6
30,5,2015,11,398050,0,1,13,12.5714285714286,12,0,0,7
30,5,2015,12,398051,0,0,12,12,12,0,0,6
30,5,2015,13,398052,0,0,12,12,12,0,0,6
30,5,2015,14,398053,0,0,12,12,12,0,0,6
30,5,2015,15,398054,0,1,12,11.6666666666667,11,0,0,6
30,5,2015,16,398055,0,0,11,11,11,0,0,5
30,5,2015,17,398056,0,0,11,11,11,0,0,6
30,5,2015,18,398057,0,0,11,11,11,0,0,6
30,5,2015,19,398058,0,0,11,11,11,0,0,6
30,5,2015,20,398059,0,6,10,8.77777777777778,5,0,0,9
30,5,2015,21,398060,0,0,5,5,5,0,0,6
30,5,2015,22,398061,0,0,5,5,5,0,0,6
30,5,2015,23,398062,0,0,5,5,5,0,0,6
31,5,2015,0,398063,0,0,5,5,5,0,0,6
31,5,2015,1,398064,0,0,5,5,5,0,0,6
31,5,2015,2,398065,0,0,5,5,5,0,0,6
31,5,2015,3,398066,0,0,5,5,5,0,0,6
31,5,2015,4,398067,0,0,5,5,5,0,0,6
31,5,2015,5,398068,0,0,5,5,5,0,0,6
31,5,2015,6,398069,0,0,5,5,5,0,0,6
31,5,2015,7,398070,0,0,5,5,5,0,0,6
31,5,2015,8,398071,0,0,5,5,5,0,0,6
31,5,2015,9,398072,0,0,5,5,5,0,0,6
31,5,2015,10,398073,0,0,5,5,5,0,0,6
31,5,2015,11,398074,0,0,5,5,5,0,0,6
31,5,2015,12,398075,0,0,5,5,5,0,0,6
31,5,2015,13,398076,0,0,5,5,5,0,0,6
31,5,2015,14,398077,0,0,5,5,5,0,0,5
31,5,2015,15,398078,0,0,5,5,5,0,0,7
31,5,2015,16,398079,0,0,5,5,5,0,0,6
31,5,2015,17,398080,0,0,5,5,5,0,0,6
31,5,2015,18,398081,0,0,5,5,5,0,0,6
31,5,2015,19,398082,0,0,5,5,5,0,0,6
31,5,2015,20,398083,0,0,5,5,5,0,0,5
31,5,2015,21,398084,0,0,5,5,5,0,0,6
31,5,2015,22,398085,0,0,5,5,5,0,0,6
31,5,2015,23,398086,0,0,5,5,5,0,0,6
1,6,2015,0,398087,0,0,5,5,5,0,0,6
1,6,2015,1,398088,0,0,5,5,5,0,0,5
1,6,2015,2,398089,0,0,5,5,5,0,0,6
1,6,2015,3,398090,0,0,5,5,5,0,0,7
1,6,2015,4,398091,0,0,5,5,5,0,0,6
1,6,2015,5,398092,0,0,5,5,5,0,0,6
1,6,2015,6,398093,0,0,5,5,5,0,0,6
1,6,2015,7,398094,0,0,6,6,6,0,0,6
1,6,2015,8,398095,0,0,6,6,6,0,0,6
1,6,2015,9,398096,0,0,6,6,6,0,0,6
1,6,2015,10,398097,0,0,6,6,6,0,0,6
1,6,2015,11,398098,2,0,7,7.28571428571429,8,0,0,7
1,6,2015,12,398099,0,0,7,7,7,0,0,6
1,6,2015,13,398100,0,0,7,7,7,0,0,6
1,6,2015,14,398101,0,0,7,7,7,0,0,6
1,6,2015,15,398102,0,0,7,7,7,0,0,6
1,6,2015,16,398103,0,0,7,7,7,0,0,6
1,6,2015,17,398104,0,0,7,7,7,0,0,6
1,6,2015,18,398105,0,1,6,6.42857142857143,6,0,0,7
1,6,2015,19,398106,0,0,6,6,6,0,0,6
1,6,2015,20,398107,0,0,6,6,6,0,0,6
1,6,2015,21,398108,0,0,6,6,6,0,0,5
1,6,2015,22,398109,0,0,6,6,6,0,0,6
1,6,2015,23,398110,0,0,6,6,6,0,0,6
2,6,2015,0,398111,0,0,6,6,6,0,0,6
2,6,2015,1,398112,0,0,6,6,6,0,0,6
2,6,2015,2,398113,0,0,6,6,6,0,0,6
2,6,2015,3,398114,0,0,6,6,6,0,0,7
2,6,2015,4,398115,0,0,6,6,6,0,0,6
2,6,2015,5,398116,0,0,6,6,6,0,0,6
2,6,2015,6,398117,0,0,6,6,6,0,0,6
2,6,2015,7,398118,0,0,7,7,7,0,0,6
2,6,2015,8,398119,0,0,7,7,7,0,0,6
2,6,2015,9,398120,0,0,7,7,7,0,0,6
2,6,2015,10,398121,0,0,7,7,7,0,0,6
2,6,2015,11,398122,1,1,7,7.42857142857143,7,0,0,7
2,6,2015,12,398123,0,0,7,7,7,0,0,6
2,6,2015,13,398124,0,0,7,7,7,0,0,6
2,6,2015,14,398125,0,0,7,7,7,0,0,6
2,6,2015,15,398126,0,0,7,7,7,0,0,6
2,6,2015,16,398127,0,0,7,7,7,0,0,6
2,6,2015,17,398128,0,1,7,6.66666666666667,6,0,0,6
2,6,2015,18,398129,0,0,6,6,6,0,0,6
2,6,2015,19,398130,0,0,6,6,6,0,0,6
2,6,2015,20,398131,0,0,6,6,6,0,0,6
2,6,2015,21,398132,0,0,6,6,6,0,0,6
2,6,2015,22,398133,0,0,6,6,6,0,0,6
2,6,2015,23,398134,0,0,6,6,6,0,0,6
3,6,2015,0,398135,0,0,6,6,6,0,0,6
3,6,2015,1,398136,0,0,6,6,6,0,0,5
3,6,2015,2,398137,0,0,6,6,6,0,0,6
3,6,2015,3,398138,0,0,6,6,6,0,0,8
3,6,2015,4,398139,0,0,6,6,6,0,0,6
3,6,2015,5,398140,0,0,6,6,6,0,0,6
3,6,2015,6,398141,0,0,6,6,6,0,0,6
3,6,2015,7,398142,0,0,6,6,6,0,0,6
3,6,2015,8,398143,0,0,6,6,6,0,0,6
3,6,2015,9,398144,0,0,6,6,6,0,0,5
3,6,2015,10,398145,0,0,6,6,6,0,0,6
3,6,2015,11,398146,0,0,6,6,6,0,0,6
3,6,2015,12,398147,0,0,6,6,6,0,0,6
3,6,2015,13,398148,0,0,6,6,6,0,0,6
3,6,2015,14,398149,0,0,6,6,6,0,0,6
3,6,2015,15,398150,0,0,6,6,6,0,0,6
3,6,2015,16,398151,0,1,6,5.57142857142857,5,0,0,7
3,6,2015,17,398152,0,1,4,4.14285714285714,4,0,0,7
3,6,2015,18,398153,0,1,3,3.28571428571429,3,0,0,7
3,6,2015,19,398154,0,0,3,3,3,0,0,6
3,6,2015,20,398155,0,0,3,3,3,0,0,5
3,6,2015,21,398156,0,0,3,3,3,0,0,6
3,6,2015,22,398157,0,0,3,3,3,0,0,6
3,6,2015,23,398158,0,0,3,3,3,0,0,6
4,6,2015,0,398159,0,0,3,3,3,0,0,6
4,6,2015,1,398160,0,0,3,3,3,0,0,6
4,6,2015,2,398161,0,0,3,3,3,0,0,6
4,6,2015,3,398162,0,0,3,3,3,0,0,6
4,6,2015,4,398163,0,0,3,3,3,0,0,6
4,6,2015,5,398164,0,0,3,3,3,0,0,6
4,6,2015,6,398165,0,0,3,3,3,0,0,6
4,6,2015,7,398166,0,1,2,2.16666666666667,2,0,0,6
4,6,2015,8,398167,0,0,2,2,2,0,0,5
4,6,2015,9,398168,0,0,2,2,2,0,0,6
4,6,2015,10,398169,0,0,2,2,2,0,0,6
4,6,2015,11,398170,1,0,2,2.16666666666667,3,0,0,6
4,6,2015,12,398171,0,1,2,2.28571428571429,2,0,0,7
4,6,2015,13,398172,0,0,2,2,2,0,0,6
4,6,2015,14,398173,0,0,2,2,2,0,0,6
4,6,2015,15,398174,0,0,2,2,2,0,0,6
4,6,2015,16,398175,0,0,2,2,2,0,0,6
4,6,2015,17,398176,1,0,2,2.16666666666667,3,0,0,6
4,6,2015,18,398177,0,0,3,3,3,0,0,6
4,6,2015,19,398178,0,0,3,3,3,0,0,6
4,6,2015,20,398179,0,0,3,3,3,0,0,6
4,6,2015,21,398180,0,0,3,3,3,0,0,6
4,6,2015,22,398181,0,0,3,3,3,0,0,6
4,6,2015,23,398182,0,0,3,3,3,0,0,6
5,6,2015,0,398183,0,0,3,3,3,0,0,6
5,6,2015,1,398184,0,0,3,3,3,0,0,6
5,6,2015,2,398185,0,0,3,3,3,0,0,6
5,6,2015,3,398186,0,0,3,3,3,0,0,6
5,6,2015,4,398187,0,0,3,3,3,0,0,6
5,6,2015,5,398188,0,0,3,3,3,0,0,6
5,6,2015,6,398189,0,0,3,3,3,0,0,6
5,6,2015,7,398190,0,0,3,3,3,0,0,6
5,6,2015,8,398191,0,0,3,3,3,0,0,6
5,6,2015,9,398192,0,0,3,3,3,0,0,6
5,6,2015,10,398193,0,0,3,3,3,0,0,6
5,6,2015,11,398194,0,0,3,3,3,0,0,5
5,6,2015,12,398195,0,0,3,3,3,0,0,6
5,6,2015,13,398196,0,0,3,3,3,0,0,6
5,6,2015,14,398197,0,0,3,3,3,0,0,6
5,6,2015,15,398198,0,0,3,3,3,0,0,6
5,6,2015,16,398199,0,0,3,3,3,0,0,6
5,6,2015,17,398200,0,0,3,3,3,0,0,6
5,6,2015,18,398201,0,0,3,3,3,0,0,6
5,6,2015,19,398202,0,0,3,3,3,0,0,6
5,6,2015,20,398203,0,0,3,3,3,0,0,6
5,6,2015,21,398204,0,0,3,3,3,0,0,6
5,6,2015,22,398205,0,0,3,3,3,0,0,6
5,6,2015,23,398206,0,0,3,3,3,0,0,6
6,6,2015,0,398207,0,0,3,3,3,0,0,6
6,6,2015,1,398208,0,0,3,3,3,0,0,6
6,6,2015,2,398209,0,0,3,3,3,0,0,6
6,6,2015,3,398210,0,0,3,3,3,0,0,6
6,6,2015,4,398211,0,0,3,3,3,0,0,6
6,6,2015,5,398212,0,0,3,3,3,0,0,6
6,6,2015,6,398213,0,0,3,3,3,0,0,6
6,6,2015,7,398214,0,0,3,3,3,0,0,6
6,6,2015,8,398215,0,0,3,3,3,0,0,6
6,6,2015,9,398216,0,0,3,3,3,0,0,6
6,6,2015,10,398217,0,0,3,3,3,0,0,6
6,6,2015,11,398218,0,0,3,3,3,0,0,6
6,6,2015,12,398219,0,0,3,3,3,0,0,6
6,6,2015,13,398220,0,0,3,3,3,0,0,6
6,6,2015,14,398221,0,0,3,3,3,0,0,5
6,6,2015,15,398222,0,0,3,3,3,0,0,5
6,6,2015,16,398223,0,0,3,3,3,0,0,8
6,6,2015,17,398224,0,0,3,3,3,0,0,6
6,6,2015,18,398225,0,0,3,3,3,0,0,6
6,6,2015,19,398226,0,0,3,3,3,0,0,6
6,6,2015,20,398227,0,0,3,3,3,0,0,6
6,6,2015,21,398228,0,0,3,3,3,0,0,6
6,6,2015,22,398229,0,0,3,3,3,0,0,6
6,6,2015,23,398230,0,0,3,3,3,0,0,6
7,6,2015,0,398231,0,0,3,3,3,0,0,6
7,6,2015,1,398232,0,0,3,3,3,0,0,6
7,6,2015,2,398233,0,0,3,3,3,0,0,6
7,6,2015,3,398234,0,0,3,3,3,0,0,7
7,6,2015,4,398235,0,0,3,3,3,0,0,6
7,6,2015,5,398236,0,0,3,3,3,0,0,6
7,6,2015,6,398237,0,0,3,3,3,0,0,6
7,6,2015,7,398238,0,0,3,3,3,0,0,6
7,6,2015,8,398239,0,0,3,3,3,0,0,5
7,6,2015,9,398240,0,0,3,3,3,0,0,6
7,6,2015,10,398241,0,0,3,3,3,0,0,6
7,6,2015,11,398242,0,0,3,3,3,0,0,6
7,6,2015,12,398243,0,0,3,3,3,0,0,6
7,6,2015,13,398244,0,0,3,3,3,0,0,6
7,6,2015,14,398245,0,0,3,3,3,0,0,6
7,6,2015,15,398246,0,0,3,3,3,0,0,6
7,6,2015,16,398247,0,0,3,3,3,0,0,6
7,6,2015,17,398248,0,0,3,3,3,0,0,6
7,6,2015,18,398249,0,0,3,3,3,0,0,5
7,6,2015,19,398250,0,0,3,3,3,0,0,6
7,6,2015,20,398251,0,0,3,3,3,0,0,6
7,6,2015,21,398252,0,0,3,3,3,0,0,6
7,6,2015,22,398253,0,0,3,3,3,0,0,6
7,6,2015,23,398254,0,0,3,3,3,0,0,6
8,6,2015,0,398255,0,0,3,3,3,0,0,6
8,6,2015,1,398256,0,0,3,3,3,0,0,6
8,6,2015,2,398257,0,0,3,3,3,0,0,6
8,6,2015,3,398258,0,0,3,3,3,0,0,6
8,6,2015,4,398259,0,0,3,3,3,0,0,6
8,6,2015,5,398260,0,0,3,3,3,0,0,6
8,6,2015,6,398261,0,0,3,3,3,0,0,6
8,6,2015,7,398262,0,0,3,3,3,0,0,6
8,6,2015,8,398263,1,0,4,3.66666666666667,4,0,0,6
8,6,2015,9,398264,0,0,4,4,4,0,0,6
8,6,2015,10,398265,0,0,4,4,4,0,0,6
8,6,2015,11,398266,0,0,4,4,4,0,0,6
8,6,2015,12,398267,0,0,4,4,4,0,0,5
8,6,2015,13,398268,0,0,4,4,4,0,0,6
8,6,2015,14,398269,0,0,4,4,4,0,0,6
8,6,2015,15,398270,0,0,4,4,4,0,0,6
8,6,2015,16,398271,0,0,4,4,4,0,0,6
8,6,2015,17,398272,1,1,4,4.28571428571429,4,0,0,7
8,6,2015,18,398273,0,0,4,4,4,0,0,6
8,6,2015,19,398274,0,0,4,4,4,0,0,6
8,6,2015,20,398275,0,0,4,4,4,0,0,6
8,6,2015,21,398276,0,0,4,4,4,0,0,6
8,6,2015,22,398277,0,0,4,4,4,0,0,6
8,6,2015,23,398278,0,0,4,4,4,0,0,6
9,6,2015,0,398279,0,0,4,4,4,0,0,6
9,6,2015,1,398280,0,0,4,4,4,0,0,6
9,6,2015,2,398281,0,0,4,4,4,0,0,6
9,6,2015,3,398282,0,0,4,4,4,0,0,7
9,6,2015,4,398283,0,0,4,4,4,0,0,6
9,6,2015,5,398284,0,0,4,4,4,0,0,6
9,6,2015,6,398285,0,0,4,4,4,0,0,6
9,6,2015,7,398286,1,0,5,4.83333333333333,5,0,0,6
9,6,2015,8,398287,0,0,5,5,5,0,0,6
9,6,2015,9,398288,0,0,5,5,5,0,0,6
9,6,2015,10,398289,0,0,5,5,5,0,0,6
9,6,2015,11,398290,1,1,5,4.66666666666667,5,0,0,6
9,6,2015,12,398291,0,0,5,5,5,0,0,6
9,6,2015,13,398292,0,0,5,5,5,0,0,6
9,6,2015,14,398293,0,0,5,5,5,0,0,6
9,6,2015,15,398294,0,0,5,5,5,0,0,6
9,6,2015,16,398295,0,2,4,4,3,0,0,6
9,6,2015,17,398296,0,0,3,3,3,0,0,6
9,6,2015,18,398297,0,0,3,3,3,0,0,6
9,6,2015,19,398298,0,0,3,3,3,0,0,6
9,6,2015,20,398299,0,0,3,3,3,0,0,6
9,6,2015,21,398300,0,0,3,3,3,0,0,6
9,6,2015,22,398301,0,0,3,3,3,0,0,6
9,6,2015,23,398302,0,0,3,3,3,0,0,6
10,6,2015,0,398303,0,0,3,3,3,0,0,6
10,6,2015,1,398304,0,0,3,3,3,0,0,5
10,6,2015,2,398305,0,0,3,3,3,0,0,5
10,6,2015,3,398306,0,0,3,3,3,0,0,7
10,6,2015,4,398307,0,0,3,3,3,0,0,6
10,6,2015,5,398308,0,0,3,3,3,0,0,6
10,6,2015,6,398309,0,0,3,3,3,0,0,6
10,6,2015,7,398310,1,0,3,3.14285714285714,4,0,0,7
10,6,2015,8,398311,0,0,4,4,4,0,0,6
10,6,2015,9,398312,0,0,4,4,4,0,0,6
10,6,2015,10,398313,0,0,4,4,4,0,0,6
10,6,2015,11,398314,0,0,4,4,4,0,0,6
10,6,2015,12,398315,0,0,4,4,4,0,0,6
10,6,2015,13,398316,0,0,4,4,4,0,0,5
10,6,2015,14,398317,0,0,4,4,4,0,0,6
10,6,2015,15,398318,0,0,4,4,4,0,0,6
10,6,2015,16,398319,0,1,3,3.42857142857143,3,0,0,7
10,6,2015,17,398320,0,0,3,3,3,0,0,6
10,6,2015,18,398321,0,0,3,3,3,0,0,6
10,6,2015,19,398322,0,0,3,3,3,0,0,6
10,6,2015,20,398323,0,0,3,3,3,0,0,6
10,6,2015,21,398324,0,0,3,3,3,0,0,6
10,6,2015,22,398325,0,0,3,3,3,0,0,6
10,6,2015,23,398326,0,0,3,3,3,0,0,6
11,6,2015,0,398327,0,0,3,3,3,0,0,6
11,6,2015,1,398328,0,0,3,3,3,0,0,6
11,6,2015,2,398329,0,0,3,3,3,0,0,6
11,6,2015,3,398330,0,0,3,3,3,0,0,6
11,6,2015,4,398331,0,0,3,3,3,0,0,6
11,6,2015,5,398332,0,0,3,3,3,0,0,3
11,6,2015,8,398335,0,0,4,4,4,0,0,4
11,6,2015,9,398336,0,0,4,4,4,0,0,6
11,6,2015,10,398337,0,0,4,4,4,0,0,6
11,6,2015,11,398338,0,0,4,4,4,0,0,6
11,6,2015,12,398339,0,1,3,3.14285714285714,3,0,0,7
11,6,2015,13,398340,0,0,3,3,3,0,0,6
11,6,2015,14,398341,0,0,3,3,3,0,0,6
11,6,2015,15,398342,0,0,3,3,3,0,0,6
11,6,2015,16,398343,0,0,3,3,3,0,0,6
11,6,2015,17,398344,0,0,2,2,2,0,0,6
11,6,2015,18,398345,1,0,3,2.83333333333333,3,0,0,6
11,6,2015,19,398346,0,0,3,3,3,0,0,6
11,6,2015,20,398347,0,0,3,3,3,0,0,6
11,6,2015,21,398348,0,0,3,3,3,0,0,6
11,6,2015,22,398349,0,0,3,3,3,0,0,6
11,6,2015,23,398350,0,0,3,3,3,0,0,6
12,6,2015,0,398351,0,0,3,3,3,0,0,6
12,6,2015,1,398352,0,0,3,3,3,0,0,6
12,6,2015,2,398353,0,0,3,3,3,0,0,6
12,6,2015,3,398354,0,0,3,3,3,0,0,6
12,6,2015,4,398355,0,0,3,3,3,0,0,6
12,6,2015,5,398356,0,0,3,3,3,0,0,6
12,6,2015,6,398357,0,0,3,3,3,0,0,6
12,6,2015,7,398358,1,1,3,2.83333333333333,3,0,0,6
12,6,2015,8,398359,0,0,3,3,3,0,0,6
12,6,2015,9,398360,0,0,3,3,3,0,0,6
12,6,2015,10,398361,0,0,3,3,3,0,0,6
12,6,2015,11,398362,0,0,3,3,3,0,0,6
12,6,2015,12,398363,0,0,3,3,3,0,0,6
12,6,2015,13,398364,0,0,3,3,3,0,0,5
12,6,2015,14,398365,1,0,3,3.14285714285714,4,0,0,7
12,6,2015,15,398366,1,0,4,4.33333333333333,5,0,0,6
12,6,2015,16,398367,0,1,5,4.85714285714286,4,0,0,7
12,6,2015,17,398368,0,1,4,3.66666666666667,3,0,0,6
12,6,2015,18,398369,0,0,3,3,3,0,0,7
12,6,2015,19,398370,0,0,3,3,3,0,0,6
12,6,2015,20,398371,0,0,3,3,3,0,0,6
12,6,2015,21,398372,0,0,3,3,3,0,0,6
12,6,2015,22,398373,0,0,3,3,3,0,0,6
12,6,2015,23,398374,0,0,3,3,3,0,0,6
13,6,2015,0,398375,0,0,3,3,3,0,0,6
13,6,2015,1,398376,0,0,3,3,3,0,0,6
13,6,2015,2,398377,0,0,3,3,3,0,0,6
13,6,2015,3,398378,0,0,3,3,3,0,0,6
13,6,2015,4,398379,0,0,3,3,3,0,0,6
13,6,2015,5,398380,0,0,3,3,3,0,0,6
13,6,2015,6,398381,0,0,3,3,3,0,0,6
13,6,2015,7,398382,0,0,3,3,3,0,0,6
13,6,2015,8,398383,0,0,3,3,3,0,0,6
13,6,2015,9,398384,0,0,3,3,3,0,0,6
13,6,2015,10,398385,0,0,3,3,3,0,0,6
13,6,2015,11,398386,0,0,3,3,3,0,0,6
13,6,2015,12,398387,0,0,3,3,3,0,0,5
13,6,2015,13,398388,0,0,3,3,3,0,0,6
13,6,2015,14,398389,0,0,3,3,3,0,0,6
13,6,2015,15,398390,0,0,3,3,3,0,0,6
13,6,2015,16,398391,0,0,3,3,3,0,0,6
13,6,2015,17,398392,0,0,3,3,3,0,0,6
13,6,2015,18,398393,0,0,3,3,3,0,0,6
13,6,2015,19,398394,0,0,3,3,3,0,0,6
13,6,2015,20,398395,0,0,3,3,3,0,0,6
13,6,2015,21,398396,0,0,3,3,3,0,0,6
13,6,2015,22,398397,0,0,3,3,3,0,0,6
13,6,2015,23,398398,0,0,3,3,3,0,0,6
14,6,2015,0,398399,0,0,3,3,3,0,0,6
14,6,2015,1,398400,0,0,3,3,3,0,0,6
14,6,2015,2,398401,0,0,3,3,3,0,0,6
14,6,2015,3,398402,0,0,3,3,3,0,0,7
14,6,2015,4,398403,0,0,3,3,3,0,0,6
14,6,2015,5,398404,0,0,3,3,3,0,0,6
14,6,2015,6,398405,0,0,3,3,3,0,0,6
14,6,2015,7,398406,0,0,3,3,3,0,0,6
14,6,2015,8,398407,0,0,3,3,3,0,0,6
14,6,2015,9,398408,0,0,3,3,3,0,0,6
14,6,2015,10,398409,0,0,3,3,3,0,0,5
14,6,2015,11,398410,1,1,3,3.14285714285714,3,0,0,7
14,6,2015,12,398411,0,0,3,3,3,0,0,6
14,6,2015,13,398412,0,0,3,3,3,0,0,5
14,6,2015,14,398413,0,0,3,3,3,0,0,6
14,6,2015,15,398414,0,0,3,3,3,0,0,6
14,6,2015,16,398415,0,2,3,2.66666666666667,1,0,0,6
14,6,2015,17,398416,2,0,2,2.66666666666667,4,0,0,6
14,6,2015,18,398417,0,0,4,4,4,0,0,6
14,6,2015,19,398418,0,0,4,4,4,0,0,7
14,6,2015,20,398419,0,1,4,3.83333333333333,3,0,0,6
14,6,2015,21,398420,0,0,3,3,3,0,0,6
14,6,2015,22,398421,0,0,3,3,3,0,0,6
14,6,2015,23,398422,0,0,3,3,3,0,0,6
15,6,2015,0,398423,0,0,3,3,3,0,0,6
15,6,2015,1,398424,0,0,3,3,3,0,0,6
15,6,2015,2,398425,0,0,3,3,3,0,0,6
15,6,2015,3,398426,0,0,3,3,3,0,0,6
15,6,2015,4,398427,0,0,3,3,3,0,0,6
15,6,2015,5,398428,0,0,3,3,3,0,0,6
15,6,2015,6,398429,0,0,3,3,3,0,0,6
15,6,2015,7,398430,0,0,3,3,3,0,0,6
15,6,2015,8,398431,1,0,4,3.66666666666667,4,0,0,6
15,6,2015,9,398432,0,0,4,4,4,0,0,6
15,6,2015,10,398433,0,0,4,4,4,0,0,6
15,6,2015,11,398434,0,0,4,4,4,0,0,6
15,6,2015,12,398435,0,0,4,4,4,0,0,7
15,6,2015,13,398436,0,0,4,4,4,0,0,6
15,6,2015,14,398437,0,0,4,4,4,0,0,6
15,6,2015,15,398438,0,0,4,4,4,0,0,6
15,6,2015,16,398439,1,0,4.5,4.5,5,0,0,6
15,6,2015,17,398440,0,0,5,5,5,0,0,6
15,6,2015,18,398441,0,0,5,5,5,0,0,6
15,6,2015,19,398442,0,0,5,5,5,0,0,6
15,6,2015,20,398443,0,0,5,5,5,0,0,6
15,6,2015,21,398444,0,0,5,5,5,0,0,5
15,6,2015,22,398445,0,0,5,5,5,0,0,6
15,6,2015,23,398446,0,0,5,5,5,0,0,6
16,6,2015,0,398447,0,0,5,5,5,0,0,6
16,6,2015,1,398448,0,0,5,5,5,0,0,6
16,6,2015,2,398449,0,0,5,5,5,0,0,6
16,6,2015,3,398450,0,0,5,5,5,0,0,6
16,6,2015,4,398451,0,0,5,5,5,0,0,6
16,6,2015,5,398452,0,0,5,5,5,0,0,6
16,6,2015,6,398453,0,0,5,5,5,0,0,6
16,6,2015,7,398454,0,0,5,5,5,0,0,6
16,6,2015,8,398455,0,0,5,5,5,0,0,6
16,6,2015,9,398456,0,0,5,5,5,0,0,6
16,6,2015,10,398457,0,0,5,5,5,0,0,6
16,6,2015,11,398458,0,0,5,5,5,0,0,6
16,6,2015,12,398459,0,1,4,4.14285714285714,4,0,0,7
16,6,2015,13,398460,0,0,4,4,4,0,0,6
16,6,2015,14,398461,0,0,4,4,4,0,0,6
16,6,2015,15,398462,0,0,4,4,4,0,0,5
16,6,2015,16,398463,1,0,4,4.33333333333333,5,0,0,6
16,6,2015,17,398464,2,0,5,4.85714285714286,6,0,0,7
16,6,2015,18,398465,0,0,6,6,6,0,0,6
16,6,2015,19,398466,0,0,6,6,6,0,0,6
16,6,2015,20,398467,1,1,6,5.57142857142857,6,0,0,7
16,6,2015,21,398468,0,0,6,6,6,0,0,6
16,6,2015,22,398469,0,0,6,6,6,0,0,6
16,6,2015,23,398470,0,0,6,6,6,0,0,6
17,6,2015,0,398471,0,0,6,6,6,0,0,6
17,6,2015,1,398472,0,0,6,6,6,0,0,6
17,6,2015,2,398473,0,0,6,6,6,0,0,6
17,6,2015,3,398474,0,0,6,6,6,0,0,5
17,6,2015,4,398475,0,0,6,6,6,0,0,6
17,6,2015,5,398476,0,0,6,6,6,0,0,6
17,6,2015,6,398477,0,0,6,6,6,0,0,6
17,6,2015,7,398478,0,1,6,5.66666666666667,5,0,0,6
17,6,2015,8,398479,1,0,6,5.71428571428571,6,0,0,7
17,6,2015,9,398480,0,0,6,6,6,0,0,6
17,6,2015,10,398481,0,0,6,6,6,0,0,6
17,6,2015,11,398482,0,0,6,6,6,0,0,6
17,6,2015,12,398483,0,0,6,6,6,0,0,5
17,6,2015,13,398484,0,0,6,6,6,0,0,6
17,6,2015,14,398485,0,0,6,6,6,0,0,6
17,6,2015,15,398486,0,0,6,6,6,0,0,6
17,6,2015,16,398487,0,2,6,5.5,4,0,0,8
17,6,2015,17,398488,1,0,4.5,4.5,5,0,0,6
17,6,2015,18,398489,0,0,5,5,5,0,0,6
17,6,2015,19,398490,0,0,5,5,5,0,0,6
17,6,2015,20,398491,0,0,5,5,5,0,0,6
17,6,2015,21,398492,0,0,5,5,5,0,0,6
17,6,2015,22,398493,0,0,5,5,5,0,0,4
17,6,2015,23,398494,0,0,5,5,5,0,0,6
18,6,2015,0,398495,0,0,5,5,5,0,0,7
18,6,2015,1,398496,0,0,5,5,5,0,0,6
18,6,2015,2,398497,0,0,5,5,5,0,0,6
18,6,2015,3,398498,0,0,5,5,5,0,0,7
18,6,2015,4,398499,0,0,5,5,5,0,0,6
18,6,2015,5,398500,0,0,5,5,5,0,0,6
18,6,2015,6,398501,0,0,5,5,5,0,0,6
18,6,2015,7,398502,0,0,5,5,5,0,0,6
18,6,2015,8,398503,0,0,5,5,5,0,0,6
18,6,2015,9,398504,0,0,5,5,5,0,0,6
18,6,2015,10,398505,0,0,5,5,5,0,0,6
18,6,2015,11,398506,0,0,5,5,5,0,0,6
18,6,2015,12,398507,0,2,4,4.16666666666667,3,0,0,6
18,6,2015,13,398508,0,0,3,3,3,0,0,6
18,6,2015,14,398509,0,0,3,3,3,0,0,7
18,6,2015,15,398510,0,0,3,3,3,0,0,6
18,6,2015,16,398511,1,1,3,3.42857142857143,3,0,0,7
18,6,2015,17,398512,0,0,3,3,3,0,0,6
18,6,2015,18,398513,1,1,3,2.875,3,0,0,8
18,6,2015,19,398514,0,0,3,3,3,0,0,6
18,6,2015,20,398515,0,0,3,3,3,0,0,6
18,6,2015,21,398516,0,0,3,3,3,0,0,5
18,6,2015,22,398517,0,0,3,3,3,0,0,6
18,6,2015,23,398518,0,0,3,3,3,0,0,6
19,6,2015,0,398519,0,0,3,3,3,0,0,6
19,6,2015,1,398520,0,0,3,3,3,0,0,6
19,6,2015,2,398521,0,0,3,3,3,0,0,6
19,6,2015,3,398522,0,0,3,3,3,0,0,7
19,6,2015,4,398523,0,0,3,3,3,0,0,6
19,6,2015,5,398524,0,0,3,3,3,0,0,5
19,6,2015,6,398525,0,0,3,3,3,0,0,6
19,6,2015,7,398526,2,0,4,4,5,0,0,7
19,6,2015,8,398527,0,0,5,5,5,0,0,6
19,6,2015,9,398528,0,0,5,5,5,0,0,6
19,6,2015,10,398529,0,0,5,5,5,0,0,6
19,6,2015,11,398530,0,0,5,5,5,0,0,6
19,6,2015,12,398531,0,0,5,5,5,0,0,6
19,6,2015,13,398532,0,0,5,5,5,0,0,6
19,6,2015,14,398533,0,0,5,5,5,0,0,5
19,6,2015,15,398534,0,0,5,5,5,0,0,6
19,6,2015,16,398535,0,0,5,5,5,0,0,6
19,6,2015,17,398536,0,1,4,3.57142857142857,3,0,0,7
19,6,2015,18,398537,0,0,3,3,3,0,0,6
19,6,2015,19,398538,0,0,3,3,3,0,0,6
19,6,2015,20,398539,0,0,3,3,3,0,0,6
19,6,2015,21,398540,0,0,3,3,3,0,0,6
19,6,2015,22,398541,0,0,3,3,3,0,0,6
19,6,2015,23,398542,0,0,3,3,3,0,0,6
20,6,2015,0,398543,0,0,3,3,3,0,0,6
20,6,2015,1,398544,0,0,3,3,3,0,0,6
20,6,2015,2,398545,0,0,3,3,3,0,0,6
20,6,2015,3,398546,0,0,3,3,3,0,0,6
20,6,2015,4,398547,0,0,3,3,3,0,0,6
20,6,2015,5,398548,0,0,3,3,3,0,0,6
20,6,2015,6,398549,0,0,3,3,3,0,0,6
20,6,2015,7,398550,0,0,3,3,3,0,0,6
20,6,2015,8,398551,0,0,3,3,3,0,0,6
20,6,2015,9,398552,0,0,3,3,3,0,0,6
20,6,2015,10,398553,0,0,3,3,3,0,0,6
20,6,2015,11,398554,0,0,3,3,3,0,0,6
20,6,2015,12,398555,0,0,3,3,3,0,0,5
20,6,2015,13,398556,0,0,3,3,3,0,0,6
20,6,2015,14,398557,0,0,3,3,3,0,0,6
20,6,2015,15,398558,0,0,3,3,3,0,0,5
20,6,2015,16,398559,0,0,3,3,3,0,0,6
20,6,2015,17,398560,0,0,3,3,3,0,0,6
20,6,2015,18,398561,0,0,3,3,3,0,0,6
20,6,2015,19,398562,0,0,3,3,3,0,0,6
20,6,2015,20,398563,0,0,3,3,3,0,0,6
20,6,2015,21,398564,0,0,3,3,3,0,0,6
20,6,2015,22,398565,0,0,3,3,3,0,0,6
20,6,2015,23,398566,0,0,3,3,3,0,0,6
21,6,2015,0,398567,0,0,3,3,3,0,0,4
21,6,2015,1,398568,0,0,3,3,3,0,0,6
21,6,2015,2,398569,0,0,3,3,3,0,0,6
21,6,2015,3,398570,0,0,3,3,3,0,0,7
21,6,2015,4,398571,0,0,3,3,3,0,0,6
21,6,2015,5,398572,0,0,3,3,3,0,0,6
21,6,2015,6,398573,0,0,3,3,3,0,0,6
21,6,2015,7,398574,0,0,3,3,3,0,0,5
21,6,2015,8,398575,0,0,3,3,3,0,0,6
21,6,2015,9,398576,0,0,3,3,3,0,0,6
21,6,2015,10,398577,0,0,3,3,3,0,0,6
21,6,2015,11,398578,0,0,3,3,3,0,0,6
21,6,2015,12,398579,1,0,4,3.83333333333333,4,0,0,6
21,6,2015,13,398580,0,0,4,4,4,0,0,6
21,6,2015,14,398581,0,0,4,4,4,0,0,6
21,6,2015,15,398582,0,0,4,4,4,0,0,6
21,6,2015,16,398583,0,0,4,4,4,0,0,6
21,6,2015,17,398584,0,0,4,4,4,0,0,6
21,6,2015,18,398585,0,0,4,4,4,0,0,6
21,6,2015,19,398586,0,0,4,4,4,0,0,6
21,6,2015,20,398587,0,0,4,4,4,0,0,6
21,6,2015,21,398588,0,0,4,4,4,0,0,6
21,6,2015,22,398589,0,0,4,4,4,0,0,6
21,6,2015,23,398590,0,0,4,4,4,0,0,6
22,6,2015,0,398591,0,0,4,4,4,0,0,6
22,6,2015,1,398592,0,0,4,4,4,0,0,6
22,6,2015,2,398593,0,0,4,4,4,0,0,6
22,6,2015,3,398594,0,0,4,4,4,0,0,6
22,6,2015,4,398595,0,0,4,4,4,0,0,6
22,6,2015,5,398596,0,0,4,4,4,0,0,6
22,6,2015,6,398597,0,0,4,4,4,0,0,6
22,6,2015,7,398598,0,0,4,4,4,0,0,6
22,6,2015,8,398599,0,0,4,4,4,0,0,6
22,6,2015,9,398600,0,0,4,4,4,0,0,6
22,6,2015,10,398601,0,0,4,4,4,0,0,6
22,6,2015,11,398602,0,0,4,4,4,0,0,6
22,6,2015,12,398603,0,0,4,4,4,0,0,6
22,6,2015,13,398604,0,0,4,4,4,0,0,6
22,6,2015,14,398605,0,0,4,4,4,0,0,6
22,6,2015,15,398606,0,0,4,4,4,0,0,5
22,6,2015,16,398607,0,0,4,4,4,0,0,6
22,6,2015,17,398608,0,0,4,4,4,0,0,6
22,6,2015,18,398609,0,0,4,4,4,0,0,6
22,6,2015,19,398610,0,0,4,4,4,0,0,6
22,6,2015,20,398611,0,0,4,4,4,0,0,6
22,6,2015,21,398612,0,0,4,4,4,0,0,6
22,6,2015,22,398613,0,0,4,4,4,0,0,7
22,6,2015,23,398614,0,0,4,4,4,0,0,6
23,6,2015,0,398615,0,0,4,4,4,0,0,5
23,6,2015,1,398616,0,0,4,4,4,0,0,6
23,6,2015,2,398617,0,0,4,4,4,0,0,7
23,6,2015,3,398618,0,0,4,4,4,0,0,7
23,6,2015,4,398619,0,0,4,4,4,0,0,6
23,6,2015,5,398620,0,0,4,4,4,0,0,6
23,6,2015,6,398621,0,0,4,4,4,0,0,6
23,6,2015,7,398622,0,0,5,5,5,0,0,6
23,6,2015,8,398623,0,0,5,5,5,0,0,6
23,6,2015,9,398624,0,0,5,5,5,0,0,6
23,6,2015,10,398625,0,0,5,5,5,0,0,6
23,6,2015,11,398626,0,0,5,5,5,0,0,6
23,6,2015,12,398627,0,0,5,5,5,0,0,6
23,6,2015,13,398628,0,0,5,5,5,0,0,6
23,6,2015,14,398629,0,0,5,5,5,0,0,6
23,6,2015,15,398630,0,0,5,5,5,0,0,6
23,6,2015,16,398631,0,0,5,5,5,0,0,6
23,6,2015,17,398632,0,0,5,5,5,0,0,6
23,6,2015,18,398633,0,0,5,5,5,0,0,6
23,6,2015,19,398634,0,0,5,5,5,0,0,5
23,6,2015,20,398635,0,0,5,5,5,0,0,6
23,6,2015,21,398636,0,0,5,5,5,0,0,6
23,6,2015,22,398637,0,0,5,5,5,0,0,6
23,6,2015,23,398638,0,0,5,5,5,0,0,5
24,6,2015,0,398639,0,0,5,5,5,0,0,6
24,6,2015,1,398640,0,0,5,5,5,0,0,6
24,6,2015,2,398641,0,0,5,5,5,0,0,6
24,6,2015,3,398642,0,0,5,5,5,0,0,7
24,6,2015,4,398643,0,0,5,5,5,0,0,6
24,6,2015,5,398644,0,0,5,5,5,0,0,6
24,6,2015,6,398645,0,0,5,5,5,0,0,6
24,6,2015,7,398646,0,0,5,5,5,0,0,6
24,6,2015,8,398647,0,0,5,5,5,0,0,6
24,6,2015,9,398648,0,0,5,5,5,0,0,6
24,6,2015,10,398649,0,0,5,5,5,0,0,6
24,6,2015,11,398650,0,1,4,4.16666666666667,4,0,0,6
24,6,2015,12,398651,0,0,4,4,4,0,0,6
24,6,2015,13,398652,0,0,4,4,4,0,0,6
24,6,2015,14,398653,0,0,4,4,4,0,0,6
24,6,2015,15,398654,0,1,4,3.85714285714286,3,0,0,7
24,6,2015,16,398655,0,0,3,3,3,0,0,5
24,6,2015,17,398656,1,1,4,3.57142857142857,3,0,0,7
24,6,2015,18,398657,0,1,2.5,2.5,2,0,0,6
24,6,2015,19,398658,0,0,2,2,2,0,0,6
24,6,2015,20,398659,0,0,2,2,2,0,0,6
24,6,2015,21,398660,0,0,2,2,2,0,0,6
24,6,2015,22,398661,0,0,2,2,2,0,0,6
24,6,2015,23,398662,0,0,2,2,2,0,0,6
25,6,2015,0,398663,0,0,2,2,2,0,0,6
25,6,2015,1,398664,0,0,2,2,2,0,0,6
25,6,2015,2,398665,0,0,2,2,2,0,0,6
25,6,2015,3,398666,0,0,2,2,2,0,0,6
25,6,2015,4,398667,0,0,2,2,2,0,0,6
25,6,2015,5,398668,0,0,2,2,2,0,0,6
25,6,2015,6,398669,0,0,2,2,2,0,0,6
25,6,2015,7,398670,0,0,2,2,2,0,0,6
25,6,2015,8,398671,0,0,2,2,2,0,0,6
25,6,2015,9,398672,0,0,2,2,2,0,0,6
25,6,2015,10,398673,0,0,2,2,2,0,0,6
25,6,2015,11,398674,0,0,2,2,2,0,0,6
25,6,2015,12,398675,0,0,2,2,2,0,0,5
25,6,2015,13,398676,0,0,2,2,2,0,0,6
25,6,2015,14,398677,0,0,2,2,2,0,0,6
25,6,2015,15,398678,0,0,2,2,2,0,0,6
25,6,2015,16,398679,0,1,2,1.85714285714286,1,0,0,7
25,6,2015,17,398680,0,0,1,1,1,0,0,5
25,6,2015,18,398681,0,0,2,2,2,0,0,6
25,6,2015,19,398682,0,0,2,2,2,0,0,6
25,6,2015,20,398683,0,0,2,2,2,0,0,6
25,6,2015,21,398684,0,0,2,2,2,0,0,6
25,6,2015,22,398685,0,0,2,2,2,0,0,6
25,6,2015,23,398686,0,0,2,2,2,0,0,6
26,6,2015,0,398687,0,0,2,2,2,0,0,6
26,6,2015,1,398688,0,0,2,2,2,0,0,6
26,6,2015,2,398689,0,0,2,2,2,0,0,6
26,6,2015,3,398690,0,0,2,2,2,0,0,7
26,6,2015,4,398691,0,0,2,2,2,0,0,6
26,6,2015,5,398692,0,0,2,2,2,0,0,6
26,6,2015,6,398693,0,0,2,2,2,0,0,6
26,6,2015,7,398694,1,0,3,2.66666666666667,3,0,0,6
26,6,2015,8,398695,1,0,4,3.85714285714286,4,0,0,7
26,6,2015,9,398696,0,0,4,4,4,0,0,6
26,6,2015,10,398697,0,0,4,4,4,0,0,6
26,6,2015,11,398698,0,0,4,4,4,0,0,6
26,6,2015,12,398699,0,1,3,3.16666666666667,3,0,0,6
26,6,2015,13,398700,0,0,3,3,3,0,0,7
26,6,2015,14,398701,0,0,3,3,3,0,0,7
26,6,2015,15,398702,0,0,3,3,3,0,0,8
26,6,2015,16,398703,0,0,3,3,3,0,0,9
26,6,2015,17,398704,0,0,2,2,2,0,0,7
26,6,2015,18,398705,0,0,2,2,2,0,0,7
26,6,2015,19,398706,0,1,1,1.33333333333333,1,0,0,6
26,6,2015,20,398707,0,0,1,1,1,0,0,8
26,6,2015,21,398708,0,0,1,1,1,0,0,9
26,6,2015,22,398709,0,0,1,1,1,0,0,6
26,6,2015,23,398710,0,0,1,1,1,0,0,6
27,6,2015,0,398711,0,0,1,1,1,0,0,6
27,6,2015,1,398712,0,0,1,1,1,0,0,6
27,6,2015,2,398713,0,0,1,1,1,0,0,6
27,6,2015,3,398714,0,0,1,1,1,0,0,6
27,6,2015,4,398715,0,0,1,1,1,0,0,6
27,6,2015,5,398716,0,0,1,1,1,0,0,6
27,6,2015,6,398717,0,0,1,1,1,0,0,6
27,6,2015,7,398718,0,0,1,1,1,0,0,6
27,6,2015,8,398719,0,0,1,1,1,0,0,6
27,6,2015,9,398720,0,0,1,1,1,0,0,6
27,6,2015,10,398721,0,0,1,1,1,0,0,6
27,6,2015,11,398722,0,0,1,1,1,0,0,6
27,6,2015,12,398723,0,0,1,1,1,0,0,6
27,6,2015,13,398724,0,0,1,1,1,0,0,6
27,6,2015,14,398725,0,0,1,1,1,0,0,6
27,6,2015,15,398726,0,0,1,1,1,0,0,6
27,6,2015,16,398727,0,0,1,1,1,0,0,5
27,6,2015,17,398728,0,0,1,1,1,0,0,6
27,6,2015,18,398729,0,0,1,1,1,0,0,6
27,6,2015,19,398730,0,0,1,1,1,0,0,6
27,6,2015,20,398731,0,0,1,1,1,0,0,6
27,6,2015,21,398732,0,0,1,1,1,0,0,6
27,6,2015,22,398733,0,0,1,1,1,0,0,6
27,6,2015,23,398734,0,0,1,1,1,0,0,6
28,6,2015,0,398735,0,0,1,1,1,0,0,6
28,6,2015,1,398736,0,0,1,1,1,0,0,6
28,6,2015,2,398737,0,0,1,1,1,0,0,5
28,6,2015,3,398738,0,0,1,1,1,0,0,7
28,6,2015,4,398739,0,0,1,1,1,0,0,6
28,6,2015,5,398740,0,0,1,1,1,0,0,6
28,6,2015,6,398741,0,0,1,1,1,0,0,6
28,6,2015,7,398742,0,0,1,1,1,0,0,6
28,6,2015,8,398743,0,0,1,1,1,0,0,6
28,6,2015,9,398744,0,0,1,1,1,0,0,6
28,6,2015,10,398745,0,0,1,1,1,0,0,6
28,6,2015,11,398746,0,0,1,1,1,0,0,6
28,6,2015,12,398747,0,0,1,1,1,0,0,6
28,6,2015,13,398748,0,0,1,1,1,0,0,6
28,6,2015,14,398749,0,0,1,1,1,0,0,6
28,6,2015,15,398750,0,0,1,1,1,0,0,6
28,6,2015,16,398751,0,0,1,1,1,0,0,6
28,6,2015,17,398752,0,0,1,1,1,0,0,6
28,6,2015,18,398753,0,0,1,1,1,0,0,6
28,6,2015,19,398754,0,0,1,1,1,0,0,6
28,6,2015,20,398755,0,0,1,1,1,0,0,6
28,6,2015,21,398756,0,0,1,1,1,0,0,6
28,6,2015,22,398757,0,0,1,1,1,0,0,6
28,6,2015,23,398758,0,0,1,1,1,0,0,5
29,6,2015,0,398759,0,0,1,1,1,0,0,6
29,6,2015,1,398760,0,0,1,1,1,0,0,6
29,6,2015,2,398761,0,0,1,1,1,0,0,6
29,6,2015,3,398762,0,0,1,1,1,0,0,7
29,6,2015,4,398763,0,0,1,1,1,0,0,6
29,6,2015,5,398764,0,0,1,1,1,0,0,6
29,6,2015,6,398765,0,0,1,1,1,0,0,6
29,6,2015,7,398766,0,0,1,1,1,0,0,6
29,6,2015,8,398767,1,0,2,1.66666666666667,2,0,0,6
29,6,2015,9,398768,0,0,2,2,2,0,0,6
29,6,2015,10,398769,0,0,2,2,2,0,0,6
29,6,2015,11,398770,0,0,2,2,2,0,0,6
29,6,2015,12,398771,0,0,2,2,2,0,0,6
29,6,2015,13,398772,0,0,2,2,2,0,0,6
29,6,2015,14,398773,0,0,2,2,2,0,0,6
29,6,2015,15,398774,0,0,2,2,2,0,0,6
29,6,2015,16,398775,0,1,1,1.4,1,0,0,5
29,6,2015,17,398776,0,1,1,0.857142857142857,0,0.142857142857143,0,7
29,6,2015,18,398777,0,0,0,0,0,1,0,5
29,6,2015,19,398778,0,0,0,0,0,1,0,6
29,6,2015,20,398779,0,0,0,0,0,1,0,6
29,6,2015,21,398780,0,0,0,0,0,1,0,6
29,6,2015,22,398781,0,0,0,0,0,1,0,6
29,6,2015,23,398782,0,0,0,0,0,1,0,6
30,6,2015,0,398783,0,0,0,0,0,1,0,6
30,6,2015,1,398784,0,0,0,0,0,1,0,6
30,6,2015,2,398785,0,0,0,0,0,1,0,6
30,6,2015,3,398786,0,0,0,0,0,1,0,7
30,6,2015,4,398787,0,0,0,0,0,1,0,6
30,6,2015,5,398788,0,0,0,0,0,1,0,6
30,6,2015,6,398789,0,0,0,0,0,1,0,6
30,6,2015,7,398790,0,0,0,0,0,1,0,6
30,6,2015,8,398791,0,0,1,1,1,0,0,6
30,6,2015,9,398792,0,0,1,1,1,0,0,6
30,6,2015,10,398793,0,0,1,1,1,0,0,6
30,6,2015,11,398794,1,0,1,1.33333333333333,2,0,0,6
30,6,2015,12,398795,0,0,2,2,2,0,0,6
30,6,2015,13,398796,0,0,2,2,2,0,0,6
30,6,2015,14,398797,0,0,2,2,2,0,0,6
30,6,2015,15,398798,0,0,2,2,2,0,0,6
30,6,2015,16,398799,0,0,2,2,2,0,0,6
30,6,2015,17,398800,0,1,1,1.16666666666667,1,0,0,6
30,6,2015,18,398801,0,0,1,1,1,0,0,6
30,6,2015,19,398802,0,0,1,1,1,0,0,6
30,6,2015,20,398803,0,0,2,2,2,0,0,6
30,6,2015,21,398804,0,0,2,2,2,0,0,6
30,6,2015,22,398805,0,0,2,2,2,0,0,5
30,6,2015,23,398806,0,0,2,2,2,0,0,5
1,7,2015,0,398807,0,0,2,2,2,0,0,6
1,7,2015,1,398808,0,0,2,2,2,0,0,6
1,7,2015,2,398809,0,0,2,2,2,0,0,6
1,7,2015,3,398810,0,0,2,2,2,0,0,7
1,7,2015,4,398811,0,0,2,2,2,0,0,6
1,7,2015,5,398812,0,0,2,2,2,0,0,6
1,7,2015,6,398813,0,0,2,2,2,0,0,6
1,7,2015,7,398814,0,0,2,2,2,0,0,6
1,7,2015,8,398815,0,0,2,2,2,0,0,6
1,7,2015,9,398816,0,0,2,2,2,0,0,6
1,7,2015,10,398817,0,0,2,2,2,0,0,6
1,7,2015,11,398818,0,0,3,3,3,0,0,6
1,7,2015,12,398819,0,0,3,3,3,0,0,6
1,7,2015,13,398820,0,0,3,3,3,0,0,6
1,7,2015,14,398821,0,0,3,3,3,0,0,6
1,7,2015,15,398822,0,0,3,3,3,0,0,6
1,7,2015,16,398823,0,0,3,3,3,0,0,6
1,7,2015,17,398824,0,0,3,3,3,0,0,6
1,7,2015,18,398825,0,0,3,3,3,0,0,6
1,7,2015,19,398826,0,0,3,3,3,0,0,6
1,7,2015,20,398827,0,0,3,3,3,0,0,6
1,7,2015,21,398828,0,0,3,3,3,0,0,6
1,7,2015,22,398829,0,0,3,3,3,0,0,6
1,7,2015,23,398830,0,0,3,3,3,0,0,6
2,7,2015,0,398831,0,0,3,3,3,0,0,6
2,7,2015,1,398832,0,0,3,3,3,0,0,6
2,7,2015,2,398833,0,0,3,3,3,0,0,1
