"day","month","year","hour","houred","totinc","totdecr","medbikes","meanbikes","lastbikes","propempty","propfull","count"
26,9,2014,10,392145,0,0,24,24,24,0,1,1
26,9,2014,11,392146,3,3,24,23.5454545454545,24,0,0.545454545454545,11
26,9,2014,12,392147,1,7,20,20.6428571428571,18,0,0.0714285714285714,14
26,9,2014,13,392148,1,2,18.5,18.5,18,0,0,12
26,9,2014,14,392149,1,8,14,14.1875,11,0,0,16
26,9,2014,15,392150,6,2,15,13.5384615384615,15,0,0,13
26,9,2014,16,392151,3,3,15,15.3846153846154,15,0,0,13
26,9,2014,17,392152,7,7,17,16.6,16,0,0,20
26,9,2014,18,392153,4,6,16,15.8333333333333,14,0,0,24
26,9,2014,19,392154,7,8,14,13.85,13,0,0,20
26,9,2014,20,392155,4,4,11.5,11.1875,12,0,0,16
26,9,2014,21,392156,4,2,13,13,15,0,0,9
26,9,2014,22,392157,3,2,16,15.8,16,0,0,10
26,9,2014,23,392158,0,2,15,14.7777777777778,14,0,0,9
27,9,2014,0,392159,1,4,12,11.7857142857143,10,0,0,14
27,9,2014,1,392160,0,3,7.5,8,7,0,0,8
27,9,2014,2,392161,1,1,7,7.28571428571429,7,0,0,7
27,9,2014,3,392162,2,5,4,4,4,0,0,11
27,9,2014,4,392163,0,0,4,4,4,0,0,8
27,9,2014,5,392164,1,0,5,4.85714285714286,5,0,0,7
27,9,2014,6,392165,1,1,5,5.28571428571429,5,0,0,7
27,9,2014,7,392166,0,1,5,4.85714285714286,4,0,0,7
27,9,2014,8,392167,3,2,5,4.7,5,0,0,10
27,9,2014,9,392168,5,4,5,5.30769230769231,6,0,0,13
27,9,2014,10,392169,2,0,6,6.33333333333333,8,0,0,6
27,9,2014,11,392170,5,6,9,9,7,0,0,15
27,9,2014,12,392171,6,4,8,8.46153846153846,10,0,0,13
27,9,2014,13,392172,4,6,7,6.58823529411765,7,0,0,17
27,9,2014,14,392173,4,5,8,8.4,7,0,0,15
27,9,2014,15,392174,4,9,1,1.5,1,0.285714285714286,0,14
27,9,2014,16,392175,2,2,1,0.555555555555556,1,0.444444444444444,0,9
27,9,2014,17,392176,8,3,6,5.17647058823529,6,0,0,17
27,9,2014,18,392177,8,8,7,7.25,7,0,0,20
27,9,2014,19,392178,2,8,1,1.7,0,0.25,0,20
27,9,2014,20,392179,1,0,0,0.333333333333333,1,0.666666666666667,0,6
27,9,2014,21,392180,2,2,1.5,1.4,1,0.1,0,10
27,9,2014,22,392181,1,1,1,1.33333333333333,1,0,0,6
27,9,2014,23,392182,0,1,0,0.25,0,0.75,0,8
28,9,2014,0,392183,3,3,1,1,0,0.444444444444444,0,9
28,9,2014,1,392184,1,0,0,0.25,1,0.75,0,8
28,9,2014,2,392185,0,1,0,0.333333333333333,0,0.666666666666667,0,6
28,9,2014,3,392186,0,0,0,0,0,1,0,6
28,9,2014,4,392187,1,0,0,0.375,1,0.625,0,8
28,9,2014,5,392188,0,0,1,1,1,0,0,6
28,9,2014,6,392189,0,0,0,0,0,1,0,6
28,9,2014,7,392190,0,0,0,0,0,1,0,6
28,9,2014,8,392191,0,0,0,0,0,1,0,6
28,9,2014,9,392192,1,0,1,0.571428571428571,1,0.428571428571429,0,7
28,9,2014,10,392193,1,0,1,1.16666666666667,2,0,0,6
28,9,2014,11,392194,8,2,7,6.41666666666667,8,0,0,12
28,9,2014,12,392195,9,3,15,13.1333333333333,14,0,0,15
28,9,2014,13,392196,1,1,15,15.1428571428571,15,0,0,7
28,9,2014,14,392197,0,1,14,14.25,14,0,0,8
28,9,2014,15,392198,1,2,13,13.4285714285714,13,0,0,7
28,9,2014,16,392199,3,0,17,16.5,18,0,0,8
28,9,2014,17,392200,3,5,20,20.0833333333333,18,0,0,12
28,9,2014,18,392201,9,9,19,19.3684210526316,19,0,0,19
28,9,2014,19,392202,3,6,17,17.3571428571429,16,0,0,14
28,9,2014,20,392203,6,1,15,16.6,20,0,0,10
28,9,2014,21,392204,1,2,20,20.1111111111111,19,0,0,9
28,9,2014,22,392205,0,0,19,19,19,0,0,6
28,9,2014,23,392206,0,3,19,18.8888888888889,17,0,0,9
29,9,2014,0,392207,0,5,13.5,13.3,11,0,0,10
29,9,2014,1,392208,0,0,11,11,11,0,0,6
29,9,2014,2,392209,0,1,10,10.25,10,0,0,8
29,9,2014,3,392210,0,0,10,10,10,0,0,6
29,9,2014,4,392211,0,0,10,10,10,0,0,7
29,9,2014,5,392212,1,0,12,11.7142857142857,12,0,0,7
29,9,2014,6,392213,9,3,14,14.3571428571429,19,0,0,14
29,9,2014,7,392214,5,3,20,20.1666666666667,21,0,0,12
29,9,2014,8,392215,5,2,23,22.7272727272727,24,0,0.454545454545455,11
29,9,2014,9,392216,0,1,24,23.875,23,0,0.875,8
29,9,2014,10,392217,2,4,23,23.1538461538462,22,0,0.307692307692308,13
29,9,2014,11,392218,6,4,23,22.8823529411765,24,0,0.235294117647059,17
29,9,2014,12,392219,6,8,22,22.5238095238095,22,0,0.19047619047619,21
29,9,2014,13,392220,7,13,18,17.76,15,0,0,25
29,9,2014,14,392221,7,10,12,11.7391304347826,12,0,0,23
29,9,2014,15,392222,7,6,13,13.0952380952381,14,0,0,21
29,9,2014,16,392223,5,6,15,15,14,0,0,13
29,9,2014,17,392224,13,9,16,16.12,19,0,0,25
29,9,2014,18,392225,5,13,17,16.6923076923077,12,0,0,26
29,9,2014,19,392226,5,16,7,6.8125,1,0.03125,0,32
29,9,2014,20,392227,0,1,2,1.875,1,0,0,8
29,9,2014,21,392228,0,1,0,0.428571428571429,0,0.571428571428571,0,7
29,9,2014,22,392229,2,1,1,1,1,0.111111111111111,0,9
29,9,2014,23,392230,2,2,2,2.1,2,0,0,10
30,9,2014,0,392231,0,1,1,1.28571428571429,1,0,0,7
30,9,2014,1,392232,0,0,1,1,1,0,0,6
30,9,2014,2,392233,0,0,1,1,1,0,0,6
30,9,2014,3,392234,0,0,1,1,1,0,0,6
30,9,2014,4,392235,0,0,1,1,1,0,0,7
30,9,2014,5,392236,0,0,1,1,1,0,0,6
30,9,2014,6,392237,8,3,1,1.6875,6,0.25,0,16
30,9,2014,7,392238,8,4,10,9.52941176470588,11,0,0,17
30,9,2014,8,392239,10,5,13,12.6666666666667,16,0,0,21
30,9,2014,9,392240,6,5,18,18.1176470588235,18,0,0,17
30,9,2014,10,392241,8,4,20,19.9375,22,0,0,16
30,9,2014,11,392242,1,9,19,18.4210526315789,14,0,0,19
30,9,2014,12,392243,5,13,13,12.6363636363636,7,0,0,22
30,9,2014,13,392244,7,12,2,2.13793103448276,1,0.103448275862069,0,29
30,9,2014,14,392245,9,6,2,2.73684210526316,4,0,0,19
30,9,2014,15,392246,6,6,6,5.70588235294118,6,0,0,17
30,9,2014,16,392247,5,10,2,2.89473684210526,1,0.210526315789474,0,19
30,9,2014,17,392248,9,5,4,3.88235294117647,6,0,0,17
30,9,2014,18,392249,7,11,3,3,2,0.0384615384615385,0,26
30,9,2014,19,392250,4,4,2,1.85714285714286,2,0.0714285714285714,0,14
30,9,2014,20,392251,4,5,1,0.714285714285714,0,0.428571428571429,0,14
30,9,2014,21,392252,0,0,0,0,0,1,0,6
30,9,2014,22,392253,1,0,1,0.833333333333333,1,0.166666666666667,0,6
30,9,2014,23,392254,0,1,0,0.375,0,0.625,0,8
1,10,2014,0,392255,0,0,0,0,0,1,0,6
1,10,2014,1,392256,0,0,0,0,0,1,0,6
1,10,2014,2,392257,0,0,0,0,0,1,0,6
1,10,2014,3,392258,0,0,0,0,0,1,0,6
1,10,2014,4,392259,0,0,0,0,0,1,0,7
1,10,2014,5,392260,1,0,1,0.833333333333333,1,0.166666666666667,0,6
1,10,2014,6,392261,6,2,3,3,5,0,0,14
1,10,2014,7,392262,10,3,9,9.68421052631579,14,0,0,19
1,10,2014,8,392263,28,24,16,15.09375,18,0,0,32
1,10,2014,9,392264,6,2,21,20.6153846153846,22,0,0,13
1,10,2014,10,392265,4,2,24,23.4166666666667,24,0,0.583333333333333,12
1,10,2014,11,392266,2,4,22.5,22.75,22,0,0.333333333333333,12
1,10,2014,12,392267,3,8,19.5,20.2727272727273,18,0,0.0909090909090909,22
1,10,2014,13,392268,5,15,9,10.0666666666667,7,0,0,30
1,10,2014,14,392269,8,6,8,8.23529411764706,8,0,0,17
1,10,2014,15,392270,6,7,9,8.72727272727273,8,0,0,22
1,10,2014,16,392271,10,16,5,4.92307692307692,3,0.0769230769230769,0,26
1,10,2014,17,392272,10,10,3,2.92,3,0.08,0,25
1,10,2014,18,392273,3,5,2,2.41666666666667,2,0,0,12
1,10,2014,19,392274,4,6,1,0.684210526315789,0,0.421052631578947,0,19
1,10,2014,20,392275,0,0,0,0,0,1,0,6
1,10,2014,21,392276,0,0,0,0,0,1,0,6
1,10,2014,22,392277,1,1,0,0.3,0,0.7,0,10
1,10,2014,23,392278,0,0,0,0,0,1,0,6
2,10,2014,0,392279,0,0,0,0,0,1,0,6
2,10,2014,1,392280,0,0,0,0,0,1,0,6
2,10,2014,2,392281,0,0,0,0,0,1,0,6
2,10,2014,3,392282,0,0,0,0,0,1,0,6
2,10,2014,4,392283,0,0,0,0,0,1,0,7
2,10,2014,5,392284,1,0,1,1.33333333333333,2,0,0,6
2,10,2014,6,392285,5,2,4,3.66666666666667,5,0,0,12
2,10,2014,7,392286,12,2,10.5,11.1666666666667,16,0,0,18
2,10,2014,8,392287,8,3,19,19.1875,22,0,0,16
2,10,2014,9,392288,4,9,22,21.8947368421053,18,0,0.210526315789474,19
2,10,2014,10,392289,13,11,20,19.7037037037037,20,0,0,27
2,10,2014,11,392290,3,6,17,17.45,17,0,0,20
2,10,2014,12,392291,4,8,17,17.5882352941176,15,0,0,17
2,10,2014,13,392292,8,14,7,8.17241379310345,8,0,0,29
2,10,2014,14,392293,8,5,9,9.04347826086956,10,0,0,23
2,10,2014,15,392294,9,4,10,10.4736842105263,15,0,0,19
2,10,2014,16,392295,2,3,14,14.4,15,0,0,10
2,10,2014,17,392296,2,7,11.5,11.7142857142857,10,0,0,14
2,10,2014,18,392297,6,14,8,7,3,0.04,0,25
2,10,2014,19,392298,4,7,1.5,1.5,0,0.15,0,20
2,10,2014,20,392299,2,2,0.5,0.5,0,0.5,0,10
2,10,2014,21,392300,2,1,0,0.333333333333333,1,0.666666666666667,0,9
2,10,2014,22,392301,0,1,1,0.666666666666667,0,0.333333333333333,0,6
2,10,2014,23,392302,0,0,0,0,0,1,0,6
3,10,2014,0,392303,0,0,0,0,0,1,0,6
3,10,2014,1,392304,0,0,0,0,0,1,0,6
3,10,2014,2,392305,0,0,0,0,0,1,0,5
3,10,2014,3,392306,0,0,0,0,0,1,0,6
3,10,2014,4,392307,0,0,0,0,0,1,0,7
3,10,2014,5,392308,2,0,2,1.57142857142857,2,0.142857142857143,0,7
3,10,2014,6,392309,6,1,3,3.63636363636364,7,0,0,11
3,10,2014,7,392310,20,16,11,9.22222222222222,12,0.0740740740740741,0,27
3,10,2014,8,392311,14,3,19,19.1904761904762,23,0,0,21
3,10,2014,9,392312,1,1,23,22.875,23,0,0,8
3,10,2014,10,392313,5,9,19.5,19.6,19,0,0,20
3,10,2014,11,392314,6,8,19,18.5,17,0,0,20
3,10,2014,12,392315,7,7,19,19.1176470588235,18,0,0,17
3,10,2014,13,392316,7,12,14,13.8636363636364,12,0,0,22
3,10,2014,14,392317,4,13,5,5.42307692307692,2,0,0,26
3,10,2014,15,392318,12,11,1,1.29166666666667,2,0.25,0,24
3,10,2014,16,392319,6,2,2,2.5,6,0.1,0,10
3,10,2014,17,392320,10,8,6,5.89473684210526,8,0,0,19
3,10,2014,18,392321,10,8,11,11.304347826087,11,0,0,23
3,10,2014,19,392322,2,10,5,5.5,3,0,0,20
3,10,2014,20,392323,1,4,0,0.923076923076923,0,0.538461538461538,0,13
3,10,2014,21,392324,4,1,2.5,2.1,3,0.2,0,10
3,10,2014,22,392325,2,2,3,3,3,0,0,10
3,10,2014,23,392326,1,4,2.5,2.25,0,0.0833333333333333,0,12
4,10,2014,0,392327,2,1,0,0.714285714285714,1,0.571428571428571,0,7
4,10,2014,1,392328,1,2,0,0.333333333333333,0,0.75,0,12
4,10,2014,2,392329,2,1,1,0.555555555555556,1,0.444444444444444,0,9
4,10,2014,3,392330,0,2,0,0.5,0,0.625,0,8
4,10,2014,4,392331,0,0,0,0,0,1,0,7
4,10,2014,5,392332,4,0,4,2.57142857142857,4,0.142857142857143,0,7
4,10,2014,6,392333,1,2,4,4.22222222222222,3,0,0,9
4,10,2014,7,392334,0,0,3,3,3,0,0,6
4,10,2014,8,392335,5,1,4,4.41666666666667,7,0,0,12
4,10,2014,9,392336,5,3,8.5,8.5,9,0,0,12
4,10,2014,10,392337,10,3,11,11.3076923076923,16,0,0,13
4,10,2014,11,392338,2,3,16,16.0714285714286,16,0,0,14
4,10,2014,12,392339,6,7,17,16.6190476190476,16,0,0,21
4,10,2014,13,392340,0,8,13,11.9333333333333,8,0,0,15
4,10,2014,14,392341,2,3,7,7.1,7,0,0,10
4,10,2014,15,392342,4,5,6,6.21428571428571,6,0,0,14
4,10,2014,16,392343,6,2,8,7.88888888888889,11,0,0,9
4,10,2014,17,392344,4,1,14,14.1818181818182,15,0,0,11
4,10,2014,18,392345,6,3,16,16.2857142857143,19,0,0,14
4,10,2014,19,392346,12,11,20,19.4583333333333,21,0,0,24
4,10,2014,20,392347,1,10,19,17.8421052631579,13,0,0,19
4,10,2014,21,392348,3,4,10.5,10.5,11,0,0,12
4,10,2014,22,392349,1,1,12,11.75,12,0,0,8
4,10,2014,23,392350,1,1,13,12.5714285714286,12,0,0,7
5,10,2014,0,392351,0,2,11,10.8333333333333,10,0,0,6
5,10,2014,1,392352,0,3,8,8.2,7,0,0,10
5,10,2014,2,392353,0,1,6,6.16666666666667,6,0,0,6
5,10,2014,3,392354,0,1,6,6.25,6,0,0,8
5,10,2014,4,392355,0,2,3,3.33333333333333,3,0,0,9
5,10,2014,5,392356,1,0,3,3.33333333333333,4,0,0,6
5,10,2014,6,392357,0,2,4,3.66666666666667,2,0,0,9
5,10,2014,7,392358,3,0,4.5,3.875,5,0,0,8
5,10,2014,8,392359,2,2,5,5.54545454545455,5,0,0,11
5,10,2014,9,392360,3,1,4,4.3,6,0,0,10
5,10,2014,10,392361,6,2,7.5,7.9375,10,0,0,16
5,10,2014,11,392362,3,3,10,9.81818181818182,11,0,0,11
5,10,2014,12,392363,6,4,15,14.7058823529412,13,0,0,17
5,10,2014,13,392364,3,7,12.5,12.2142857142857,10,0,0,14
5,10,2014,14,392365,3,3,11,10.7272727272727,10,0,0,11
5,10,2014,15,392366,2,6,7,8.07692307692308,7,0,0,13
5,10,2014,16,392367,1,5,5,5.08333333333333,3,0,0,12
5,10,2014,17,392368,3,5,2.5,2.21428571428571,2,0.142857142857143,0,14
5,10,2014,18,392369,5,4,2,1.75,3,0.166666666666667,0,12
5,10,2014,19,392370,2,5,0,0.6,0,0.6,0,15
5,10,2014,20,392371,1,0,0,0.285714285714286,1,0.714285714285714,0,7
5,10,2014,21,392372,0,1,1,0.555555555555556,0,0.444444444444444,0,9
5,10,2014,22,392373,1,1,0,0.142857142857143,0,0.857142857142857,0,7
5,10,2014,23,392374,0,0,0,0,0,1,0,6
6,10,2014,0,392375,0,0,0,0,0,1,0,6
6,10,2014,1,392376,0,0,0,0,0,1,0,6
6,10,2014,2,392377,0,0,0,0,0,1,0,6
6,10,2014,3,392378,0,0,0,0,0,1,0,6
6,10,2014,4,392379,1,0,0,0.125,1,0.875,0,8
6,10,2014,5,392380,1,0,1,1.33333333333333,2,0,0,6
6,10,2014,6,392381,6,2,3.5,3.5,6,0,0,12
6,10,2014,7,392382,7,4,9,8.5625,10,0,0,16
6,10,2014,8,392383,14,3,17,16.9047619047619,22,0,0,21
6,10,2014,9,392384,4,5,23,22.8,22,0,0.2,15
6,10,2014,10,392385,4,6,23,23,21,0,0.45,20
6,10,2014,11,392386,8,5,21,21.3125,23,0,0.0625,16
6,10,2014,12,392387,4,11,21,20.7083333333333,17,0,0.0833333333333333,24
6,10,2014,13,392388,2,11,12,11.6111111111111,7,0,0,18
6,10,2014,14,392389,8,9,1,1.47619047619048,4,0.285714285714286,0,21
6,10,2014,15,392390,9,7,4,4.38888888888889,5,0,0,18
6,10,2014,16,392391,4,4,3,3.17647058823529,4,0,0,17
6,10,2014,17,392392,16,11,3,3.37931034482759,8,0.0689655172413793,0,29
6,10,2014,18,392393,6,9,6,5.95652173913043,5,0,0,23
6,10,2014,19,392394,3,7,1,1.75,0,0.3,0,20
6,10,2014,20,392395,1,2,0,0.222222222222222,0,0.777777777777778,0,9
6,10,2014,21,392396,1,2,0,0.333333333333333,0,0.666666666666667,0,9
6,10,2014,22,392397,0,1,1,0.714285714285714,0,0.285714285714286,0,7
6,10,2014,23,392398,0,0,0,0,0,1,0,6
7,10,2014,0,392399,1,1,0,0.444444444444444,0,0.555555555555556,0,9
7,10,2014,1,392400,0,0,0,0,0,1,0,6
7,10,2014,2,392401,0,0,0,0,0,1,0,6
7,10,2014,3,392402,0,0,0,0,0,1,0,6
7,10,2014,4,392403,0,0,0,0,0,1,0,7
7,10,2014,5,392404,1,0,1,0.833333333333333,1,0.166666666666667,0,6
7,10,2014,6,392405,3,1,2,2.1,3,0,0,10
7,10,2014,7,392406,12,0,9.5,9.14285714285714,15,0,0,14
7,10,2014,8,392407,10,2,22,21.1666666666667,24,0,0.166666666666667,18
7,10,2014,9,392408,1,2,24,23.8181818181818,23,0,0.818181818181818,11
7,10,2014,10,392409,3,4,24,23.75,23,0,0.75,16
7,10,2014,11,392410,5,5,24,23.4347826086957,24,0,0.608695652173913,23
7,10,2014,12,392411,4,10,19,19.1052631578947,17,0,0,19
7,10,2014,13,392412,3,19,8,6.96969696969697,1,0.0909090909090909,0,33
7,10,2014,14,392413,7,2,4,3.18181818181818,5,0.0909090909090909,0,11
7,10,2014,15,392414,7,8,2,2.33333333333333,3,0.111111111111111,0,18
7,10,2014,16,392415,5,8,1,1.35,0,0.2,0,20
7,10,2014,17,392416,5,2,1,1.30769230769231,4,0.230769230769231,0,13
7,10,2014,18,392417,12,7,9,8.68181818181818,10,0,0,22
7,10,2014,19,392418,2,12,6,4.70588235294118,0,0.176470588235294,0,17
7,10,2014,20,392419,2,2,0,0.4,1,0.6,0,10
7,10,2014,21,392420,0,1,0,0.375,0,0.625,0,8
7,10,2014,22,392421,0,1,0,0.166666666666667,0,0.833333333333333,0,6
7,10,2014,23,392422,0,0,0,0,0,1,0,6
8,10,2014,0,392423,0,0,0,0,0,1,0,6
8,10,2014,1,392424,0,0,0,0,0,1,0,6
8,10,2014,2,392425,0,0,0,0,0,1,0,6
8,10,2014,3,392426,0,0,0,0,0,1,0,6
8,10,2014,4,392427,0,0,0,0,0,1,0,7
8,10,2014,5,392428,1,0,1,0.714285714285714,1,0.285714285714286,0,7
8,10,2014,6,392429,8,1,4,4.5,9,0,0,12
8,10,2014,7,392430,7,3,11,11.3571428571429,14,0,0,14
8,10,2014,8,392431,14,5,20,19.8888888888889,24,0,0.0555555555555556,18
8,10,2014,9,392432,0,0,24,24,24,0,1,8
8,10,2014,10,392433,1,1,24,23.8888888888889,24,0,0.888888888888889,9
8,10,2014,11,392434,1,6,21,21.1538461538462,19,0,0.153846153846154,13
8,10,2014,12,392435,5,8,16,16.5555555555556,17,0,0,18
8,10,2014,13,392436,2,14,10,10.2592592592593,4,0,0,27
8,10,2014,14,392437,8,8,3,2.42857142857143,3,0.0952380952380952,0,21
8,10,2014,15,392438,10,8,3.5,3.69230769230769,6,0,0,26
8,10,2014,16,392439,3,8,1.5,1.9375,0,0.3125,0,16
8,10,2014,17,392440,6,2,2,1.92857142857143,4,0.214285714285714,0,14
8,10,2014,18,392441,9,6,5,5.22222222222222,6,0,0,18
8,10,2014,19,392442,4,8,1,1.125,1,0.4375,0,16
8,10,2014,20,392443,5,5,2,1.94117647058824,0,0.176470588235294,0,17
8,10,2014,21,392444,0,0,0,0,0,1,0,6
8,10,2014,22,392445,3,1,1,0.75,2,0.375,0,8
8,10,2014,23,392446,3,5,4,4.36363636363636,2,0,0,11
9,10,2014,0,392447,2,2,3,2.9,2,0,0,10
9,10,2014,1,392448,2,3,1.5,1.58333333333333,1,0,0,12
9,10,2014,2,392449,1,1,1,0.857142857142857,1,0.142857142857143,0,7
9,10,2014,3,392450,2,2,1,0.75,1,0.25,0,8
9,10,2014,4,392451,0,0,1,1,1,0,0,8
9,10,2014,5,392452,1,1,1,0.857142857142857,1,0.142857142857143,0,7
9,10,2014,6,392453,2,1,1,1.57142857142857,2,0,0,7
9,10,2014,7,392454,3,1,2,2.41666666666667,4,0,0,12
9,10,2014,8,392455,3,2,4,4.11111111111111,5,0,0,9
9,10,2014,9,392456,3,3,5,4.72727272727273,5,0,0,11
9,10,2014,10,392457,7,1,10,9.4,12,0,0,10
9,10,2014,11,392458,0,3,11,10.8888888888889,9,0,0,9
9,10,2014,12,392459,9,4,11,10.8,14,0,0,20
9,10,2014,13,392460,2,6,13,12.1578947368421,10,0,0,19
9,10,2014,14,392461,4,2,11,11.1111111111111,12,0,0,9
9,10,2014,15,392462,10,2,14,15.0769230769231,20,0,0,13
9,10,2014,16,392463,1,4,19,19.1818181818182,17,0,0,11
9,10,2014,17,392464,3,3,17,16.3,17,0,0,10
9,10,2014,18,392465,8,5,18,18.6,19,0,0,15
9,10,2014,19,392466,2,9,15.5,16,12,0,0,18
9,10,2014,20,392467,4,12,5.5,5.86363636363636,3,0,0,22
9,10,2014,21,392468,3,4,1,1.375,1,0.0625,0,16
9,10,2014,22,392469,1,1,1,0.888888888888889,1,0.111111111111111,0,9
9,10,2014,23,392470,3,3,1,1.30769230769231,1,0.0769230769230769,0,13
10,10,2014,0,392471,1,1,1,0.875,1,0.125,0,8
10,10,2014,1,392472,0,0,1,1,1,0,0,6
10,10,2014,2,392473,1,0,1,0.857142857142857,1,0.142857142857143,0,7
10,10,2014,3,392474,0,0,1,1,1,0,0,6
10,10,2014,4,392475,0,0,1,1,1,0,0,7
10,10,2014,5,392476,3,1,2,2.33333333333333,3,0,0,9
10,10,2014,6,392477,9,6,4,3.76470588235294,6,0,0,17
10,10,2014,7,392478,5,2,8,7.54545454545455,9,0,0,11
10,10,2014,8,392479,9,1,12.5,13.1428571428571,18,0,0,14
10,10,2014,9,392480,8,3,22.5,21.625,23,0,0.3125,16
10,10,2014,10,392481,0,3,23,22.1428571428571,20,0,0,7
10,10,2014,11,392482,6,8,20,20.1363636363636,19,0,0,22
10,10,2014,12,392483,2,9,17.5,17,12,0,0,16
10,10,2014,13,392484,6,7,10,10.3529411764706,11,0,0,17
10,10,2014,14,392485,5,11,5.5,6.09090909090909,5,0,0,22
10,10,2014,15,392486,7,10,3,3.08,2,0,0,25
10,10,2014,16,392487,6,3,2,2.18181818181818,5,0,0,11
10,10,2014,17,392488,12,12,3,3.74074074074074,5,0.037037037037037,0,27
10,10,2014,18,392489,7,9,6,6.15,5,0,0,20
10,10,2014,19,392490,3,10,3,3.70833333333333,0,0.125,0,24
10,10,2014,20,392491,0,0,0,0,0,1,0,15
10,10,2014,21,392492,1,0,0,0.25,1,0.75,0,8
10,10,2014,22,392493,3,2,0.5,0.555555555555556,2,0.5,0,18
10,10,2014,23,392494,0,2,0,0.428571428571429,0,0.714285714285714,0,7
11,10,2014,0,392495,2,2,0,0.272727272727273,0,0.727272727272727,0,11
11,10,2014,1,392496,2,1,0.5,0.5,1,0.5,0,10
11,10,2014,2,392497,1,2,0,0.2,0,0.8,0,10
11,10,2014,3,392498,1,0,0,0.285714285714286,1,0.714285714285714,0,7
11,10,2014,4,392499,0,0,1,1,1,0,0,7
11,10,2014,5,392500,1,0,1,1.33333333333333,2,0,0,6
11,10,2014,6,392501,0,2,1.5,1.25,0,0.25,0,8
11,10,2014,7,392502,0,0,1,1,1,0,0,6
11,10,2014,8,392503,3,0,2.5,2.625,4,0,0,8
11,10,2014,9,392504,2,1,5,5,5,0,0,9
11,10,2014,10,392505,8,2,8,7.4,10,0,0,15
11,10,2014,11,392506,5,3,11.5,11.2857142857143,12,0,0,14
11,10,2014,12,392507,4,4,16,15.5,14,0,0,16
11,10,2014,13,392508,3,9,10,10.5263157894737,8,0,0,19
11,10,2014,14,392509,2,4,9,9,7,0,0,10
11,10,2014,15,392510,0,7,3,3.64285714285714,1,0,0,14
11,10,2014,16,392511,4,3,2,2.27272727272727,2,0,0,11
11,10,2014,17,392512,5,4,2,1.73333333333333,3,0.133333333333333,0,15
11,10,2014,18,392513,9,8,8,7.59090909090909,5,0,0,22
11,10,2014,19,392514,1,6,1,1.69230769230769,0,0.461538461538462,0,13
11,10,2014,20,392515,5,3,3,2.33333333333333,2,0.0833333333333333,0,12
11,10,2014,21,392516,0,2,1,0.777777777777778,0,0.444444444444444,0,9
11,10,2014,22,392517,2,2,0,0.444444444444444,0,0.777777777777778,0,9
11,10,2014,23,392518,0,0,0,0,0,1,0,6
12,10,2014,0,392519,1,0,0,0.166666666666667,1,0.833333333333333,0,6
12,10,2014,1,392520,0,0,1,1,1,0,0,6
12,10,2014,2,392521,0,0,1,1,1,0,0,6
12,10,2014,3,392522,1,0,1,1.33333333333333,2,0,0,6
12,10,2014,4,392523,0,1,2,1.57142857142857,1,0,0,7
12,10,2014,5,392524,1,0,1,1.28571428571429,2,0,0,7
12,10,2014,6,392525,1,0,2,2.33333333333333,3,0,0,6
12,10,2014,7,392526,0,0,3,3,3,0,0,6
12,10,2014,8,392527,3,2,3,2.55555555555556,4,0,0,9
12,10,2014,9,392528,5,3,4,4.07692307692308,6,0,0,13
12,10,2014,10,392529,0,1,6,5.875,5,0,0,8
12,10,2014,11,392530,4,4,5.5,5.75,5,0,0,12
12,10,2014,12,392531,2,4,4,3.90909090909091,2,0,0,11
12,10,2014,13,392532,6,4,1,1.5,4,0.125,0,16
12,10,2014,14,392533,0,3,2,2.22222222222222,1,0,0,9
12,10,2014,15,392534,1,2,1,0.875,0,0.375,0,8
12,10,2014,16,392535,0,0,0,0,0,1,0,7
12,10,2014,17,392536,0,0,0,0,0,1,0,5
12,10,2014,18,392537,3,3,1,1.2,0,0.2,0,10
12,10,2014,19,392538,1,1,0,0.125,0,0.875,0,8
12,10,2014,20,392539,1,1,0,0.222222222222222,0,0.777777777777778,0,9
12,10,2014,21,392540,0,0,0,0,0,1,0,7
12,10,2014,22,392541,0,0,0,0,0,1,0,7
12,10,2014,23,392542,0,0,0,0,0,1,0,8
13,10,2014,0,392543,0,0,0,0,0,1,0,6
13,10,2014,1,392544,0,0,0,0,0,1,0,6
13,10,2014,2,392545,0,0,0,0,0,1,0,6
13,10,2014,3,392546,0,0,0,0,0,1,0,6
13,10,2014,4,392547,0,0,0,0,0,1,0,7
13,10,2014,5,392548,1,0,1,0.714285714285714,1,0.285714285714286,0,7
13,10,2014,6,392549,5,3,3,3.07142857142857,3,0,0,14
13,10,2014,7,392550,8,2,5,5.14285714285714,9,0,0,14
13,10,2014,8,392551,8,0,14,13.0769230769231,17,0,0,13
13,10,2014,9,392552,8,3,21,20.8125,23,0,0,16
13,10,2014,10,392553,1,7,22.5,21.4444444444444,17,0,0,18
13,10,2014,11,392554,6,6,18,17.65,18,0,0,20
13,10,2014,12,392555,6,7,18,17.55,17,0,0,20
13,10,2014,13,392556,6,13,16,16.1153846153846,11,0,0,26
13,10,2014,14,392557,7,11,8,8.17857142857143,7,0,0,28
13,10,2014,15,392558,15,6,15,12.9047619047619,16,0,0,21
13,10,2014,16,392559,9,2,18,18.25,22,0,0,16
13,10,2014,17,392560,7,13,20,20.0740740740741,16,0,0,27
13,10,2014,18,392561,6,14,11,11.3666666666667,8,0,0,30
13,10,2014,19,392562,2,10,0.5,1.88461538461538,0,0.5,0,26
13,10,2014,20,392563,4,2,0,0.466666666666667,2,0.6,0,15
13,10,2014,21,392564,0,2,1,1.4,1,0,0,10
13,10,2014,22,392565,0,1,0,0.25,0,0.75,0,8
13,10,2014,23,392566,1,1,0,0.222222222222222,0,0.777777777777778,0,9
14,10,2014,0,392567,0,0,0,0,0,1,0,7
14,10,2014,1,392568,0,0,0,0,0,1,0,8
14,10,2014,2,392569,0,0,0,0,0,1,0,6
14,10,2014,3,392570,0,0,0,0,0,1,0,6
14,10,2014,4,392571,0,0,0,0,0,1,0,7
14,10,2014,5,392572,0,0,0,0,0,1,0,6
14,10,2014,6,392573,2,1,1,1,1,0.142857142857143,0,7
14,10,2014,7,392574,7,4,5,4.94117647058824,6,0,0,17
14,10,2014,8,392575,6,5,8,8.35294117647059,8,0,0,17
14,10,2014,9,392576,1,1,7,7.42857142857143,8,0,0,7
14,10,2014,10,392577,5,6,7,6.66666666666667,7,0,0,21
14,10,2014,11,392578,10,8,13,12.6153846153846,10,0,0,26
14,10,2014,12,392579,8,10,7,7.05882352941176,8,0,0,17
14,10,2014,13,392580,5,12,4,3.28571428571429,0,0.107142857142857,0,28
14,10,2014,14,392581,8,6,1,0.7,3,0.45,0,20
14,10,2014,15,392582,10,10,5,5.45454545454545,4,0,0,22
14,10,2014,16,392583,7,8,3,2.76190476190476,3,0.0952380952380952,0,21
14,10,2014,17,392584,10,11,3,3.13793103448276,2,0.0344827586206897,0,29
14,10,2014,18,392585,10,10,1,1.16666666666667,1,0.208333333333333,0,24
14,10,2014,19,392586,0,2,0,0.294117647058824,0,0.764705882352941,0,17
14,10,2014,20,392587,3,3,0,0.2,0,0.8,0,15
14,10,2014,21,392588,3,2,0,0.454545454545455,1,0.545454545454545,0,11
14,10,2014,22,392589,0,1,0,0.285714285714286,0,0.714285714285714,0,7
14,10,2014,23,392590,0,0,0,0,0,1,0,7
15,10,2014,0,392591,0,0,0,0,0,1,0,6
15,10,2014,1,392592,0,0,0,0,0,1,0,6
15,10,2014,2,392593,0,0,0,0,0,1,0,6
15,10,2014,3,392594,0,0,0,0,0,1,0,6
15,10,2014,4,392595,0,0,0,0,0,1,0,7
15,10,2014,5,392596,2,0,2,1.375,2,0.25,0,8
15,10,2014,6,392597,6,1,4,3.92307692307692,7,0,0,13
15,10,2014,7,392598,13,4,14,13.2608695652174,17,0,0,23
15,10,2014,8,392599,10,5,20.5,20.375,22,0,0,16
15,10,2014,9,392600,2,1,22.5,22.5,23,0,0,12
15,10,2014,10,392601,3,4,22,22.2857142857143,22,0,0,14
15,10,2014,11,392602,4,8,20,19.6111111111111,17,0,0,18
15,10,2014,12,392603,4,8,16,16.45,14,0,0,20
15,10,2014,13,392604,4,10,9,9.29166666666667,7,0,0,24
15,10,2014,14,392605,7,12,3,3.7741935483871,3,0,0,31
15,10,2014,15,392606,8,6,5,4.63157894736842,6,0,0,19
15,10,2014,16,392607,7,5,10.5,10.4375,9,0,0,16
15,10,2014,17,392608,3,10,3,3.9047619047619,1,0,0,21
15,10,2014,18,392609,5,6,0,0.904761904761905,1,0.523809523809524,0,21
15,10,2014,19,392610,2,4,0,0.625,0,0.6875,0,16
15,10,2014,20,392611,1,1,0,0.1,0,0.9,0,10
15,10,2014,21,392612,2,1,0,0.2,1,0.8,0,10
15,10,2014,22,392613,3,3,0,0.642857142857143,0,0.571428571428571,0,14
15,10,2014,23,392614,3,2,1,1.5,1,0.2,0,10
16,10,2014,0,392615,0,1,0,0.375,0,0.625,0,8
16,10,2014,1,392616,0,0,0,0,0,1,0,6
16,10,2014,2,392617,0,0,0,0,0,1,0,6
16,10,2014,3,392618,0,0,0,0,0,1,0,6
16,10,2014,4,392619,0,0,0,0,0,1,0,9
16,10,2014,5,392620,1,0,1,0.857142857142857,1,0.142857142857143,0,7
16,10,2014,6,392621,6,1,3,3.58333333333333,6,0,0,12
16,10,2014,7,392622,10,2,11,11.4736842105263,15,0,0,19
16,10,2014,8,392623,8,1,21.5,20.625,23,0,0,16
16,10,2014,9,392624,1,3,23,22.6153846153846,21,0,0,13
16,10,2014,10,392625,4,3,22.5,22.4285714285714,23,0,0,14
16,10,2014,11,392626,2,6,20,20.2666666666667,19,0,0,15
16,10,2014,12,392627,9,7,21,20.5714285714286,22,0,0,21
16,10,2014,13,392628,4,15,16,15.7777777777778,10,0,0,27
16,10,2014,14,392629,7,7,7,7,9,0,0,18
16,10,2014,15,392630,12,5,9.5,9.5,14,0,0,24
16,10,2014,16,392631,2,8,12,11.1666666666667,8,0,0,18
16,10,2014,17,392632,5,7,8,7.52631578947368,6,0,0,19
16,10,2014,18,392633,5,11,2,2,0,0.266666666666667,0,30
16,10,2014,19,392634,3,3,0,0.333333333333333,0,0.666666666666667,0,15
16,10,2014,20,392635,0,0,0,0,0,1,0,13
16,10,2014,21,392636,0,1,0,0.285714285714286,0,0.714285714285714,0,7
16,10,2014,22,392637,1,1,1,0.7,1,0.3,0,10
16,10,2014,23,392638,0,1,0,0.142857142857143,0,0.857142857142857,0,7
17,10,2014,0,392639,0,0,0,0,0,1,0,7
17,10,2014,1,392640,0,0,0,0,0,1,0,6
17,10,2014,2,392641,0,0,0,0,0,1,0,6
17,10,2014,3,392642,0,0,0,0,0,1,0,6
17,10,2014,4,392643,0,0,0,0,0,1,0,7
17,10,2014,5,392644,4,1,2,2,3,0.111111111111111,0,9
17,10,2014,6,392645,5,3,4,4.18181818181818,6,0,0,11
17,10,2014,7,392646,8,3,10,9.93333333333333,12,0,0,15
17,10,2014,8,392647,11,2,21,19.9444444444444,22,0,0,18
17,10,2014,9,392648,1,1,22,22.4444444444444,22,0,0,9
17,10,2014,10,392649,2,4,22,22,21,0,0,14
17,10,2014,11,392650,1,13,17,16.1428571428571,9,0,0,21
17,10,2014,12,392651,1,7,7,7.125,4,0,0,16
17,10,2014,13,392652,7,10,3,2.57142857142857,2,0.142857142857143,0,21
17,10,2014,14,392653,4,5,0,0.578947368421053,1,0.578947368421053,0,19
17,10,2014,15,392654,4,5,2,2.21428571428571,2,0,0,14
17,10,2014,16,392655,10,7,1,1.34782608695652,5,0.304347826086957,0,23
17,10,2014,17,392656,6,10,6,5.42857142857143,2,0,0,21
17,10,2014,18,392657,8,7,4,3.54545454545455,4,0,0,22
17,10,2014,19,392658,2,3,1,1,1,0.230769230769231,0,13
17,10,2014,20,392659,2,2,0,0.133333333333333,0,0.866666666666667,0,15
17,10,2014,21,392660,1,1,0,0.2,0,0.8,0,10
17,10,2014,22,392661,0,0,0,0,0,1,0,7
17,10,2014,23,392662,0,0,0,0,0,1,0,5
18,10,2014,0,392663,0,0,0,0,0,1,0,6
18,10,2014,1,392664,0,0,0,0,0,1,0,7
18,10,2014,2,392665,2,0,1,1.125,2,0.125,0,8
18,10,2014,3,392666,0,2,0.5,0.833333333333333,0,0.5,0,6
18,10,2014,4,392667,0,0,0,0,0,1,0,9
18,10,2014,5,392668,1,1,1,1.14285714285714,1,0,0,7
18,10,2014,6,392669,2,2,1,1.25,1,0,0,8
18,10,2014,7,392670,4,2,2,2.09090909090909,4,0,0,11
18,10,2014,8,392671,8,1,5.5,6.5,11,0,0,14
18,10,2014,9,392672,4,2,13,12.9166666666667,14,0,0,12
18,10,2014,10,392673,6,6,14,14.2352941176471,14,0,0,17
18,10,2014,11,392674,11,5,16,16.35,20,0,0,20
18,10,2014,12,392675,7,8,20.5,20.8,19,0,0,20
18,10,2014,13,392676,1,3,17.5,17.6,17,0,0,10
18,10,2014,14,392677,4,4,16,15.9375,16,0,0,16
18,10,2014,15,392678,9,3,18,17.6666666666667,21,0,0,15
18,10,2014,16,392679,5,8,19,19.5263157894737,19,0,0,19
18,10,2014,17,392680,7,4,21,21.3333333333333,23,0,0,15
18,10,2014,18,392681,3,5,23,22.6,21,0,0,15
18,10,2014,19,392682,4,6,21,20.6111111111111,20,0,0,18
18,10,2014,20,392683,3,3,19,19,20,0,0,11
18,10,2014,21,392684,0,3,17.5,18,17,0,0,10
18,10,2014,22,392685,1,2,17,17.1818181818182,16,0,0,11
18,10,2014,23,392686,0,1,17,16.5714285714286,16,0,0,7
19,10,2014,0,392687,1,5,14,14.3636363636364,12,0,0,11
19,10,2014,1,392688,0,3,9.5,9.9,9,0,0,10
19,10,2014,2,392689,0,3,7,6.9,5,0,0,10
19,10,2014,3,392690,1,1,4,4.125,4,0,0,8
19,10,2014,4,392691,1,1,4,4.4,4,0,0,10
19,10,2014,5,392692,1,0,4,4.33333333333333,5,0,0,6
19,10,2014,6,392693,2,0,5,5.71428571428571,7,0,0,7
19,10,2014,7,392694,2,3,6,6,6,0,0,10
19,10,2014,8,392695,1,1,6,6.28571428571429,6,0,0,7
19,10,2014,9,392696,1,1,5,4.75,5,0,0,8
19,10,2014,10,392697,5,6,4.5,4.45,4,0,0,20
19,10,2014,11,392698,5,4,5,4.85714285714286,4,0,0,14
19,10,2014,12,392699,3,6,4.5,3.9375,1,0,0,16
19,10,2014,13,392700,2,6,2,1.92857142857143,0,0.357142857142857,0,14
19,10,2014,14,392701,3,1,0,0.5,2,0.625,0,8
19,10,2014,15,392702,5,1,5,5.25,8,0,0,12
19,10,2014,16,392703,4,3,10,9.63636363636364,10,0,0,11
19,10,2014,17,392704,2,3,11,11.3333333333333,10,0,0,9
19,10,2014,18,392705,9,4,11,11.5625,15,0,0,16
19,10,2014,19,392706,2,8,11,10.6875,8,0,0,16
19,10,2014,20,392707,0,3,4,4.63636363636364,3,0,0,11
19,10,2014,21,392708,0,3,1,1.2,0,0.3,0,10
19,10,2014,22,392709,1,0,0,0.333333333333333,1,0.666666666666667,0,6
19,10,2014,23,392710,1,1,1,0.857142857142857,1,0.142857142857143,0,7
20,10,2014,0,392711,0,1,0,0.142857142857143,0,0.857142857142857,0,7
20,10,2014,1,392712,0,0,0,0,0,1,0,6
20,10,2014,2,392713,0,0,0,0,0,1,0,6
20,10,2014,3,392714,1,0,1,0.571428571428571,1,0.428571428571429,0,7
20,10,2014,4,392715,0,0,1,1,1,0,0,7
20,10,2014,5,392716,2,1,2,1.55555555555556,2,0,0,9
20,10,2014,6,392717,8,2,5,4.8125,8,0,0,16
20,10,2014,7,392718,9,3,12,12,15,0,0,14
20,10,2014,8,392719,7,2,23,22.2307692307692,23,0,0.307692307692308,13
20,10,2014,9,392720,2,3,24,23.6363636363636,23,0,0.636363636363636,11
20,10,2014,10,392721,1,2,23,23.0909090909091,22,0,0.181818181818182,11
20,10,2014,11,392722,16,14,23.5,20.2142857142857,24,0,0.5,14
20,10,2014,12,392723,7,12,21,20.8076923076923,19,0,0.0384615384615385,26
20,10,2014,13,392724,11,17,13,13.3529411764706,12,0,0,34
20,10,2014,14,392725,7,18,7,5.9,1,0.0666666666666667,0,30
20,10,2014,15,392726,5,4,1,0.842105263157895,2,0.315789473684211,0,19
20,10,2014,16,392727,8,11,4,3.96153846153846,1,0,0,26
20,10,2014,17,392728,11,7,3,3.09090909090909,6,0.0454545454545455,0,22
20,10,2014,18,392729,6,13,4.5,4,0,0.115384615384615,0,26
20,10,2014,19,392730,5,6,0,1,0,0.529411764705882,0,17
20,10,2014,20,392731,3,3,0,0.25,0,0.833333333333333,0,12
20,10,2014,21,392732,2,1,1,0.615384615384615,1,0.384615384615385,0,13
20,10,2014,22,392733,0,1,0,0.125,0,0.875,0,8
20,10,2014,23,392734,1,0,0.5,0.5,1,0.5,0,6
21,10,2014,0,392735,0,1,0,0.285714285714286,0,0.714285714285714,0,7
21,10,2014,1,392736,0,0,0,0,0,1,0,8
21,10,2014,2,392737,1,0,0,0.333333333333333,1,0.666666666666667,0,6
21,10,2014,3,392738,0,1,0,0.375,0,0.625,0,8
21,10,2014,4,392739,0,0,0,0,0,1,0,7
21,10,2014,5,392740,2,0,1,1,2,0.142857142857143,0,7
21,10,2014,6,392741,4,1,5,4.36363636363636,5,0,0,11
21,10,2014,7,392742,10,3,9,9.5,13,0,0,16
21,10,2014,8,392743,13,3,18.5,17.3333333333333,23,0,0,18
21,10,2014,9,392744,2,3,24,23.5,22,0,0.5625,16
21,10,2014,10,392745,8,9,23,22.8181818181818,22,0,0.272727272727273,22
21,10,2014,11,392746,5,12,18,18.1111111111111,14,0,0,27
21,10,2014,12,392747,8,11,15,14.5,11,0,0,28
21,10,2014,13,392748,2,12,4,4.90476190476191,0,0.0476190476190476,0,21
21,10,2014,14,392749,6,5,1,1.2,1,0.4,0,15
21,10,2014,15,392750,9,7,4,3.7,3,0.05,0,20
21,10,2014,16,392751,11,4,7,7.10526315789474,10,0,0,19
21,10,2014,17,392752,9,10,8,7.89285714285714,9,0,0,28
21,10,2014,18,392753,12,10,12.5,12.3181818181818,12,0,0,22
21,10,2014,19,392754,3,10,13,12.0454545454545,6,0,0,22
21,10,2014,20,392755,5,9,4,3.52631578947368,2,0,0,19
21,10,2014,21,392756,1,2,1,1,0,0.1,0,10
21,10,2014,22,392757,0,2,1,0.888888888888889,0,0.444444444444444,0,9
21,10,2014,23,392758,4,3,1,1.36363636363636,1,0.0909090909090909,0,11
22,10,2014,0,392759,0,0,1,1,1,0,0,6
22,10,2014,1,392760,0,0,1,1,1,0,0,6
22,10,2014,2,392761,0,1,0,0.285714285714286,0,0.714285714285714,0,7
22,10,2014,3,392762,0,0,0,0,0,1,0,6
22,10,2014,4,392763,1,0,0,0.181818181818182,1,0.818181818181818,0,11
22,10,2014,5,392764,1,0,2,1.83333333333333,2,0,0,6
22,10,2014,6,392765,12,5,4,4.6,9,0.05,0,20
22,10,2014,7,392766,7,5,12,12.2222222222222,13,0,0,18
22,10,2014,8,392767,11,6,17,16.6666666666667,19,0,0,24
22,10,2014,9,392768,6,7,21.5,21.3,19,0,0.1,20
22,10,2014,10,392769,9,4,20,20.125,23,0,0,16
22,10,2014,11,392770,6,6,22,22.1578947368421,22,0,0.0526315789473684,19
22,10,2014,12,392771,8,12,21,20.4166666666667,17,0,0.0833333333333333,24
22,10,2014,13,392772,6,14,11,11.8620689655172,10,0,0,29
22,10,2014,14,392773,7,12,6,7.0625,5,0,0,32
22,10,2014,15,392774,14,7,7,8,13,0,0,24
22,10,2014,16,392775,3,7,9.5,9.5625,8,0,0,16
22,10,2014,17,392776,14,7,12,12.1904761904762,16,0,0,21
22,10,2014,18,392777,4,15,13,12.5185185185185,6,0,0,27
22,10,2014,19,392778,3,9,3.5,3.7,0,0.1,0,20
22,10,2014,20,392779,3,4,1,0.928571428571429,0,0.428571428571429,0,14
22,10,2014,21,392780,4,4,1,1.25,0,0.25,0,12
22,10,2014,22,392781,1,1,0.5,0.5,0,0.5,0,8
22,10,2014,23,392782,1,1,0,0.285714285714286,0,0.714285714285714,0,7
23,10,2014,0,392783,0,0,0,0,0,1,0,6
23,10,2014,1,392784,0,0,0,0,0,1,0,6
23,10,2014,2,392785,2,0,1,1,2,0.5,0,6
23,10,2014,3,392786,0,0,2,2,2,0,0,6
23,10,2014,4,392787,0,1,1,1.1,1,0,0,10
23,10,2014,5,392788,0,0,2,2,2,0,0,6
23,10,2014,6,392789,4,1,4,4,6,0,0,10
23,10,2014,7,392790,14,4,11.5,12.25,17,0,0,20
23,10,2014,8,392791,6,0,22,21.8461538461538,24,0,0.384615384615385,13
23,10,2014,9,392792,1,1,24,23.9411764705882,24,0,0.941176470588235,17
23,10,2014,10,392793,3,3,24,23.6666666666667,23,0,0.666666666666667,18
23,10,2014,11,392794,8,9,22,22.0454545454545,23,0,0.136363636363636,22
23,10,2014,12,392795,3,18,18,17.3,9,0,0.0333333333333333,30
23,10,2014,13,392796,3,12,4,4.39130434782609,1,0.0434782608695652,0,23
23,10,2014,14,392797,4,6,1.5,1.8125,0,0.1875,0,16
23,10,2014,15,392798,11,7,2,2.04,4,0.24,0,25
23,10,2014,16,392799,7,10,3,3.36842105263158,2,0,0,19
23,10,2014,17,392800,6,6,2,1.63157894736842,2,0.0526315789473684,0,19
23,10,2014,18,392801,9,8,1,1,3,0.272727272727273,0,22
23,10,2014,19,392802,6,10,3,3,0,0.0454545454545455,0,22
23,10,2014,20,392803,3,3,0.5,0.5,1,0.5,0,12
23,10,2014,21,392804,1,0,0,0.142857142857143,1,0.857142857142857,0,7
23,10,2014,22,392805,2,2,1,1.44444444444444,1,0,0,9
23,10,2014,23,392806,2,1,0.5,0.5,1,0.5,0,10
24,10,2014,0,392807,0,0,0,0,0,1,0,6
24,10,2014,1,392808,1,0,0,0.142857142857143,1,0.857142857142857,0,7
24,10,2014,2,392809,1,0,1.5,1.5,2,0,0,6
24,10,2014,3,392810,0,0,2,2,2,0,0,6
24,10,2014,4,392811,0,0,2,2,2,0,0,7
24,10,2014,5,392812,4,4,3,2.81818181818182,3,0.0909090909090909,0,11
24,10,2014,6,392813,9,0,6,6.6,12,0,0,10
24,10,2014,7,392814,4,2,15,14.8181818181818,15,0,0,11
24,10,2014,8,392815,11,3,22,22.04,24,0,0.4,25
24,10,2014,9,392816,2,2,24,23.6,24,0,0.7,10
24,10,2014,10,392817,3,3,23.5,23.4166666666667,24,0,0.5,12
24,10,2014,11,392818,2,16,18,18.24,10,0,0.12,25
24,10,2014,12,392819,7,12,7.5,7.53571428571429,5,0,0,28
24,10,2014,13,392820,9,11,2,2,1,0.130434782608696,0,23
24,10,2014,14,392821,4,3,1,0.714285714285714,1,0.428571428571429,0,14
24,10,2014,15,392822,7,4,2,2.05555555555556,3,0.222222222222222,0,18
24,10,2014,16,392823,10,3,8,6.6875,9,0,0,16
24,10,2014,17,392824,3,5,7,7,6,0,0,12
24,10,2014,18,392825,2,8,4,3.61111111111111,0,0.0555555555555556,0,18
24,10,2014,19,392826,13,12,1,1.18518518518519,1,0.259259259259259,0,27
24,10,2014,20,392827,7,4,2,1.9375,4,0.0625,0,16
24,10,2014,21,392828,1,3,2,2.2,2,0,0,10
24,10,2014,22,392829,2,2,1,1.36363636363636,2,0.0909090909090909,0,11
24,10,2014,23,392830,0,1,1,1.375,1,0,0,8
25,10,2014,0,392831,1,2,0,0.375,0,0.625,0,8
25,10,2014,1,392832,0,0,0,0,0,1,0,6
25,10,2014,2,392833,0,0,0,0,0,1,0,6
25,10,2014,3,392834,1,1,0,0.375,0,0.625,0,8
25,10,2014,4,392835,1,0,0,0.111111111111111,1,0.888888888888889,0,9
25,10,2014,5,392836,0,0,2,2,2,0,0,6
25,10,2014,6,392837,2,0,3.5,3.16666666666667,4,0,0,6
25,10,2014,7,392838,4,1,4.5,4.5,7,0,0,10
25,10,2014,8,392839,7,1,11,10.4615384615385,14,0,0,13
25,10,2014,9,392840,4,2,17,16.4166666666667,16,0,0,12
25,10,2014,10,392841,3,3,17,17,17,0,0,10
25,10,2014,11,392842,3,8,15,15.1111111111111,13,0,0,18
25,10,2014,12,392843,5,8,15,14.85,11,0,0,20
25,10,2014,13,392844,2,5,9,8.38461538461539,7,0,0,13
25,10,2014,14,392845,6,4,9,8.58823529411765,9,0,0,17
25,10,2014,15,392846,3,3,8,7.90909090909091,8,0,0,11
25,10,2014,16,392847,6,10,6,6.15789473684211,3,0,0,19
25,10,2014,17,392848,14,8,10,9,9,0,0,20
25,10,2014,18,392849,11,7,11.5,11.2,12,0,0,20
25,10,2014,19,392850,1,6,9,8.46666666666667,5,0,0,15
25,10,2014,20,392851,4,7,2,1.8,2,0.133333333333333,0,15
25,10,2014,21,392852,6,4,4,3.61538461538462,4,0,0,13
25,10,2014,22,392853,1,5,1,1.22222222222222,0,0.333333333333333,0,9
25,10,2014,23,392854,4,3,2,1.61538461538462,1,0.153846153846154,0,13
26,10,2014,0,392855,1,0,1,0.571428571428571,1,0.428571428571429,0,7
26,10,2014,1,392856,0,1,0.5,0.5,0,0.5,0,6
26,10,2014,1,392857,1,0,0,0.142857142857143,1,0.857142857142857,0,7
26,10,2014,2,392858,1,1,1,0.666666666666667,0,0.333333333333333,0,9
26,10,2014,3,392859,1,1,1,0.875,1,0.125,0,8
26,10,2014,4,392860,0,0,1,1,1,0,0,7
26,10,2014,5,392861,0,1,0.5,0.5,0,0.5,0,6
26,10,2014,6,392862,0,0,0,0,0,1,0,6
26,10,2014,7,392863,0,0,0,0,0,1,0,6
26,10,2014,8,392864,2,2,0,0.555555555555556,0,0.555555555555556,0,9
26,10,2014,9,392865,2,0,0,0.714285714285714,2,0.571428571428571,0,7
26,10,2014,10,392866,4,4,1,1,2,0.307692307692308,0,13
26,10,2014,11,392867,1,3,1,1.4,1,0.2,0,10
26,10,2014,12,392868,1,2,0,0.3,0,0.7,0,10
26,10,2014,13,392869,3,2,1,1.1,1,0.2,0,10
26,10,2014,14,392870,2,2,0,0.4,1,0.6,0,10
26,10,2014,15,392871,5,2,3,2.6,4,0,0,10
26,10,2014,16,392872,7,4,6,6.06666666666667,8,0,0,15
26,10,2014,17,392873,9,4,10.5,10.5714285714286,13,0,0,14
26,10,2014,18,392874,7,3,14,14.1428571428571,17,0,0,14
26,10,2014,19,392875,2,3,16,16.2307692307692,16,0,0,13
26,10,2014,20,392876,0,4,14,14,12,0,0,10
26,10,2014,21,392877,2,1,13,13.3,13,0,0,10
26,10,2014,22,392878,3,2,15,15,14,0,0,8
26,10,2014,23,392879,0,1,14,13.5714285714286,13,0,0,7
27,10,2014,0,392880,0,6,9,9.27272727272727,7,0,0,11
27,10,2014,1,392881,0,2,5,5.57142857142857,5,0,0,7
27,10,2014,2,392882,0,0,5,5,5,0,0,6
27,10,2014,3,392883,0,0,5,5,5,0,0,6
27,10,2014,4,392884,0,0,5,5,5,0,0,8
27,10,2014,5,392885,3,0,7.5,7.125,8,0,0,8
27,10,2014,6,392886,5,4,9,9.35714285714286,9,0,0,14
27,10,2014,7,392887,8,2,13,13.0666666666667,15,0,0,15
27,10,2014,8,392888,10,4,21,20.1764705882353,21,0,0,17
27,10,2014,9,392889,4,2,23,23.0769230769231,24,0,0.461538461538462,13
27,10,2014,10,392890,3,11,21,20.6818181818182,16,0,0.227272727272727,22
27,10,2014,11,392891,6,5,17,17.1333333333333,17,0,0,15
27,10,2014,12,392892,9,11,18,17.5217391304348,15,0,0,23
27,10,2014,13,392893,4,14,7,8.26086956521739,5,0,0,23
27,10,2014,14,392894,6,9,3,2.47619047619048,2,0.0952380952380952,0,21
27,10,2014,15,392895,10,9,3,2.68181818181818,3,0.136363636363636,0,22
27,10,2014,16,392896,6,6,1,0.941176470588235,2,0.294117647058824,0,17
27,10,2014,17,392897,7,6,2.5,2.33333333333333,3,0.0555555555555556,0,18
27,10,2014,18,392898,6,9,2,2.17391304347826,0,0.0869565217391304,0,23
27,10,2014,19,392899,5,4,1,1.16666666666667,1,0.25,0,12
27,10,2014,20,392900,8,6,2,1.7,3,0.15,0,20
27,10,2014,21,392901,0,2,1.5,1.125,0,0.375,0,8
27,10,2014,22,392902,2,2,1,0.6,0,0.4,0,10
27,10,2014,23,392903,0,0,0,0,0,1,0,6
28,10,2014,0,392904,0,0,0,0,0,1,0,6
28,10,2014,1,392905,0,0,0,0,0,1,0,6
28,10,2014,2,392906,0,0,0,0,0,1,0,6
28,10,2014,3,392907,0,0,0,0,0,1,0,6
28,10,2014,4,392908,0,0,0,0,0,1,0,7
28,10,2014,5,392909,0,0,0,0,0,1,0,6
28,10,2014,6,392910,4,2,2,1.9,3,0,0,10
28,10,2014,7,392911,11,2,10,8.86666666666667,12,0,0,15
28,10,2014,8,392912,10,4,17,16.5238095238095,19,0,0,21
28,10,2014,9,392913,8,4,21.5,20.9375,23,0,0,16
28,10,2014,10,392914,2,5,23,22.3636363636364,21,0,0.272727272727273,11
28,10,2014,11,392915,8,8,22,22.3478260869565,22,0,0.0869565217391304,23
28,10,2014,12,392916,2,10,20,19.3,14,0,0,20
28,10,2014,13,392917,7,17,10,9.46875,4,0,0,32
28,10,2014,14,392918,10,6,7,7.09523809523809,9,0,0,21
28,10,2014,15,392919,9,9,10,10.1304347826087,9,0,0,23
28,10,2014,16,392920,9,5,10,10.0588235294118,14,0,0,17
28,10,2014,17,392921,7,3,18,17.6111111111111,19,0,0,18
28,10,2014,18,392922,5,11,15,15.84,14,0,0,25
28,10,2014,19,392923,5,11,11,11.3478260869565,7,0,0,23
28,10,2014,20,392924,2,9,4,4.55,1,0,0,20
28,10,2014,21,392925,1,1,0,0.285714285714286,0,0.714285714285714,0,7
28,10,2014,22,392926,1,0,0,0.285714285714286,1,0.714285714285714,0,7
28,10,2014,23,392927,0,1,0,0.428571428571429,0,0.571428571428571,0,7
29,10,2014,0,392928,0,0,0,0,0,1,0,6
29,10,2014,1,392929,0,0,0,0,0,1,0,6
29,10,2014,2,392930,0,0,0,0,0,1,0,6
29,10,2014,3,392931,0,0,0,0,0,1,0,6
29,10,2014,4,392932,0,0,0,0,0,1,0,7
29,10,2014,5,392933,3,0,3,2.22222222222222,3,0.111111111111111,0,9
29,10,2014,6,392934,3,0,6,5.7,7,0,0,10
29,10,2014,7,392935,7,5,9,9.17647058823529,10,0,0,17
29,10,2014,8,392936,12,2,14,15.5714285714286,21,0,0,21
29,10,2014,9,392937,3,7,16,16.1875,16,0,0,16
29,10,2014,10,392938,2,6,15,14.3333333333333,12,0,0,15
29,10,2014,11,392939,12,13,11,9.25,11,0,0,20
29,10,2014,12,392940,2,7,9,9.26666666666667,6,0,0,15
29,10,2014,13,392941,4,9,2,2.42105263157895,2,0.105263157894737,0,19
29,10,2014,14,392942,9,9,2,1.60869565217391,2,0.0869565217391304,0,23
29,10,2014,15,392943,12,6,7,5.32,8,0.08,0,25
29,10,2014,16,392944,10,4,10,10,14,0,0,15
29,10,2014,17,392945,2,4,13,12.6666666666667,12,0,0,15
29,10,2014,18,392946,4,11,8.5,8.22727272727273,5,0,0,22
29,10,2014,19,392947,7,8,5,4.75,2,0,0,24
29,10,2014,20,392948,1,2,0,0.4,0,0.6,0,10
29,10,2014,21,392949,1,0,0,0.166666666666667,1,0.833333333333333,0,6
29,10,2014,22,392950,2,1,2.5,2.375,2,0,0,8
29,10,2014,23,392951,0,2,0,0.6,0,0.6,0,10
30,10,2014,0,392952,1,0,1,0.666666666666667,1,0.333333333333333,0,6
30,10,2014,1,392953,0,0,1,1,1,0,0,6
30,10,2014,2,392954,1,0,2,1.85714285714286,2,0,0,7
30,10,2014,3,392955,0,0,2,2,2,0,0,6
30,10,2014,4,392956,0,1,2,1.875,1,0,0,8
30,10,2014,5,392957,1,0,2,1.66666666666667,2,0,0,6
30,10,2014,6,392958,3,0,5.5,5.125,6,0,0,8
30,10,2014,7,392959,7,0,9.5,9.5,14,0,0,12
30,10,2014,8,392960,13,3,21.5,20.75,24,0,0.3125,16
30,10,2014,9,392961,4,6,24,23.4444444444444,22,0,0.555555555555556,18
30,10,2014,10,392962,3,1,24,23.6,24,0,0.7,10
30,10,2014,11,392963,4,7,23,23.1,21,0,0.35,20
30,10,2014,12,392964,3,7,17,17.4285714285714,17,0,0,21
30,10,2014,13,392965,8,15,12,12.5714285714286,9,0,0,28
30,10,2014,14,392966,11,12,7.5,6.9,8,0,0,30
30,10,2014,15,392967,11,7,8.5,8.66666666666667,11,0,0,24
30,10,2014,16,392968,13,12,13,12.7,13,0,0,30
30,10,2014,17,392969,4,6,12,11.5,10,0,0,20
30,10,2014,18,392970,8,11,9,8.9375,8,0,0,32
30,10,2014,19,392971,4,11,2.5,3.04545454545455,0,0.136363636363636,0,22
30,10,2014,20,392972,8,8,2,2.16666666666667,0,0.222222222222222,0,18
30,10,2014,21,392973,1,1,0,0.142857142857143,0,0.857142857142857,0,7
30,10,2014,22,392974,0,0,0,0,0,1,0,6
30,10,2014,23,392975,0,0,0,0,0,1,0,6
31,10,2014,0,392976,1,1,0.5,0.5,0,0.5,0,8
31,10,2014,1,392977,0,0,0,0,0,1,0,6
31,10,2014,2,392978,1,0,0,0.166666666666667,1,0.833333333333333,0,6
31,10,2014,3,392979,0,0,1,1,1,0,0,6
31,10,2014,4,392980,0,0,1,1,1,0,0,7
31,10,2014,5,392981,3,0,3,2.71428571428571,4,0,0,7
31,10,2014,6,392982,3,1,6,5.75,7,0,0,8
31,10,2014,7,392983,5,2,10.5,10.0833333333333,11,0,0,12
31,10,2014,8,392984,12,2,20,18.6875,22,0,0,16
31,10,2014,9,392985,7,6,22,22.25,23,0,0.1,20
31,10,2014,10,392986,3,9,21,20.76,17,0,0,25
31,10,2014,11,392987,6,7,18,18.4347826086957,16,0,0,23
31,10,2014,12,392988,10,15,15,14.5,12,0,0,32
31,10,2014,13,392989,1,10,7,7.38461538461539,4,0,0,13
31,10,2014,14,392990,5,8,1,1.38888888888889,1,0.333333333333333,0,18
31,10,2014,15,392991,9,7,2,1.90909090909091,3,0.0909090909090909,0,22
31,10,2014,16,392992,6,6,5,4.93333333333333,4,0,0,15
31,10,2014,17,392993,3,2,1,1.4,3,0.2,0,10
31,10,2014,18,392994,8,6,7,6.5,6,0,0,20
31,10,2014,19,392995,4,9,5,4.54166666666667,1,0,0,24
31,10,2014,20,392996,4,4,1,1.1,1,0.3,0,10
31,10,2014,21,392997,4,1,1,1.45454545454545,4,0.272727272727273,0,11
31,10,2014,22,392998,1,2,4,4,3,0,0,7
31,10,2014,23,392999,1,2,2,2.18181818181818,1,0,0,11
1,11,2014,0,393000,4,4,2,1.63636363636364,1,0,0,11
1,11,2014,1,393001,1,1,1,0.857142857142857,1,0.142857142857143,0,7
1,11,2014,2,393002,0,1,0,0.428571428571429,0,0.571428571428571,0,7
1,11,2014,3,393003,2,1,0,0.571428571428571,1,0.571428571428571,0,7
1,11,2014,4,393004,0,0,0,0,0,1,0,7
1,11,2014,5,393005,2,2,1,0.888888888888889,0,0.222222222222222,0,9
1,11,2014,6,393006,0,0,0,0,0,1,0,6
1,11,2014,7,393007,1,0,0.5,0.5,1,0.5,0,6
1,11,2014,8,393008,4,0,3.5,3.75,6,0,0,8
1,11,2014,9,393009,3,4,5.5,5.35714285714286,5,0,0,14
1,11,2014,10,393010,6,2,6,6.46153846153846,9,0,0,13
1,11,2014,11,393011,7,6,11,10.6428571428571,11,0,0,14
1,11,2014,12,393012,1,5,10,10.1428571428571,8,0,0,14
1,11,2014,13,393013,1,8,4,4.38461538461539,1,0,0,13
1,11,2014,14,393014,1,3,1,1.33333333333333,0,0.111111111111111,0,9
1,11,2014,15,393015,2,1,1,0.571428571428571,1,0.428571428571429,0,7
1,11,2014,16,393016,8,0,3,4.33333333333333,9,0,0,9
1,11,2014,17,393017,8,10,7,7.59090909090909,7,0,0,22
1,11,2014,18,393018,11,7,11,10.9565217391304,12,0,0,23
1,11,2014,19,393019,3,5,10,9.86666666666667,9,0,0,15
1,11,2014,20,393020,3,12,5,4.95652173913043,0,0.0869565217391304,0,23
1,11,2014,21,393021,7,1,3,3.41666666666667,7,0,0,12
1,11,2014,22,393022,1,2,6,6,6,0,0,9
1,11,2014,23,393023,0,1,6,5.83333333333333,5,0,0,6
2,11,2014,0,393024,2,3,4,4.44444444444444,4,0,0,9
2,11,2014,1,393025,0,0,4,4,4,0,0,6
2,11,2014,2,393026,1,3,2,2.77777777777778,2,0,0,9
2,11,2014,3,393027,0,1,1,1.16666666666667,1,0,0,6
2,11,2014,4,393028,1,1,1,1.11111111111111,1,0,0,9
2,11,2014,5,393029,0,1,1,0.571428571428571,0,0.428571428571429,0,7
2,11,2014,6,393030,0,0,0,0,0,1,0,6
2,11,2014,7,393031,0,0,0,0,0,1,0,6
2,11,2014,8,393032,2,0,1,1,2,0.285714285714286,0,7
2,11,2014,9,393033,5,3,2.5,2.5,4,0,0,12
2,11,2014,10,393034,5,2,5.5,5.5,7,0,0,10
2,11,2014,11,393035,7,8,9,9,7,0,0,18
2,11,2014,12,393036,3,7,7,7,4,0,0,15
2,11,2014,13,393037,2,6,3,3.45454545454545,1,0,0,11
2,11,2014,14,393038,2,2,1,0.7,1,0.3,0,10
2,11,2014,15,393039,4,2,1,1.3,3,0.3,0,10
2,11,2014,16,393040,4,2,5,4.33333333333333,5,0,0,9
2,11,2014,17,393041,3,2,5.5,5.375,6,0,0,8
2,11,2014,18,393042,5,6,5.5,5.4375,5,0,0,16
2,11,2014,19,393043,2,7,3,3,0,0.0666666666666667,0,15
2,11,2014,20,393044,0,0,0,0,0,1,0,6
2,11,2014,21,393045,0,0,0,0,0,1,0,6
2,11,2014,22,393046,0,0,0,0,0,1,0,5
2,11,2014,23,393047,0,0,0,0,0,1,0,6
3,11,2014,0,393048,0,0,0,0,0,1,0,6
3,11,2014,1,393049,0,0,0,0,0,1,0,6
3,11,2014,2,393050,0,0,0,0,0,1,0,6
3,11,2014,3,393051,0,0,0,0,0,1,0,6
3,11,2014,4,393052,0,0,0,0,0,1,0,8
3,11,2014,5,393053,1,1,1.5,1.5,1,0,0,8
3,11,2014,6,393054,7,3,2.5,2.66666666666667,5,0.0833333333333333,0,12
3,11,2014,7,393055,11,2,12.5,11.5,15,0,0,16
3,11,2014,8,393056,9,1,22,21,23,0,0.307692307692308,13
3,11,2014,9,393057,0,1,24,23.7142857142857,23,0,0.714285714285714,7
3,11,2014,10,393058,1,3,24,23.5,22,0,0.666666666666667,12
3,11,2014,11,393059,3,3,23,22.8181818181818,23,0,0.181818181818182,11
3,11,2014,12,393060,5,13,17,17.2692307692308,15,0,0,26
3,11,2014,13,393061,7,12,11,11.4,8,0,0,25
3,11,2014,14,393062,7,8,6,6.38095238095238,7,0,0,21
3,11,2014,15,393063,5,6,7,7.11764705882353,7,0,0,17
3,11,2014,16,393064,5,5,6,6.29411764705882,6,0,0,17
3,11,2014,17,393065,12,6,6,7.26086956521739,13,0,0,23
3,11,2014,18,393066,7,16,7,8.19230769230769,4,0,0,26
3,11,2014,19,393067,5,7,3,2.33333333333333,1,0.133333333333333,0,15
3,11,2014,20,393068,1,3,1,0.75,0,0.333333333333333,0,12
3,11,2014,21,393069,1,1,0,0.375,0,0.625,0,8
3,11,2014,22,393070,0,0,0,0,0,1,0,6
3,11,2014,23,393071,0,0,0,0,0,1,0,6
4,11,2014,0,393072,1,1,0,0.142857142857143,0,0.857142857142857,0,7
4,11,2014,1,393073,0,0,0,0,0,1,0,6
4,11,2014,2,393074,0,0,0,0,0,1,0,6
4,11,2014,3,393075,0,0,0,0,0,1,0,6
4,11,2014,4,393076,0,0,0,0,0,1,0,7
4,11,2014,5,393077,0,0,0,0,0,1,0,6
4,11,2014,6,393078,1,1,1,0.75,0,0.25,0,8
4,11,2014,7,393079,0,0,0,0,0,1,0,3
4,11,2014,9,393081,2,3,10.5,10.375,10,0,0,8
4,11,2014,10,393082,3,2,11,11.5454545454545,11,0,0,11
4,11,2014,11,393083,5,4,12,12.2,12,0,0,15
4,11,2014,12,393084,2,11,9,8,2,0,0,20
4,11,2014,13,393085,4,7,1,1.73333333333333,0,0.333333333333333,0,15
4,11,2014,14,393086,9,7,1,1.4,3,0.25,0,20
4,11,2014,15,393087,6,5,2,1.6875,3,0.125,0,16
4,11,2014,16,393088,8,8,4,3.26086956521739,4,0.0434782608695652,0,23
4,11,2014,17,393089,3,6,2,2.05555555555556,1,0.111111111111111,0,18
4,11,2014,18,393090,6,8,1,1,0,0.277777777777778,0,18
4,11,2014,19,393091,3,4,2,1.86666666666667,0,0.266666666666667,0,15
4,11,2014,20,393092,4,4,0,0.4,0,0.6,0,15
4,11,2014,21,393093,0,0,0,0,0,1,0,6
4,11,2014,22,393094,1,1,0,0.285714285714286,0,0.714285714285714,0,7
4,11,2014,23,393095,0,0,0,0,0,1,0,6
5,11,2014,0,393096,2,1,1,0.875,1,0.25,0,8
5,11,2014,1,393097,1,0,1,1.33333333333333,2,0,0,6
5,11,2014,2,393098,0,0,2,2,2,0,0,6
5,11,2014,3,393099,0,0,2,2,2,0,0,6
5,11,2014,4,393100,0,0,2,2,2,0,0,7
5,11,2014,5,393101,1,0,4,3.71428571428571,4,0,0,7
5,11,2014,6,393102,8,3,6,6.66666666666667,10,0,0,15
5,11,2014,7,393103,7,2,14,14.0769230769231,16,0,0,13
5,11,2014,8,393104,13,4,22,20.95,24,0,0.15,20
5,11,2014,9,393105,1,1,24,23.875,24,0,0.875,8
5,11,2014,10,393106,0,2,24,23.625,22,0,0.75,8
5,11,2014,11,393107,4,5,22,21.9285714285714,22,0,0,14
5,11,2014,12,393108,3,14,18,17.6666666666667,12,0,0,27
5,11,2014,13,393109,2,14,4.5,5.46153846153846,0,0.0384615384615385,0,26
5,11,2014,14,393110,6,4,1,0.714285714285714,2,0.428571428571429,0,14
5,11,2014,15,393111,8,4,3,3.05882352941176,5,0,0,17
5,11,2014,16,393112,7,5,11,10.4285714285714,9,0,0,14
5,11,2014,17,393113,4,4,8,8.11111111111111,9,0,0,18
5,11,2014,18,393114,9,12,9,8.81818181818182,6,0,0,22
5,11,2014,19,393115,7,12,5,4.52,0,0.04,0,25
5,11,2014,20,393116,3,3,0.5,0.6,0,0.5,0,10
5,11,2014,21,393117,2,1,0,0.375,1,0.625,0,8
5,11,2014,22,393118,0,2,0,0.555555555555556,0,0.666666666666667,0,9
5,11,2014,23,393119,0,0,0,0,0,1,0,6
6,11,2014,0,393120,2,0,0,0.857142857142857,2,0.571428571428571,0,7
6,11,2014,1,393121,0,2,2,1.375,0,0.25,0,8
6,11,2014,2,393122,0,0,0,0,0,1,0,6
6,11,2014,3,393123,0,0,0,0,0,1,0,6
6,11,2014,4,393124,0,0,0,0,0,1,0,7
6,11,2014,5,393125,0,0,1,1,1,0,0,6
6,11,2014,6,393126,5,0,3,3.5,6,0,0,10
6,11,2014,7,393127,6,5,6,6.33333333333333,7,0,0,15
6,11,2014,8,393128,11,5,12,11.95,15,0,0,20
6,11,2014,9,393129,4,4,14,14.2666666666667,14,0,0,15
6,11,2014,10,393130,4,4,15,14.5714285714286,14,0,0,14
6,11,2014,11,393131,8,3,19,19.1333333333333,20,0,0,15
6,11,2014,12,393132,4,7,20,18.95,18,0,0,20
6,11,2014,13,393133,5,12,13,13.24,10,0,0,25
6,11,2014,14,393134,4,14,3,3.73913043478261,0,0.0869565217391304,0,23
6,11,2014,15,393135,9,7,1,1.70588235294118,2,0.235294117647059,0,17
6,11,2014,16,393136,3,5,3.5,3.25,1,0,0,12
6,11,2014,17,393137,6,4,2,2.66666666666667,4,0,0,15
6,11,2014,18,393138,12,9,6,5.92307692307692,6,0,0,26
6,11,2014,19,393139,6,8,4,3.88235294117647,5,0,0,17
6,11,2014,20,393140,5,9,4,3.6875,1,0,0,16
6,11,2014,21,393141,2,2,0,0.375,1,0.625,0,8
6,11,2014,22,393142,0,1,1,0.714285714285714,0,0.285714285714286,0,7
6,11,2014,23,393143,0,0,0,0,0,1,0,6
7,11,2014,0,393144,0,0,0,0,0,1,0,6
7,11,2014,1,393145,0,0,0,0,0,1,0,6
7,11,2014,2,393146,0,0,0,0,0,1,0,6
7,11,2014,3,393147,0,0,0,0,0,1,0,6
7,11,2014,4,393148,0,0,0,0,0,1,0,7
7,11,2014,5,393149,3,0,2,2,3,0.142857142857143,0,7
7,11,2014,6,393150,6,1,6,5.91666666666667,8,0,0,12
7,11,2014,7,393151,7,1,11.5,11.8,15,0,0,10
7,11,2014,8,393152,12,4,23,22,24,0,0.380952380952381,21
7,11,2014,9,393153,3,4,24,23.4615384615385,23,0,0.538461538461538,13
7,11,2014,10,393154,3,2,24,23.6,24,0,0.6,10
7,11,2014,11,393155,6,8,21,21.5714285714286,22,0,0.0476190476190476,21
7,11,2014,12,393156,5,14,15,15.44,13,0,0,25
7,11,2014,13,393157,1,12,4,5.0625,1,0.0625,0,16
7,11,2014,14,393158,3,4,1,0.866666666666667,0,0.266666666666667,0,15
7,11,2014,15,393159,6,4,2,2.25,2,0.125,0,16
7,11,2014,16,393160,16,8,10,7.32,11,0,0,25
7,11,2014,17,393161,6,6,10,9.4375,10,0,0,16
7,11,2014,18,393162,7,11,10,9.25,7,0,0,28
7,11,2014,19,393163,9,7,8,8.07407407407407,9,0,0,27
7,11,2014,20,393164,0,8,4,4.41176470588235,1,0,0,17
7,11,2014,21,393165,4,3,1,0.818181818181818,1,0.363636363636364,0,11
7,11,2014,22,393166,2,3,1,0.777777777777778,0,0.333333333333333,0,9
7,11,2014,23,393167,0,0,0,0,0,1,0,6
8,11,2014,0,393168,3,3,1,0.7,0,0.4,0,10
8,11,2014,1,393169,0,0,0,0,0,1,0,6
8,11,2014,2,393170,0,0,0,0,0,1,0,6
8,11,2014,3,393171,1,1,0,0.166666666666667,0,0.833333333333333,0,6
8,11,2014,4,393172,0,0,0,0,0,1,0,7
8,11,2014,5,393173,1,0,0.5,0.5,1,0.5,0,6
8,11,2014,6,393174,1,1,1,0.857142857142857,1,0.142857142857143,0,7
8,11,2014,7,393175,2,0,2,2,3,0,0,7
8,11,2014,8,393176,5,3,4.5,4.64285714285714,6,0,0,14
8,11,2014,9,393177,5,2,8,7.66666666666667,9,0,0,12
8,11,2014,10,393178,5,3,8.5,8.625,10,0,0,16
8,11,2014,11,393179,2,3,9,8.63636363636364,9,0,0,11
8,11,2014,12,393180,5,7,11,10.55,9,0,0,20
8,11,2014,13,393181,2,5,6,6.16666666666667,6,0,0,12
8,11,2014,14,393182,4,5,5,5.53333333333333,6,0,0,15
8,11,2014,15,393183,7,6,7,6.94117647058824,7,0,0,17
8,11,2014,16,393184,8,9,5.5,5.14285714285714,6,0,0,14
8,11,2014,17,393185,4,2,9,8.63636363636364,8,0,0,11
8,11,2014,18,393186,9,4,13,13.0625,13,0,0,16
8,11,2014,19,393187,2,7,11.5,11.375,8,0,0,16
8,11,2014,20,393188,4,3,7,7.07142857142857,8,0,0,14
8,11,2014,21,393189,3,5,5,5.53846153846154,5,0,0,13
8,11,2014,22,393190,1,3,3,3.11111111111111,2,0,0,9
8,11,2014,23,393191,0,0,2,2,2,0,0,6
9,11,2014,0,393192,1,2,1,1.22222222222222,1,0,0,9
9,11,2014,1,393193,0,0,1,1,1,0,0,6
9,11,2014,2,393194,0,0,1,1,1,0,0,6
9,11,2014,3,393195,0,0,1,1,1,0,0,6
9,11,2014,4,393196,0,0,1,1,1,0,0,7
9,11,2014,5,393197,0,0,1,1,1,0,0,6
9,11,2014,6,393198,0,1,0,0.428571428571429,0,0.571428571428571,0,7
9,11,2014,7,393199,0,0,0,0,0,1,0,6
9,11,2014,8,393200,0,0,0,0,0,1,0,6
9,11,2014,9,393201,6,0,3.5,3.3,6,0.1,0,10
9,11,2014,10,393202,8,3,6,6.58333333333333,11,0,0,12
9,11,2014,11,393203,2,0,14,14,15,0,0,6
9,11,2014,12,393204,6,6,17,16.85,15,0,0,20
9,11,2014,13,393205,0,6,12,12.0769230769231,9,0,0,13
9,11,2014,14,393206,1,7,6,6,3,0,0,12
9,11,2014,15,393207,5,6,2,1.53846153846154,2,0.0769230769230769,0,13
9,11,2014,16,393208,1,0,3,2.66666666666667,3,0,0,6
9,11,2014,17,393209,2,2,3,3.1,4,0,0,10
9,11,2014,18,393210,1,1,5,4.625,4,0,0,8
9,11,2014,19,393211,0,1,3,3.14285714285714,3,0,0,7
9,11,2014,20,393212,1,4,1,1,0,0.4,0,10
9,11,2014,21,393213,3,0,2,2.14285714285714,4,0,0,7
9,11,2014,22,393214,0,1,3.5,3.5,3,0,0,8
9,11,2014,23,393215,0,1,3,2.66666666666667,2,0,0,6
10,11,2014,0,393216,0,1,2,1.57142857142857,1,0,0,7
10,11,2014,1,393217,0,0,1,1,1,0,0,6
10,11,2014,2,393218,0,0,1,1,1,0,0,6
10,11,2014,3,393219,0,0,1,1,1,0,0,6
10,11,2014,4,393220,0,0,1,1,1,0,0,8
10,11,2014,5,393221,3,3,2,1.5,1,0.1,0,10
10,11,2014,6,393222,2,1,1,1,2,0.111111111111111,0,9
10,11,2014,7,393223,7,2,6,5.85714285714286,9,0,0,14
10,11,2014,8,393224,7,2,11.5,11.8571428571429,15,0,0,14
10,11,2014,9,393225,5,3,19,18.6153846153846,18,0,0,13
10,11,2014,10,393226,3,6,20,19.7857142857143,17,0,0,14
10,11,2014,11,393227,5,7,16,16.2352941176471,16,0,0,17
10,11,2014,12,393228,5,9,15,14.9166666666667,13,0,0,24
10,11,2014,13,393229,3,8,7.5,7.94444444444444,7,0,0,18
10,11,2014,14,393230,4,8,6,5.82352941176471,4,0,0,17
10,11,2014,15,393231,12,10,3,3.34782608695652,6,0,0,23
10,11,2014,16,393232,6,2,11,10.3076923076923,12,0,0,13
10,11,2014,17,393233,9,4,16,15.2352941176471,18,0,0,17
10,11,2014,18,393234,3,12,12.5,13.0909090909091,9,0,0,22
10,11,2014,19,393235,2,8,8,7.61538461538461,4,0,0,13
10,11,2014,20,393236,1,4,2,1.5,0,0.25,0,12
10,11,2014,21,393237,2,1,1,0.555555555555556,1,0.444444444444444,0,9
10,11,2014,22,393238,0,1,1,0.875,0,0.125,0,8
10,11,2014,23,393239,1,1,0,0.142857142857143,0,0.857142857142857,0,7
11,11,2014,0,393240,0,0,0,0,0,1,0,6
11,11,2014,1,393241,0,0,0,0,0,1,0,6
11,11,2014,2,393242,0,0,0,0,0,1,0,6
11,11,2014,3,393243,0,0,0,0,0,1,0,6
11,11,2014,4,393244,0,0,0,0,0,1,0,7
11,11,2014,5,393245,1,0,1,0.833333333333333,1,0.166666666666667,0,6
11,11,2014,6,393246,4,1,2.5,2.5,4,0,0,8
11,11,2014,7,393247,7,3,8.5,8.1875,9,0,0,16
11,11,2014,8,393248,10,0,16,15.3076923076923,20,0,0,13
11,11,2014,9,393249,3,0,22,21.6666666666667,23,0,0,9
11,11,2014,10,393250,1,0,24,23.8571428571429,24,0,0.857142857142857,7
11,11,2014,11,393251,0,1,24,23.8333333333333,23,0,0.833333333333333,6
11,11,2014,12,393252,1,3,22,22,21,0,0,11
11,11,2014,13,393253,1,3,20,20.1111111111111,19,0,0,9
11,11,2014,14,393254,2,2,19.5,19.75,19,0,0,8
11,11,2014,15,393255,3,0,20,20.1428571428571,22,0,0,7
11,11,2014,16,393256,3,4,23,22.6666666666667,21,0,0.166666666666667,12
11,11,2014,17,393257,2,0,23.5,23.125,24,0,0.5,8
11,11,2014,18,393258,3,5,22.5,22.5714285714286,22,0,0.142857142857143,14
11,11,2014,19,393259,3,10,21,20.8888888888889,16,0,0,18
11,11,2014,20,393260,3,3,16,16,15,0,0,12
11,11,2014,21,393261,1,4,14,13.5,12,0,0,10
11,11,2014,22,393262,1,0,12,12.2857142857143,13,0,0,7
11,11,2014,23,393263,0,1,11.5,11.5,11,0,0,8
12,11,2014,0,393264,2,1,12,11.5714285714286,12,0,0,7
12,11,2014,1,393265,0,0,12,12,12,0,0,6
12,11,2014,2,393266,0,0,12,12,12,0,0,6
12,11,2014,3,393267,0,0,12,12,12,0,0,6
12,11,2014,4,393268,0,0,12,12,12,0,0,7
12,11,2014,5,393269,2,0,14,13.5,14,0,0,6
12,11,2014,6,393270,5,1,16,16,18,0,0,11
12,11,2014,7,393271,8,1,20,20.4615384615385,24,0,0.0769230769230769,13
12,11,2014,8,393272,6,6,23.5,23.2777777777778,24,0,0.5,18
12,11,2014,9,393273,0,0,24,24,24,0,1,12
12,11,2014,10,393274,3,3,23.5,23.4285714285714,23,0,0.5,14
12,11,2014,11,393275,7,7,23,22.8333333333333,23,0,0.291666666666667,24
12,11,2014,12,393276,2,7,22,21.3529411764706,19,0,0.176470588235294,17
12,11,2014,13,393277,5,16,14,13.53125,8,0,0,32
12,11,2014,14,393278,8,6,8,8.28571428571429,11,0,0,21
12,11,2014,15,393279,5,5,11,11,11,0,0,16
12,11,2014,16,393280,3,8,7,7.04545454545455,4,0,0,22
12,11,2014,17,393281,3,5,5,4.55555555555556,3,0,0,18
12,11,2014,18,393282,2,6,2,1.8125,0,0.1875,0,16
12,11,2014,19,393283,5,6,1,1.06666666666667,0,0.333333333333333,0,15
12,11,2014,20,393284,3,2,1,0.545454545454545,1,0.454545454545455,0,11
12,11,2014,21,393285,2,1,1,0.777777777777778,1,0.333333333333333,0,9
12,11,2014,22,393286,0,1,1,0.714285714285714,0,0.285714285714286,0,7
12,11,2014,23,393287,0,0,0,0,0,1,0,6
13,11,2014,0,393288,2,0,0,0.571428571428571,2,0.714285714285714,0,7
13,11,2014,1,393289,1,0,3,2.66666666666667,3,0,0,6
13,11,2014,2,393290,0,0,3,3,3,0,0,6
13,11,2014,3,393291,1,1,3,2.875,3,0,0,8
13,11,2014,4,393292,0,0,3,3,3,0,0,9
13,11,2014,5,393293,3,3,3,2.45454545454545,3,0.0909090909090909,0,11
13,11,2014,6,393294,4,1,4.5,4.625,6,0,0,8
13,11,2014,7,393295,9,0,11,11.0714285714286,15,0,0,14
13,11,2014,8,393296,8,1,21,19.6363636363636,23,0,0,11
13,11,2014,9,393297,2,1,24,23.75,24,0,0.75,8
13,11,2014,10,393298,3,4,23,23.0769230769231,23,0,0.230769230769231,13
13,11,2014,11,393299,3,6,21,20.9473684210526,20,0,0,19
13,11,2014,12,393300,4,5,20.5,20.625,19,0,0,16
13,11,2014,13,393301,3,13,12,12.9166666666667,9,0,0,24
13,11,2014,14,393302,5,4,9.5,9.5,11,0,0,16
13,11,2014,15,393303,12,4,16.5,15.8,20,0,0,20
13,11,2014,16,393304,8,10,21,21.8,19,0,0.24,25
13,11,2014,17,393305,11,8,20,20.44,22,0,0.08,25
13,11,2014,18,393306,7,17,18,17.6451612903226,12,0,0,31
13,11,2014,19,393307,2,14,6,5.65217391304348,0,0.0434782608695652,0,23
13,11,2014,20,393308,2,3,1,0.666666666666667,0,0.466666666666667,0,15
13,11,2014,21,393309,2,2,0,0.555555555555556,1,0.555555555555556,0,9
13,11,2014,22,393310,1,2,0.5,0.625,0,0.5,0,8
13,11,2014,23,393311,2,2,0,0.444444444444444,0,0.555555555555556,0,9
14,11,2014,0,393312,1,1,0,0.142857142857143,0,0.857142857142857,0,7
14,11,2014,1,393313,0,0,0,0,0,1,0,6
14,11,2014,2,393314,0,0,0,0,0,1,0,6
14,11,2014,3,393315,0,0,0,0,0,1,0,6
14,11,2014,4,393316,1,0,0,0.25,1,0.75,0,8
14,11,2014,5,393317,2,1,3,3,3,0,0,9
14,11,2014,6,393318,4,3,4,3.69230769230769,4,0,0,13
14,11,2014,7,393319,7,1,9,8.76923076923077,12,0,0,13
14,11,2014,8,393320,8,0,18.5,18,21,0,0,10
14,11,2014,9,393321,2,0,23,23.1428571428571,24,0,0.285714285714286,7
14,11,2014,10,393322,2,3,24,23.6666666666667,23,0,0.666666666666667,12
14,11,2014,11,393323,3,9,21,20.8235294117647,17,0,0.0588235294117647,17
14,11,2014,12,393324,3,8,14,14.1176470588235,12,0,0,17
14,11,2014,13,393325,6,18,6,6.03448275862069,0,0.0344827586206897,0,29
14,11,2014,14,393326,4,4,0,0.384615384615385,0,0.615384615384615,0,13
14,11,2014,15,393327,7,4,2,1.8,3,0.133333333333333,0,15
14,11,2014,16,393328,3,5,3,2.86666666666667,0,0.0666666666666667,0,15
14,11,2014,17,393329,8,2,4,3.66666666666667,6,0.0833333333333333,0,12
14,11,2014,18,393330,10,6,12,11.7272727272727,13,0,0,22
14,11,2014,19,393331,6,12,11,11.5454545454545,7,0,0,22
14,11,2014,20,393332,5,1,10,9.6,11,0,0,10
14,11,2014,21,393333,2,5,11,10.7142857142857,8,0,0,14
14,11,2014,22,393334,2,0,9,9,10,0,0,7
14,11,2014,23,393335,1,5,7,6.76923076923077,5,0,0,13
15,11,2014,0,393336,0,2,2,2.5,2,0,0,8
15,11,2014,1,393337,1,2,1,1,1,0.222222222222222,0,9
15,11,2014,2,393338,0,0,1,1,1,0,0,6
15,11,2014,3,393339,0,1,0,0.375,0,0.625,0,8
15,11,2014,4,393340,3,4,1,0.833333333333333,0,0.333333333333333,0,12
15,11,2014,5,393341,1,1,1,0.571428571428571,0,0.428571428571429,0,7
15,11,2014,6,393342,0,0,0,0,0,1,0,6
15,11,2014,7,393343,3,0,1,1,3,0.375,0,8
15,11,2014,8,393344,3,2,4.5,4.25,4,0,0,8
15,11,2014,9,393345,3,0,6,5.85714285714286,7,0,0,7
15,11,2014,10,393346,4,1,10,9.77777777777778,10,0,0,9
15,11,2014,11,393347,7,2,12,11.4285714285714,15,0,0,14
15,11,2014,12,393348,3,3,15,14.7692307692308,15,0,0,13
15,11,2014,13,393349,3,3,16,15.9166666666667,16,0,0,12
15,11,2014,14,393350,2,4,16,16.2307692307692,15,0,0,13
15,11,2014,15,393351,3,5,11,11.9411764705882,12,0,0,17
15,11,2014,16,393352,6,3,15,14.3571428571429,15,0,0,14
15,11,2014,17,393353,3,6,15,15,12,0,0,12
15,11,2014,18,393354,10,6,15,14.2,17,0,0,20
15,11,2014,19,393355,8,8,16.5,16.8333333333333,18,0,0,18
15,11,2014,20,393356,7,4,17,16.7692307692308,21,0,0,13
15,11,2014,21,393357,2,10,18,17.3333333333333,13,0,0,18
15,11,2014,22,393358,0,0,13,13,13,0,0,6
15,11,2014,23,393359,1,4,12,12,10,0,0,11
16,11,2014,0,393360,0,4,7,7.33333333333333,6,0,0,9
16,11,2014,1,393361,0,1,5.5,5.5,5,0,0,6
16,11,2014,2,393362,1,4,4,3.90909090909091,2,0,0,11
16,11,2014,3,393363,3,0,3,2.85714285714286,5,0,0,7
16,11,2014,4,393364,0,0,5,5,5,0,0,8
16,11,2014,5,393365,2,0,6,6,7,0,0,6
16,11,2014,6,393366,1,2,6,6.125,6,0,0,8
16,11,2014,7,393367,0,5,3,3.38461538461538,1,0,0,13
16,11,2014,8,393368,4,0,3.5,3.375,5,0,0,8
16,11,2014,9,393369,6,1,6.5,6.66666666666667,10,0,0,12
16,11,2014,10,393370,0,1,10,10.1428571428571,10,0,0,7
16,11,2014,11,393371,1,7,6,6.19047619047619,4,0,0,21
16,11,2014,12,393372,4,2,6.5,6.25,7,0,0,12
16,11,2014,13,393373,0,6,6,5.23076923076923,2,0,0,13
16,11,2014,14,393374,4,2,2,2.5,4,0,0,10
16,11,2014,15,393375,2,1,4.5,4.5,5,0,0,8
16,11,2014,16,393376,3,1,6,6.22222222222222,7,0,0,9
16,11,2014,17,393377,4,1,9,8.88888888888889,11,0,0,9
16,11,2014,18,393378,6,0,13,13.5,17,0,0,8
16,11,2014,19,393379,3,10,15,15.1578947368421,11,0,0,19
16,11,2014,20,393380,0,4,8,8.33333333333333,7,0,0,9
16,11,2014,21,393381,1,0,8,8.28571428571429,9,0,0,7
16,11,2014,22,393382,1,3,9,8.7,7,0,0,10
16,11,2014,23,393383,1,1,7,6.875,7,0,0,8
17,11,2014,0,393384,0,1,6,6.42857142857143,6,0,0,7
17,11,2014,1,393385,0,0,6,6,6,0,0,6
17,11,2014,2,393386,0,0,6,6,6,0,0,6
17,11,2014,3,393387,0,0,6,6,6,0,0,6
17,11,2014,4,393388,0,0,6,6,6,0,0,7
17,11,2014,5,393389,1,1,7,6.57142857142857,6,0,0,7
17,11,2014,6,393390,3,2,6,5.72727272727273,7,0,0,11
17,11,2014,7,393391,9,4,11,10.8888888888889,13,0,0,18
17,11,2014,8,393392,10,2,16,16.3333333333333,21,0,0,15
17,11,2014,9,393393,3,4,21,21,20,0,0,10
17,11,2014,10,393394,4,1,23.5,22.9,23,0,0.5,10
17,11,2014,11,393395,2,9,20,20.1818181818182,16,0,0,22
17,11,2014,12,393396,7,7,17,17.1176470588235,17,0,0,17
17,11,2014,13,393397,4,13,10.5,11.6818181818182,8,0,0,22
17,11,2014,14,393398,8,8,10,9.72727272727273,9,0,0,22
17,11,2014,15,393399,6,6,7,6.76470588235294,8,0,0,17
17,11,2014,16,393400,5,9,4,4.55,4,0,0,20
17,11,2014,17,393401,5,9,4,3.8,1,0,0,20
17,11,2014,18,393402,7,8,5,4.33333333333333,1,0,0,24
17,11,2014,19,393403,3,3,1,1.15384615384615,2,0.0769230769230769,0,13
17,11,2014,20,393404,1,1,1,1.16666666666667,1,0,0,12
17,11,2014,21,393405,0,0,1,1,1,0,0,6
17,11,2014,22,393406,1,1,1,0.888888888888889,1,0.111111111111111,0,9
17,11,2014,23,393407,0,0,1,1,1,0,0,6
18,11,2014,0,393408,0,0,1,1,1,0,0,6
18,11,2014,1,393409,0,0,1,1,1,0,0,6
18,11,2014,2,393410,0,0,1,1,1,0,0,6
18,11,2014,3,393411,0,0,1,1,1,0,0,6
18,11,2014,4,393412,0,0,1,1,1,0,0,7
18,11,2014,5,393413,0,0,1,1,1,0,0,8
18,11,2014,6,393414,6,1,3,3.08333333333333,6,0,0,12
18,11,2014,7,393415,8,3,12,11,12,0,0,16
18,11,2014,8,393416,9,4,17,16.1333333333333,18,0,0,15
18,11,2014,9,393417,6,2,21,20.75,23,0,0,12
18,11,2014,10,393418,2,3,23,22.5,22,0,0,10
18,11,2014,11,393419,2,1,23,22.7777777777778,23,0,0,9
18,11,2014,12,393420,3,12,16,17.7391304347826,14,0,0,23
18,11,2014,13,393421,3,15,7,7.31818181818182,2,0,0,22
18,11,2014,14,393422,7,5,1,1.125,4,0.375,0,16
18,11,2014,15,393423,10,5,6,6.1304347826087,10,0,0,23
18,11,2014,16,393424,2,8,9.5,8.64285714285714,4,0,0,14
18,11,2014,17,393425,8,6,5,4.71428571428571,5,0,0,21
18,11,2014,18,393426,6,10,1,1.65217391304348,0,0.304347826086957,0,23
18,11,2014,19,393427,6,6,1,1.3125,0,0.3125,0,16
18,11,2014,20,393428,2,2,0,0.3,0,0.7,0,10
18,11,2014,21,393429,1,0,0,0.25,1,0.75,0,12
18,11,2014,22,393430,0,1,0.5,0.5,0,0.5,0,8
18,11,2014,23,393431,0,0,0,0,0,1,0,8
19,11,2014,0,393432,1,1,0,0.25,0,0.75,0,8
19,11,2014,1,393433,1,1,0,0.25,0,0.75,0,8
19,11,2014,2,393434,0,0,0,0,0,1,0,6
19,11,2014,3,393435,0,0,0,0,0,1,0,6
19,11,2014,4,393436,0,0,0,0,0,1,0,7
19,11,2014,5,393437,1,0,1,0.857142857142857,1,0.142857142857143,0,7
19,11,2014,6,393438,4,2,2,1.66666666666667,3,0,0,15
19,11,2014,7,393439,8,1,7,7.46153846153846,10,0,0,13
19,11,2014,8,393440,15,5,17,16.3636363636364,21,0,0,22
19,11,2014,9,393441,2,3,21.5,21.4,20,0,0,10
19,11,2014,10,393442,4,2,22,21.3333333333333,21,0,0,12
19,11,2014,11,393443,6,6,21.5,21.8125,21,0,0.125,16
19,11,2014,12,393444,7,10,22,21.6153846153846,19,0,0.0384615384615385,26
19,11,2014,13,393445,2,14,11,11.8,7,0,0,25
19,11,2014,14,393446,8,11,5,4.74074074074074,5,0,0,27
19,11,2014,15,393447,8,7,4.5,4.13636363636364,7,0.0454545454545455,0,22
19,11,2014,16,393448,6,6,5,5.64705882352941,7,0,0,17
19,11,2014,17,393449,5,7,7,7.47619047619048,6,0,0,21
19,11,2014,18,393450,5,10,3,3.13636363636364,0,0.0454545454545455,0,22
19,11,2014,19,393451,2,2,0,0.4,0,0.6,0,10
19,11,2014,20,393452,2,1,0.5,0.625,1,0.5,0,8
19,11,2014,21,393453,2,2,0,0.4,0,0.6,0,10
19,11,2014,22,393454,0,1,0,0.142857142857143,0,0.857142857142857,0,7
19,11,2014,23,393455,0,0,0,0,0,1,0,6
20,11,2014,0,393456,0,0,0,0,0,1,0,6
20,11,2014,1,393457,0,0,0,0,0,1,0,6
20,11,2014,2,393458,0,0,0,0,0,1,0,6
20,11,2014,3,393459,0,0,0,0,0,1,0,6
20,11,2014,4,393460,0,0,0,0,0,1,0,9
20,11,2014,5,393461,0,0,0,0,0,1,0,6
20,11,2014,6,393462,4,0,2,2.44444444444444,5,0,0,9
20,11,2014,7,393463,5,2,8,8,9,0,0,13
20,11,2014,8,393464,13,2,12,14,21,0,0,16
20,11,2014,9,393465,0,2,21,21,20,0,0,9
20,11,2014,10,393466,6,2,21,21.3636363636364,24,0,0.181818181818182,11
20,11,2014,11,393467,3,4,24,23.6428571428571,23,0,0.642857142857143,14
20,11,2014,12,393468,4,7,22,21.5294117647059,20,0,0,17
20,11,2014,13,393469,3,13,15,14.3809523809524,9,0,0,21
20,11,2014,14,393470,7,8,9,9.61904761904762,8,0,0,21
20,11,2014,15,393471,5,8,6.5,6.5,6,0,0,22
20,11,2014,16,393472,7,10,5,4.81818181818182,2,0,0,22
20,11,2014,17,393473,9,6,4,3.47368421052632,6,0,0,19
20,11,2014,18,393474,13,12,10,9.37037037037037,7,0,0,27
20,11,2014,19,393475,3,7,7,6.86666666666667,4,0,0,15
20,11,2014,20,393476,3,6,1,1.4,1,0.2,0,15
20,11,2014,21,393477,0,1,0,0.142857142857143,0,0.857142857142857,0,7
20,11,2014,22,393478,2,1,0.5,0.8,1,0.5,0,10
20,11,2014,23,393479,1,1,0,0.285714285714286,0,0.714285714285714,0,7
21,11,2014,0,393480,1,1,0,0.111111111111111,0,0.888888888888889,0,9
21,11,2014,1,393481,0,0,0,0,0,1,0,6
21,11,2014,2,393482,0,0,0,0,0,1,0,6
21,11,2014,3,393483,0,0,0,0,0,1,0,6
21,11,2014,4,393484,0,0,0,0,0,1,0,8
21,11,2014,5,393485,1,1,0.5,0.5,0,0.5,0,8
21,11,2014,6,393486,3,1,1,0.777777777777778,2,0.333333333333333,0,9
21,11,2014,7,393487,6,1,6,6.2,9,0,0,10
21,11,2014,8,393488,13,3,14,14.4736842105263,19,0,0,19
21,11,2014,9,393489,4,3,19,19.25,20,0,0,16
21,11,2014,10,393490,6,3,24,23.3333333333333,24,0,0.533333333333333,15
21,11,2014,11,393491,3,7,22,22.2,20,0,0.25,20
21,11,2014,12,393492,8,9,20,20.0434782608696,18,0,0,23
21,11,2014,13,393493,5,13,12,13.047619047619,10,0,0,21
21,11,2014,14,393494,3,11,3,4.36842105263158,2,0.105263157894737,0,19
21,11,2014,15,393495,8,7,2,1.84210526315789,3,0.105263157894737,0,19
21,11,2014,16,393496,3,6,4,3.33333333333333,1,0,0,15
21,11,2014,17,393497,15,4,8.5,7.90909090909091,12,0,0,22
21,11,2014,18,393498,9,12,11,10.5,10,0,0,28
21,11,2014,19,393499,5,11,5,5.78947368421053,3,0,0,19
21,11,2014,20,393500,4,3,4.5,4.5,5,0,0,12
21,11,2014,21,393501,0,6,3,2.76923076923077,0,0.230769230769231,0,13
21,11,2014,22,393502,0,0,0,0,0,1,0,6
21,11,2014,23,393503,1,1,0,0.285714285714286,0,0.714285714285714,0,7
22,11,2014,0,393504,0,0,0,0,0,1,0,6
22,11,2014,1,393505,0,0,0,0,0,1,0,6
22,11,2014,2,393506,3,3,0,0.454545454545455,0,0.545454545454545,0,11
22,11,2014,3,393507,1,1,0,0.222222222222222,0,0.777777777777778,0,9
22,11,2014,4,393508,1,1,0,0.25,0,0.75,0,8
22,11,2014,5,393509,0,0,0,0,0,1,0,6
22,11,2014,6,393510,0,0,0,0,0,1,0,6
22,11,2014,7,393511,1,0,1,0.571428571428571,1,0.428571428571429,0,7
22,11,2014,8,393512,8,2,6.5,6.25,8,0,0,12
22,11,2014,9,393513,3,1,10,9.75,11,0,0,8
22,11,2014,10,393514,6,3,11,12,14,0,0,16
22,11,2014,11,393515,5,4,14,13.8571428571429,15,0,0,14
22,11,2014,12,393516,5,8,15.5,15.4444444444444,13,0,0,18
22,11,2014,13,393517,7,5,14,13.9375,15,0,0,16
22,11,2014,14,393518,1,5,12,12.5,11,0,0,10
22,11,2014,15,393519,4,3,10,9.75,12,0,0,12
22,11,2014,16,393520,7,9,11,11.1818181818182,10,0,0,22
22,11,2014,17,393521,6,1,12,12.3846153846154,14,0,0,13
22,11,2014,18,393522,10,4,17,17.2777777777778,20,0,0,18
22,11,2014,19,393523,1,3,17,17.5833333333333,17,0,0,12
22,11,2014,20,393524,3,0,21,20.25,21,0,0,8
22,11,2014,21,393525,8,8,21,20.3157894736842,21,0,0,19
22,11,2014,22,393526,2,4,19,19.4545454545455,18,0,0,11
22,11,2014,23,393527,0,4,17,16.8181818181818,14,0,0,11
23,11,2014,0,393528,1,4,12,12.2727272727273,11,0,0,11
23,11,2014,1,393529,2,3,11,10.7777777777778,10,0,0,9
23,11,2014,2,393530,0,2,9,9.11111111111111,8,0,0,9
23,11,2014,3,393531,1,4,5,5.8,5,0,0,10
23,11,2014,4,393532,0,3,2,2.55555555555556,2,0,0,9
23,11,2014,5,393533,0,1,1,1.28571428571429,1,0,0,7
23,11,2014,6,393534,1,1,1,0.625,1,0.375,0,8
23,11,2014,7,393535,0,1,1,0.571428571428571,0,0.428571428571429,0,7
23,11,2014,8,393536,0,0,0,0,0,1,0,6
23,11,2014,9,393537,4,0,1,1.125,4,0.375,0,8
23,11,2014,10,393538,1,0,4,4.33333333333333,5,0,0,6
23,11,2014,11,393539,3,4,4,4.15384615384615,4,0,0,13
23,11,2014,12,393540,6,0,7,7.11111111111111,10,0,0,9
23,11,2014,13,393541,4,5,10,9.41176470588235,9,0,0,17
23,11,2014,14,393542,2,3,11,11,10,0,0,9
23,11,2014,15,393543,2,2,10,10.1111111111111,10,0,0,9
23,11,2014,16,393544,2,4,8,8.21428571428571,8,0,0,14
23,11,2014,17,393545,1,1,7,7.42857142857143,8,0,0,7
23,11,2014,18,393546,3,2,9,8.77777777777778,9,0,0,9
23,11,2014,19,393547,5,0,11,11.4,14,0,0,10
23,11,2014,20,393548,0,5,9,10.3333333333333,8,0,0,9
23,11,2014,21,393549,4,0,9,9.22222222222222,12,0,0,9
23,11,2014,22,393550,2,2,11,11.2222222222222,12,0,0,9
23,11,2014,23,393551,0,0,12,12,12,0,0,7
24,11,2014,0,393552,1,2,11,10.875,11,0,0,8
24,11,2014,1,393553,0,1,10,10.2857142857143,10,0,0,7
24,11,2014,2,393554,0,0,10,10,10,0,0,6
24,11,2014,3,393555,0,0,10,10,10,0,0,6
24,11,2014,4,393556,0,0,10,10,10,0,0,7
24,11,2014,5,393557,1,0,11,10.8333333333333,11,0,0,6
24,11,2014,6,393558,4,4,11,11.1538461538462,12,0,0,13
24,11,2014,7,393559,3,3,13,12.9230769230769,13,0,0,13
24,11,2014,8,393560,11,1,18,18.2777777777778,23,0,0,18
24,11,2014,9,393561,2,3,23,22.6666666666667,22,0,0,9
24,11,2014,10,393562,1,3,23,22.625,21,0,0,16
24,11,2014,11,393563,4,2,23,22.5,22,0,0.142857142857143,14
24,11,2014,12,393564,6,12,20,19.5384615384615,16,0,0,26
24,11,2014,13,393565,3,12,10,10.5652173913043,7,0,0,23
24,11,2014,14,393566,7,6,8,8.17647058823529,9,0,0,17
24,11,2014,15,393567,11,3,12.5,12.4444444444444,17,0,0,18
24,11,2014,16,393568,4,3,19,18.8333333333333,19,0,0,12
24,11,2014,17,393569,9,4,22,21.2222222222222,24,0,0.111111111111111,18
24,11,2014,18,393570,4,15,19.5,19.1333333333333,13,0,0.0333333333333333,30
24,11,2014,19,393571,5,8,10.5,10.45,9,0,0,20
24,11,2014,20,393572,1,5,7,7.08333333333333,5,0,0,12
24,11,2014,21,393573,0,4,2,2,0,0.166666666666667,0,12
24,11,2014,22,393574,1,0,0,0.285714285714286,1,0.714285714285714,0,7
24,11,2014,23,393575,0,1,0,0.142857142857143,0,0.857142857142857,0,7
25,11,2014,0,393576,2,1,0,0.444444444444444,1,0.555555555555556,0,9
25,11,2014,1,393577,0,1,1,0.571428571428571,0,0.428571428571429,0,7
25,11,2014,2,393578,0,0,0,0,0,1,0,6
25,11,2014,3,393579,0,0,0,0,0,1,0,6
25,11,2014,4,393580,0,0,0,0,0,1,0,7
25,11,2014,5,393581,0,0,0,0,0,1,0,6
25,11,2014,6,393582,6,2,1.5,1.66666666666667,4,0.166666666666667,0,12
25,11,2014,7,393583,7,3,7,6.1875,9,0,0,16
25,11,2014,8,393584,16,5,17,16.2105263157895,21,0,0,19
25,11,2014,9,393585,4,3,24,23.5,23,0,0.571428571428571,14
25,11,2014,10,393586,0,1,24,23.8888888888889,23,0,0.888888888888889,9
25,11,2014,11,393587,5,8,19,19.2631578947368,20,0,0,19
25,11,2014,12,393588,5,14,15,15.2083333333333,11,0,0,24
25,11,2014,13,393589,4,14,4,4.03448275862069,1,0.0689655172413793,0,29
25,11,2014,14,393590,5,5,2,1.78571428571429,2,0.0714285714285714,0,14
25,11,2014,15,393591,11,9,6,6.07692307692308,5,0,0,26
25,11,2014,16,393592,9,5,5,5.76470588235294,10,0,0,17
25,11,2014,17,393593,6,10,10,9.8,6,0,0,20
25,11,2014,18,393594,4,11,5,4.09090909090909,0,0.136363636363636,0,22
25,11,2014,19,393595,8,8,4,4,0,0.105263157894737,0,19
25,11,2014,20,393596,2,2,0,0.545454545454545,0,0.636363636363636,0,11
25,11,2014,21,393597,2,1,0,0.428571428571429,1,0.571428571428571,0,7
25,11,2014,22,393598,1,2,0,0.222222222222222,0,0.777777777777778,0,9
25,11,2014,23,393599,1,1,0,0.222222222222222,0,0.777777777777778,0,9
26,11,2014,0,393600,0,0,0,0,0,1,0,6
26,11,2014,1,393601,0,0,0,0,0,1,0,6
26,11,2014,2,393602,0,0,0,0,0,1,0,6
26,11,2014,3,393603,0,0,0,0,0,1,0,6
26,11,2014,4,393604,0,0,0,0,0,1,0,8
26,11,2014,5,393605,1,0,1,0.714285714285714,1,0.285714285714286,0,7
26,11,2014,6,393606,6,2,3,3.7,6,0,0,10
26,11,2014,7,393607,6,1,9.5,9.1,11,0,0,10
26,11,2014,8,393608,12,4,19,17.5,20,0,0,18
26,11,2014,9,393609,5,2,22.5,22.5,24,0,0.25,12
26,11,2014,10,393610,3,4,24,23.6666666666667,23,0,0.666666666666667,12
26,11,2014,11,393611,3,6,22,22.2,21,0,0.266666666666667,15
26,11,2014,12,393612,3,11,16.5,16.6666666666667,13,0,0,18
26,11,2014,13,393613,5,10,11,10.08,7,0,0,25
26,11,2014,14,393614,5,9,4,4.04545454545455,2,0,0,22
26,11,2014,15,393615,7,3,4,4,6,0,0,16
26,11,2014,16,393616,10,3,10,9.83333333333333,13,0,0,18
26,11,2014,17,393617,5,4,15,15.2142857142857,15,0,0,14
26,11,2014,18,393618,5,15,13,13.0606060606061,7,0,0,33
26,11,2014,19,393619,3,11,5,4.57894736842105,0,0.157894736842105,0,19
26,11,2014,20,393620,2,2,1,0.571428571428571,0,0.428571428571429,0,14
26,11,2014,21,393621,2,2,0,0.666666666666667,0,0.555555555555556,0,9
26,11,2014,22,393622,2,2,2,1.44444444444444,0,0.222222222222222,0,9
26,11,2014,23,393623,0,0,0,0,0,1,0,5
27,11,2014,0,393624,0,0,0,0,0,1,0,6
27,11,2014,1,393625,0,0,0,0,0,1,0,6
27,11,2014,2,393626,0,0,0,0,0,1,0,6
27,11,2014,3,393627,0,0,0,0,0,1,0,6
27,11,2014,4,393628,0,0,0,0,0,1,0,9
27,11,2014,5,393629,0,0,0,0,0,1,0,6
27,11,2014,6,393630,2,0,1,1.125,2,0.25,0,8
27,11,2014,7,393631,7,1,5,4.8,8,0,0,10
27,11,2014,8,393632,13,3,18,15.9444444444444,19,0,0,18
27,11,2014,9,393633,1,3,18,17.7,17,0,0,10
27,11,2014,10,393634,6,5,18,18.3125,18,0,0,16
27,11,2014,11,393635,5,6,19,18.5384615384615,17,0,0,13
27,11,2014,12,393636,6,9,19,18.8636363636364,15,0,0,22
27,11,2014,13,393637,8,12,12,12.16,11,0,0,25
27,11,2014,14,393638,11,8,13,13.04,15,0,0,25
27,11,2014,15,393639,6,10,12,12.9545454545455,11,0,0,22
27,11,2014,16,393640,4,11,7.5,6.75,3,0,0,20
27,11,2014,17,393641,7,6,5,5.68421052631579,5,0,0,19
27,11,2014,18,393642,12,8,9,8.33333333333333,9,0,0,27
27,11,2014,19,393643,5,12,7.5,7.72727272727273,5,0,0,22
27,11,2014,20,393644,8,8,3,3.10526315789474,5,0.0526315789473684,0,19
27,11,2014,21,393645,0,4,1,1.66666666666667,0,0.333333333333333,0,9
27,11,2014,22,393646,0,0,0,0,0,1,0,6
27,11,2014,23,393647,0,0,0,0,0,1,0,6
28,11,2014,0,393648,1,1,0,0.142857142857143,0,0.857142857142857,0,7
28,11,2014,1,393649,1,0,1,0.833333333333333,1,0.166666666666667,0,6
28,11,2014,2,393650,0,1,2,1.875,1,0,0,8
28,11,2014,3,393651,1,0,2,1.66666666666667,2,0,0,6
28,11,2014,4,393652,0,0,2,2,2,0,0,7
28,11,2014,5,393653,1,0,3,2.75,3,0,0,8
28,11,2014,6,393654,6,2,3,3.81818181818182,7,0,0,11
28,11,2014,7,393655,5,1,11,10.4545454545455,12,0,0,11
28,11,2014,8,393656,8,2,18,17.3846153846154,19,0,0,13
28,11,2014,9,393657,3,2,18,18.3846153846154,20,0,0,13
28,11,2014,10,393658,9,6,21,20.75,23,0,0,20
28,11,2014,11,393659,6,8,22,22.1428571428571,22,0,0.285714285714286,21
28,11,2014,12,393660,6,6,23,23.1739130434783,23,0,0.434782608695652,23
28,11,2014,13,393661,5,12,18.5,19.5769230769231,16,0,0.0384615384615385,26
28,11,2014,14,393662,4,7,11.5,11.7857142857143,13,0,0,14
28,11,2014,15,393663,3,2,13.5,13.5,14,0,0,10
28,11,2014,16,393664,3,0,15,15.25,17,0,0,8
28,11,2014,17,393665,2,6,17.5,17.4375,15,0,0,16
28,11,2014,18,393666,9,8,16,16.3157894736842,16,0,0,19
28,11,2014,19,393667,4,11,14,14,9,0,0,23
28,11,2014,20,393668,2,6,4,4.76923076923077,4,0,0,13
28,11,2014,21,393669,0,4,1,1.63636363636364,0,0.272727272727273,0,11
28,11,2014,22,393670,0,0,0,0,0,1,0,6
28,11,2014,23,393671,0,0,0,0,0,1,0,6
29,11,2014,0,393672,0,0,0,0,0,1,0,6
29,11,2014,1,393673,0,0,0,0,0,1,0,6
29,11,2014,2,393674,1,0,1,1.42857142857143,2,0,0,7
29,11,2014,3,393675,1,1,2.5,2.5,3,0,0,8
29,11,2014,4,393676,0,0,3,3,3,0,0,8
29,11,2014,5,393677,0,0,3,3,3,0,0,6
29,11,2014,6,393678,0,0,3,3,3,0,0,6
29,11,2014,7,393679,1,0,3,3.16666666666667,4,0,0,6
29,11,2014,8,393680,2,1,5,4.66666666666667,5,0,0,9
29,11,2014,9,393681,1,0,6,5.66666666666667,6,0,0,6
29,11,2014,10,393682,7,2,9,9.15384615384615,11,0,0,13
29,11,2014,11,393683,6,4,11,10.4666666666667,13,0,0,15
29,11,2014,12,393684,4,2,16,16.2,16,0,0,15
29,11,2014,13,393685,5,6,17,16.625,16,0,0,16
29,11,2014,14,393686,5,3,18.5,18.25,18,0,0,12
29,11,2014,15,393687,7,12,13,13.9166666666667,13,0,0,24
29,11,2014,16,393688,2,5,12,12.875,11,0,0,16
29,11,2014,17,393689,11,4,14,15.1764705882353,18,0,0,17
29,11,2014,18,393690,3,9,18,17.5238095238095,13,0,0,21
29,11,2014,19,393691,5,3,13,13,15,0,0,16
29,11,2014,20,393692,6,8,12,12.2,13,0,0,20
29,11,2014,21,393693,1,9,7,7.4,4,0,0,15
29,11,2014,22,393694,0,2,4,4.22222222222222,3,0,0,9
29,11,2014,23,393695,0,1,1,1.14285714285714,1,0,0,7
30,11,2014,0,393696,0,2,0,0.857142857142857,0,0.571428571428571,0,7
30,11,2014,1,393697,1,0,0,0.375,1,0.625,0,8
30,11,2014,2,393698,0,1,1,0.833333333333333,0,0.166666666666667,0,6
30,11,2014,3,393699,1,1,0,0.25,0,0.75,0,8
30,11,2014,4,393700,0,0,0,0,0,1,0,7
30,11,2014,5,393701,0,0,0,0,0,1,0,6
30,11,2014,6,393702,0,0,0,0,0,1,0,6
30,11,2014,7,393703,0,0,0,0,0,1,0,6
30,11,2014,8,393704,0,0,0,0,0,1,0,6
30,11,2014,9,393705,0,0,0,0,0,1,0,6
30,11,2014,10,393706,0,0,0,0,0,1,0,6
30,11,2014,11,393707,0,0,0,0,0,1,0,6
30,11,2014,12,393708,0,0,0,0,0,1,0,5
30,11,2014,13,393709,1,0,1,0.714285714285714,1,0.285714285714286,0,7
30,11,2014,14,393710,1,1,1,0.571428571428571,1,0.428571428571429,0,7
30,11,2014,15,393711,1,2,1,1.28571428571429,0,0.142857142857143,0,7
30,11,2014,16,393712,1,0,0,0.25,1,0.75,0,8
30,11,2014,17,393713,1,1,1,0.625,1,0.375,0,8
30,11,2014,18,393714,3,2,1,1.09090909090909,2,0.454545454545455,0,11
30,11,2014,19,393715,0,0,2,2,2,0,0,6
30,11,2014,20,393716,1,2,1,1,0,0.2,0,10
30,11,2014,21,393717,0,0,0,0,0,1,0,6
30,11,2014,22,393718,0,0,0,0,0,1,0,5
30,11,2014,23,393719,2,1,1,1.125,1,0.25,0,8
1,12,2014,0,393720,0,0,1,1,1,0,0,5
1,12,2014,1,393721,0,0,1,1,1,0,0,6
1,12,2014,2,393722,0,0,1,1,1,0,0,6
1,12,2014,3,393723,0,0,1,1,1,0,0,6
1,12,2014,4,393724,0,0,1,1,1,0,0,8
1,12,2014,5,393725,0,0,1,1,1,0,0,6
1,12,2014,6,393726,1,0,1,1.16666666666667,2,0,0,6
1,12,2014,7,393727,5,1,5,4.33333333333333,6,0,0,9
1,12,2014,8,393728,9,3,13,12.5333333333333,13,0,0,15
1,12,2014,9,393729,3,1,13.5,13.375,15,0,0,8
1,12,2014,10,393730,4,3,18,17.9090909090909,17,0,0,11
1,12,2014,11,393731,4,3,19,18.6428571428571,18,0,0,14
1,12,2014,12,393732,4,8,17,16.7,15,0,0,20
1,12,2014,13,393733,3,17,6,6.67857142857143,1,0.107142857142857,0,28
1,12,2014,14,393734,6,5,2,1.8125,2,0.0625,0,16
1,12,2014,15,393735,11,5,2,3.66666666666667,8,0.0476190476190476,0,21
1,12,2014,16,393736,6,3,9,9.23076923076923,11,0,0,13
1,12,2014,17,393737,3,5,8,8.86666666666667,8,0,0,15
1,12,2014,18,393738,4,6,8,7.73333333333333,6,0,0,15
1,12,2014,19,393739,2,7,1.5,1.75,0,0.125,0,16
1,12,2014,20,393740,1,1,0,0.25,0,0.75,0,8
1,12,2014,21,393741,1,1,0,0.142857142857143,0,0.857142857142857,0,7
1,12,2014,22,393742,0,0,0,0,0,1,0,7
1,12,2014,23,393743,0,0,0,0,0,1,0,6
2,12,2014,0,393744,0,0,0,0,0,1,0,6
2,12,2014,1,393745,0,0,0,0,0,1,0,6
2,12,2014,2,393746,0,0,0,0,0,1,0,6
2,12,2014,3,393747,0,0,0,0,0,1,0,6
2,12,2014,4,393748,0,0,0,0,0,1,0,7
2,12,2014,5,393749,0,0,0,0,0,1,0,6
2,12,2014,6,393750,3,0,0,0.75,3,0.625,0,8
2,12,2014,7,393751,7,6,5,5.57894736842105,5,0,0,19
2,12,2014,8,393752,11,4,12,11.5,14,0,0,16
2,12,2014,9,393753,5,3,16,15.6923076923077,17,0,0,13
2,12,2014,10,393754,7,3,19,19.375,21,0,0,16
2,12,2014,11,393755,4,3,21,21.0714285714286,23,0,0,14
2,12,2014,12,393756,3,8,22,21.8333333333333,19,0,0.166666666666667,18
2,12,2014,13,393757,5,10,15,15.047619047619,14,0,0,21
2,12,2014,14,393758,3,8,10,10.4117647058824,10,0,0,17
2,12,2014,15,393759,9,2,16,14.6,18,0,0,15
2,12,2014,16,393760,8,10,18,17.4285714285714,16,0,0,21
2,12,2014,17,393761,11,9,18,17.96,19,0,0,25
2,12,2014,18,393762,8,9,18,18.1739130434783,18,0,0,23
2,12,2014,19,393763,3,8,15,15.55,13,0,0,20
2,12,2014,20,393764,5,8,11,10.85,10,0,0,20
2,12,2014,21,393765,1,4,8.5,8.7,7,0,0,10
2,12,2014,22,393766,2,1,7.5,7.5,8,0,0,8
2,12,2014,23,393767,0,2,7.5,7.375,6,0,0,8
3,12,2014,0,393768,1,5,4,4.08333333333333,1,0,0,12
3,12,2014,1,393769,0,1,0.5,0.5,0,0.5,0,8
3,12,2014,2,393770,0,0,1,1,1,0,0,6
3,12,2014,3,393771,0,0,1,1,1,0,0,6
3,12,2014,4,393772,0,0,1,1,1,0,0,7
3,12,2014,5,393773,1,1,1,1.28571428571429,1,0,0,7
3,12,2014,6,393774,6,3,3,2.78571428571429,4,0,0,14
3,12,2014,7,393775,3,2,6,6,6,0,0,9
3,12,2014,8,393776,9,3,11,11.1176470588235,13,0,0,17
3,12,2014,9,393777,5,5,13,13.125,14,0,0,16
3,12,2014,10,393778,7,3,15.5,15.6428571428571,18,0,0,14
3,12,2014,11,393779,4,4,18,18.2142857142857,18,0,0,14
3,12,2014,12,393780,3,6,18,18.4,16,0,0,20
3,12,2014,13,393781,2,10,11,11.6363636363636,8,0,0,22
3,12,2014,14,393782,10,9,11,11.36,10,0,0,25
3,12,2014,15,393783,10,4,15,13.7777777777778,16,0,0,18
3,12,2014,16,393784,3,3,16,15.8235294117647,16,0,0,17
3,12,2014,17,393785,3,4,17,17.6363636363636,16,0,0,11
3,12,2014,18,393786,4,6,17,16.65,15,0,0,20
3,12,2014,19,393787,4,7,16,15.2777777777778,13,0,0,18
3,12,2014,20,393788,3,5,13,12.3571428571429,11,0,0,14
3,12,2014,21,393789,1,5,8,8.33333333333333,7,0,0,12
3,12,2014,22,393790,2,3,7,6.75,6,0,0,12
3,12,2014,23,393791,2,1,6,6.42857142857143,7,0,0,7
4,12,2014,0,393792,0,6,2,2.21428571428571,0,0.285714285714286,0,14
4,12,2014,1,393793,0,0,0,0,0,1,0,6
4,12,2014,2,393794,0,0,0,0,0,1,0,6
4,12,2014,3,393795,0,0,0,0,0,1,0,5
4,12,2014,4,393796,0,0,0,0,0,1,0,10
4,12,2014,5,393797,0,0,0,0,0,1,0,6
4,12,2014,6,393798,3,0,2,1.85714285714286,3,0.142857142857143,0,7
4,12,2014,7,393799,6,1,8.5,7.8,9,0,0,10
4,12,2014,8,393800,10,5,15,14.1111111111111,15,0,0,18
4,12,2014,9,393801,7,0,20,19.7777777777778,23,0,0,9
4,12,2014,10,393802,1,2,24,23.7,23,0,0.7,10
4,12,2014,11,393803,11,15,19,18.25,19,0,0,24
4,12,2014,12,393804,4,5,20,19.6,19,0,0,15
4,12,2014,13,393805,3,13,12,12.9545454545455,9,0,0,22
4,12,2014,14,393806,5,9,7,5.90476190476191,5,0,0,21
4,12,2014,15,393807,6,10,2,2.08333333333333,2,0.125,0,24
4,12,2014,16,393808,10,9,5,4.73913043478261,5,0,0,23
4,12,2014,17,393809,10,7,9,8.38095238095238,7,0,0,21
4,12,2014,18,393810,4,9,5,4.5,2,0,0,20
4,12,2014,19,393811,1,4,1,1,0,0.428571428571429,0,14
4,12,2014,20,393812,3,3,0,0.6,0,0.533333333333333,0,15
4,12,2014,21,393813,4,2,0.5,0.8,2,0.5,0,10
4,12,2014,22,393814,1,3,2,1.5,0,0.166666666666667,0,12
4,12,2014,23,393815,1,1,0,0.142857142857143,0,0.857142857142857,0,7
5,12,2014,0,393816,0,0,0,0,0,1,0,6
5,12,2014,1,393817,1,0,0,0.166666666666667,1,0.833333333333333,0,6
5,12,2014,2,393818,0,0,1,1,1,0,0,6
5,12,2014,3,393819,0,0,1,1,1,0,0,5
5,12,2014,4,393820,0,1,1,0.666666666666667,0,0.333333333333333,0,9
5,12,2014,5,393821,1,1,1,0.625,0,0.375,0,8
5,12,2014,6,393822,3,0,0,0.777777777777778,3,0.555555555555556,0,9
5,12,2014,7,393823,7,1,6,6.45454545454545,10,0,0,11
5,12,2014,8,393824,11,3,13,13.6111111111111,19,0,0,18
5,12,2014,9,393825,4,4,18,18.5,18,0,0,14
5,12,2014,10,393826,5,2,21,20.8181818181818,21,0,0,11
5,12,2014,11,393827,3,3,21,20.4615384615385,21,0,0,13
5,12,2014,12,393828,5,15,15,15.1724137931034,10,0,0,29
5,12,2014,13,393829,7,14,4,4.54838709677419,3,0,0,31
5,12,2014,14,393830,8,5,6,5.68181818181818,6,0,0,22
5,12,2014,15,393831,8,2,6,6.66666666666667,11,0,0,15
5,12,2014,16,393832,4,5,10,10.375,10,0,0,16
5,12,2014,17,393833,3,6,9,9.4,9,0,0,15
5,12,2014,18,393834,7,6,12,11.952380952381,12,0,0,21
5,12,2014,19,393835,8,11,11,11.1739130434783,9,0,0,23
5,12,2014,20,393836,2,5,8,8.17647058823529,6,0,0,17
5,12,2014,21,393837,0,3,3,3.77777777777778,3,0,0,9
5,12,2014,22,393838,3,1,3,3.11111111111111,5,0,0,9
5,12,2014,23,393839,3,4,4,4,4,0,0,9
6,12,2014,0,393840,0,4,1.5,1.41666666666667,0,0.416666666666667,0,12
6,12,2014,1,393841,1,1,0,0.222222222222222,0,0.777777777777778,0,9
6,12,2014,2,393842,0,0,0,0,0,1,0,7
6,12,2014,3,393843,0,0,0,0,0,1,0,6
6,12,2014,4,393844,0,0,0,0,0,1,0,7
6,12,2014,5,393845,0,0,0,0,0,1,0,6
6,12,2014,6,393846,0,0,0,0,0,1,0,7
6,12,2014,7,393847,0,0,0,0,0,1,0,6
6,12,2014,8,393848,4,0,0.5,1.3,4,0.5,0,10
6,12,2014,9,393849,6,0,5,6.33333333333333,10,0,0,9
6,12,2014,10,393850,8,1,13,13.0666666666667,17,0,0,15
6,12,2014,11,393851,0,1,18,17.6666666666667,17,0,0,6
6,12,2014,12,393852,2,4,16.5,16.6875,15,0,0,16
6,12,2014,13,393853,2,3,14,14.1,14,0,0,10
6,12,2014,14,393854,2,1,16,15.625,16,0,0,8
6,12,2014,15,393855,3,2,18,17.6,17,0,0,10
6,12,2014,16,393856,5,1,17,17.875,21,0,0,8
6,12,2014,17,393857,2,1,21.5,21.5,22,0,0,8
6,12,2014,18,393858,5,6,20.5,20.4444444444444,20,0,0,18
6,12,2014,19,393859,1,5,17,17.3846153846154,16,0,0,13
6,12,2014,20,393860,3,3,15,14.6,16,0,0,10
6,12,2014,21,393861,0,2,14,14.375,14,0,0,8
6,12,2014,22,393862,0,2,12,12.5,12,0,0,8
6,12,2014,23,393863,1,4,10,10.2,9,0,0,10
7,12,2014,0,393864,0,0,9,9,9,0,0,6
7,12,2014,1,393865,0,1,8.5,8.5,8,0,0,8
7,12,2014,2,393866,0,1,7,6.75,6,0,0,8
7,12,2014,3,393867,0,0,6,6,6,0,0,6
7,12,2014,4,393868,1,2,6,6,5,0,0,11
7,12,2014,5,393869,0,1,5,4.66666666666667,4,0,0,6
7,12,2014,6,393870,0,1,3,2.6,2,0,0,10
7,12,2014,7,393871,0,0,2,2,2,0,0,6
7,12,2014,8,393872,1,1,2,2.16666666666667,2,0,0,6
7,12,2014,9,393873,0,0,2,2,2,0,0,8
7,12,2014,10,393874,2,2,3,2.7,2,0,0,10
7,12,2014,11,393875,2,4,2,2,0,0.0909090909090909,0,11
7,12,2014,12,393876,3,2,0,0.333333333333333,1,0.666666666666667,0,9
7,12,2014,13,393877,3,3,2,2.5,1,0,0,12
7,12,2014,14,393878,1,2,1,1,1,0.375,0,8
7,12,2014,15,393879,3,5,2,1.66666666666667,0,0.0833333333333333,0,12
7,12,2014,16,393880,4,2,3,3.09090909090909,3,0,0,11
7,12,2014,17,393881,3,1,4,4.33333333333333,5,0,0,9
7,12,2014,18,393882,2,2,5,5.33333333333333,5,0,0,9
7,12,2014,19,393883,3,5,6,5.93333333333333,4,0,0,15
7,12,2014,20,393884,0,4,1.5,1.58333333333333,0,0.416666666666667,0,12
7,12,2014,21,393885,3,1,2,2.22222222222222,3,0,0,9
7,12,2014,22,393886,0,1,3,2.71428571428571,2,0,0,7
7,12,2014,23,393887,1,2,1,1,1,0.333333333333333,0,9
8,12,2014,0,393888,1,1,1,1.42857142857143,1,0,0,7
8,12,2014,1,393889,0,0,1,1,1,0,0,6
8,12,2014,2,393890,0,0,1,1,1,0,0,6
8,12,2014,3,393891,0,0,1,1,1,0,0,6
8,12,2014,4,393892,0,0,1,1,1,0,0,7
8,12,2014,5,393893,0,1,1,0.625,0,0.375,0,8
8,12,2014,6,393894,0,0,0,0,0,1,0,6
8,12,2014,7,393895,1,0,0,0.166666666666667,1,0.833333333333333,0,6
8,12,2014,8,393896,3,1,2,1.7,3,0,0,10
8,12,2014,9,393897,1,0,3,3.16666666666667,4,0,0,6
8,12,2014,10,393898,6,0,8.5,8.66666666666667,12,0,0,12
8,12,2014,11,393899,6,3,15,14.6363636363636,16,0,0,11
8,12,2014,12,393900,3,5,15,15.125,14,0,0,16
8,12,2014,13,393901,3,4,11,11,12,0,0,13
8,12,2014,14,393902,6,3,12,12.2307692307692,15,0,0,13
8,12,2014,15,393903,1,3,15,14.8333333333333,14,0,0,12
8,12,2014,16,393904,3,2,14.5,14.75,15,0,0,8
8,12,2014,17,393905,0,2,14,14.2,13,0,0,10
8,12,2014,18,393906,3,1,16,16.1111111111111,16,0,0,9
8,12,2014,19,393907,0,9,11.5,11.1428571428571,7,0,0,14
8,12,2014,20,393908,2,4,4,4.45454545454545,3,0,0,11
8,12,2014,21,393909,0,3,0,0.818181818181818,0,0.545454545454545,0,11
8,12,2014,22,393910,0,0,0,0,0,1,0,7
8,12,2014,23,393911,1,0,1,1.28571428571429,2,0,0,7
9,12,2014,0,393912,0,1,1,1.28571428571429,1,0,0,7
9,12,2014,1,393913,0,0,1,1,1,0,0,6
9,12,2014,2,393914,0,0,1,1,1,0,0,6
9,12,2014,3,393915,0,1,1,0.833333333333333,0,0.166666666666667,0,6
9,12,2014,4,393916,0,0,0,0,0,1,0,8
9,12,2014,5,393917,0,0,0,0,0,1,0,7
9,12,2014,6,393918,3,0,0,0.666666666666667,3,0.666666666666667,0,9
9,12,2014,7,393919,9,1,6,6.58333333333333,11,0,0,12
9,12,2014,8,393920,7,4,13,12.9473684210526,15,0,0,19
9,12,2014,9,393921,4,4,16.5,16.3571428571429,15,0,0,14
9,12,2014,10,393922,3,2,17,16.7272727272727,16,0,0,11
9,12,2014,11,393923,6,6,17,16.5714285714286,16,0,0,21
9,12,2014,12,393924,5,5,16,15.9285714285714,15,0,0,14
9,12,2014,13,393925,2,16,8,8.30434782608696,2,0,0,23
9,12,2014,14,393926,5,3,4,4,5,0,0,13
9,12,2014,15,393927,9,5,7,7.18181818181818,8,0,0,22
9,12,2014,16,393928,5,8,7.5,7.27777777777778,5,0,0,18
9,12,2014,17,393929,3,4,7,7,5,0,0,12
9,12,2014,18,393930,5,6,6,5.8,5,0,0,20
9,12,2014,19,393931,3,7,2,2,1,0.125,0,16
9,12,2014,20,393932,0,1,0,0.166666666666667,0,0.833333333333333,0,6
9,12,2014,21,393933,0,0,0,0,0,1,0,6
9,12,2014,22,393934,0,1,0,0.333333333333333,0,0.666666666666667,0,6
9,12,2014,23,393935,1,0,0,0.166666666666667,1,0.833333333333333,0,6
10,12,2014,0,393936,0,0,1,1,1,0,0,6
10,12,2014,1,393937,1,1,1,1.125,1,0,0,8
10,12,2014,2,393938,0,0,1,1,1,0,0,6
10,12,2014,3,393939,0,0,1,1,1,0,0,6
10,12,2014,4,393940,0,0,1,1,1,0,0,7
10,12,2014,5,393941,1,0,2,1.66666666666667,2,0,0,6
10,12,2014,6,393942,3,0,2.5,3,5,0,0,8
10,12,2014,7,393943,4,1,8,7.42857142857143,8,0,0,14
10,12,2014,8,393944,9,3,11,11.1764705882353,14,0,0,17
10,12,2014,9,393945,3,0,17,16.75,18,0,0,8
10,12,2014,10,393946,8,3,22,21.4285714285714,23,0,0.0714285714285714,14
10,12,2014,11,393947,2,6,21,20.8461538461538,19,0,0,13
10,12,2014,12,393948,3,9,17.5,16.9090909090909,14,0,0,22
10,12,2014,13,393949,5,7,11,11.125,11,0,0,16
10,12,2014,14,393950,9,6,13,12.6315789473684,15,0,0,19
10,12,2014,15,393951,8,3,16,16.6470588235294,20,0,0,17
10,12,2014,16,393952,5,6,20,20.25,19,0,0,16
10,12,2014,17,393953,4,5,18.5,18.8571428571429,18,0,0,14
10,12,2014,18,393954,11,11,20,19.5769230769231,17,0,0,26
10,12,2014,19,393955,0,12,12,11.0952380952381,4,0,0,21
10,12,2014,20,393956,1,5,0.5,1.5,0,0.5,0,10
10,12,2014,21,393957,2,2,0,0.3,0,0.7,0,10
10,12,2014,22,393958,1,0,0,0.142857142857143,1,0.857142857142857,0,7
10,12,2014,23,393959,1,1,1,0.625,1,0.375,0,8
11,12,2014,0,393960,0,0,1,1,1,0,0,6
11,12,2014,1,393961,0,1,1,0.666666666666667,0,0.333333333333333,0,6
11,12,2014,2,393962,0,0,0,0,0,1,0,6
11,12,2014,3,393963,0,0,0,0,0,1,0,6
11,12,2014,4,393964,0,0,0,0,0,1,0,9
11,12,2014,5,393965,0,0,0,0,0,1,0,6
11,12,2014,6,393966,2,0,1,0.714285714285714,2,0.428571428571429,0,7
11,12,2014,7,393967,7,0,5.5,6.2,10,0,0,10
11,12,2014,8,393968,7,2,13,13.1333333333333,16,0,0,15
11,12,2014,9,393969,4,2,18,17.6666666666667,18,0,0,12
11,12,2014,10,393970,5,1,22,21.4166666666667,22,0,0,12
11,12,2014,11,393971,1,1,22.5,22.5,22,0,0,8
11,12,2014,12,393972,1,6,20,20.2142857142857,18,0,0,14
11,12,2014,13,393973,7,12,15,14.8620689655172,13,0,0,29
11,12,2014,14,393974,7,10,11.5,11.4583333333333,11,0,0,24
11,12,2014,15,393975,13,4,13,13.5789473684211,20,0,0,19
11,12,2014,16,393976,5,6,18,17.6190476190476,18,0,0,21
11,12,2014,17,393977,7,6,18,17.55,19,0,0,20
11,12,2014,18,393978,8,9,18,17.7142857142857,17,0,0,21
11,12,2014,19,393979,4,11,16,15.7692307692308,11,0,0,26
11,12,2014,20,393980,3,10,10,9,4,0,0,20
11,12,2014,21,393981,1,5,3,2.63636363636364,0,0.0909090909090909,0,11
11,12,2014,22,393982,2,1,0,0.444444444444444,1,0.555555555555556,0,9
11,12,2014,23,393983,3,2,1,1.45454545454545,2,0.181818181818182,0,11
12,12,2014,0,393984,2,1,1,1.77777777777778,3,0,0,9
12,12,2014,1,393985,0,0,3,3,3,0,0,6
12,12,2014,2,393986,0,1,3,2.66666666666667,2,0,0,6
12,12,2014,3,393987,1,0,2,2.375,3,0,0,8
12,12,2014,4,393988,0,1,3,2.875,2,0,0,8
12,12,2014,5,393989,0,0,2,2,2,0,0,6
12,12,2014,6,393990,2,2,2,2,2,0,0,8
12,12,2014,7,393991,6,1,6,5.90909090909091,8,0,0,11
12,12,2014,8,393992,10,4,15,13.6666666666667,15,0,0,15
12,12,2014,9,393993,7,2,19,18.4615384615385,21,0,0,13
12,12,2014,10,393994,8,5,22,21.8823529411765,24,0,0.117647058823529,17
12,12,2014,11,393995,3,3,24,23.6875,24,0,0.6875,16
12,12,2014,12,393996,4,11,21,21.1304347826087,17,0,0.173913043478261,23
12,12,2014,13,393997,5,11,13,13.2307692307692,11,0,0,26
12,12,2014,14,393998,5,9,8,8.52631578947368,7,0,0,19
12,12,2014,15,393999,6,9,5,4.71428571428571,4,0,0,21
12,12,2014,16,394000,4,8,3,3.36842105263158,2,0,0,19
12,12,2014,17,394001,10,7,5,5.1875,6,0,0,16
12,12,2014,18,394002,8,4,7,6.88888888888889,10,0,0,18
12,12,2014,19,394003,2,10,5,5,1,0.117647058823529,0,17
12,12,2014,20,394004,1,0,4,3.88888888888889,4,0,0,9
12,12,2014,21,394005,1,5,1,1.61538461538462,0,0.307692307692308,0,13
12,12,2014,22,394006,1,0,0,0.428571428571429,1,0.571428571428571,0,7
12,12,2014,23,394007,3,0,3,3,4,0,0,7
13,12,2014,0,394008,0,3,0,0.428571428571429,0,0.857142857142857,0,7
13,12,2014,1,394009,1,1,1,0.571428571428571,0,0.428571428571429,0,7
13,12,2014,2,394010,0,0,0,0,0,1,0,6
13,12,2014,3,394011,0,0,0,0,0,1,0,7
13,12,2014,4,394012,0,0,0,0,0,1,0,7
13,12,2014,5,394013,0,0,0,0,0,1,0,6
13,12,2014,6,394014,0,0,0,0,0,1,0,6
13,12,2014,7,394015,1,0,0,0.142857142857143,1,0.857142857142857,0,7
13,12,2014,8,394016,4,0,3,2.875,5,0,0,8
13,12,2014,9,394017,4,0,8,7.66666666666667,10,0,0,9
13,12,2014,10,394018,6,5,12,11.9230769230769,11,0,0,13
13,12,2014,11,394019,1,3,12,12.0909090909091,10,0,0,11
13,12,2014,12,394020,2,7,8,8.07142857142857,5,0,0,14
13,12,2014,13,394021,2,4,4,3.90909090909091,3,0,0,11
13,12,2014,14,394022,4,3,3,3.27272727272727,4,0,0,11
13,12,2014,15,394023,7,5,4,4.3125,6,0,0,16
13,12,2014,16,394024,10,5,9,8.47058823529412,11,0,0,17
13,12,2014,17,394025,7,4,11,11.4375,14,0,0,16
13,12,2014,18,394026,11,6,18,18,20,0,0,21
13,12,2014,19,394027,5,8,16,16.2727272727273,16,0,0,22
13,12,2014,20,394028,2,5,15.5,16.1666666666667,16,0,0,12
13,12,2014,21,394029,1,2,15,15,14,0,0,10
13,12,2014,22,394030,1,2,13,13.3333333333333,13,0,0,9
13,12,2014,23,394031,3,3,14,13.5,14,0,0,12
14,12,2014,0,394032,0,2,13,12.875,12,0,0,8
14,12,2014,1,394033,1,2,12,12.1428571428571,11,0,0,7
14,12,2014,2,394034,2,1,11,11.2857142857143,12,0,0,7
14,12,2014,3,394035,0,1,12,11.875,11,0,0,8
14,12,2014,4,394036,0,1,10,10.4285714285714,10,0,0,7
14,12,2014,5,394037,0,1,9,9.14285714285714,9,0,0,7
14,12,2014,6,394038,1,0,10,9.85714285714286,10,0,0,7
14,12,2014,7,394039,1,1,10.5,10.5,10,0,0,8
14,12,2014,8,394040,1,4,8,8,7,0,0,11
14,12,2014,9,394041,3,0,9,9,11,0,0,7
14,12,2014,10,394042,5,2,14,14.1666666666667,16,0,0,12
14,12,2014,11,394043,4,2,19,18.8181818181818,20,0,0,11
14,12,2014,12,394044,5,4,20,19.9333333333333,20,0,0,15
14,12,2014,13,394045,1,3,18,18.2222222222222,18,0,0,9
14,12,2014,14,394046,2,3,17,17.4545454545455,17,0,0,11
14,12,2014,15,394047,4,5,17,16.7333333333333,16,0,0,15
14,12,2014,16,394048,0,5,14,14.0833333333333,11,0,0,12
14,12,2014,17,394049,2,3,11,10.8181818181818,10,0,0,11
14,12,2014,18,394050,2,3,10,10.0909090909091,9,0,0,11
14,12,2014,19,394051,0,0,9,9,9,0,0,6
14,12,2014,20,394052,1,0,10,9.66666666666667,10,0,0,6
14,12,2014,21,394053,0,0,10,10,10,0,0,6
14,12,2014,22,394054,0,0,10,10,10,0,0,6
14,12,2014,23,394055,0,0,10,10,10,0,0,6
15,12,2014,0,394056,0,1,10,9.83333333333333,9,0,0,6
15,12,2014,1,394057,0,0,9,9,9,0,0,6
15,12,2014,2,394058,0,0,9,9,9,0,0,6
15,12,2014,3,394059,0,0,9,9,9,0,0,6
15,12,2014,4,394060,0,0,9,9,9,0,0,8
15,12,2014,5,394061,8,11,7,5.92307692307692,6,0.0769230769230769,0,13
15,12,2014,6,394062,0,1,6,5.85714285714286,5,0,0,7
15,12,2014,7,394063,3,0,6,6.11111111111111,8,0,0,9
15,12,2014,8,394064,7,0,11.5,11.8333333333333,15,0,0,12
15,12,2014,9,394065,2,0,17,16.5714285714286,17,0,0,7
15,12,2014,10,394066,6,2,20,19.4545454545455,21,0,0,11
15,12,2014,11,394067,1,1,20.5,20.5,21,0,0,8
15,12,2014,12,394068,2,4,20,19.6666666666667,19,0,0,9
15,12,2014,13,394069,3,6,18,17.6875,16,0,0,16
15,12,2014,14,394070,6,5,16,15.625,17,0,0,16
15,12,2014,15,394071,6,1,20,19.5454545454545,22,0,0,11
15,12,2014,16,394072,2,3,21,20.6666666666667,21,0,0,12
15,12,2014,17,394073,4,2,21,21,22,0,0,13
15,12,2014,18,394074,0,4,21,20.7692307692308,18,0,0,13
15,12,2014,19,394075,0,4,16,15.9166666666667,14,0,0,12
15,12,2014,20,394076,0,1,14,13.8571428571429,13,0,0,7
15,12,2014,21,394077,1,2,11,11.7777777777778,11,0,0,9
15,12,2014,22,394078,0,1,11,11.25,11,0,0,8
15,12,2014,23,394079,0,0,11,11,11,0,0,6
16,12,2014,0,394080,2,2,12,12.25,12,0,0,8
16,12,2014,1,394081,0,0,12,12,12,0,0,6
16,12,2014,2,394082,0,0,12,12,12,0,0,6
16,12,2014,3,394083,0,0,12,12,12,0,0,6
16,12,2014,4,394084,0,0,12,12,12,0,0,7
16,12,2014,5,394085,1,0,12,12.2857142857143,13,0,0,7
16,12,2014,6,394086,5,0,15,15.1111111111111,18,0,0,9
16,12,2014,7,394087,6,3,21,20.75,22,0,0,12
16,12,2014,8,394088,2,7,21,20.875,17,0,0,16
16,12,2014,9,394089,5,3,20,20.3076923076923,20,0,0,13
16,12,2014,10,394090,1,1,21,20.8333333333333,21,0,0,12
16,12,2014,11,394091,6,8,21,20.9166666666667,20,0,0,24
16,12,2014,12,394092,2,3,20,20.1,20,0,0,10
16,12,2014,13,394093,3,11,16,15.5769230769231,11,0,0,26
16,12,2014,14,394094,4,2,12,12.5833333333333,14,0,0,12
16,12,2014,15,394095,11,6,11,10.2941176470588,14,0,0,17
16,12,2014,16,394096,6,5,17,16.9333333333333,15,0,0,15
16,12,2014,17,394097,5,6,14,13.9285714285714,14,0,0,14
16,12,2014,18,394098,10,17,10,10.2903225806452,7,0,0,31
16,12,2014,19,394099,3,6,7,7.4,5,0,0,15
16,12,2014,20,394100,2,4,5,4.75,4,0,0,12
16,12,2014,21,394101,2,4,3.5,3,1,0,0,10
16,12,2014,22,394102,1,1,1,0.714285714285714,1,0.285714285714286,0,7
16,12,2014,23,394103,2,2,1,1.22222222222222,1,0.111111111111111,0,9
17,12,2014,0,394104,0,1,0,0.285714285714286,0,0.714285714285714,0,7
17,12,2014,1,394105,0,0,0,0,0,1,0,6
17,12,2014,2,394106,0,0,0,0,0,1,0,5
17,12,2014,3,394107,0,0,0,0,0,1,0,6
17,12,2014,4,394108,0,0,0,0,0,1,0,8
17,12,2014,5,394109,0,0,1,1,1,0,0,6
17,12,2014,6,394110,4,1,2,2,4,0,0,8
17,12,2014,7,394111,7,2,7,6.92307692307692,9,0,0,13
17,12,2014,8,394112,8,3,12,12.1333333333333,15,0,0,15
17,12,2014,9,394113,4,6,16,16.1333333333333,14,0,0,15
17,12,2014,10,394114,5,2,14,14.5,17,0,0,18
17,12,2014,11,394115,5,6,17,17.5,17,0,0,16
17,12,2014,12,394116,6,2,21,20.5333333333333,22,0,0,15
17,12,2014,13,394117,2,18,12,13.1153846153846,6,0,0,26
17,12,2014,14,394118,10,6,9,8.76190476190476,9,0,0,21
17,12,2014,15,394119,9,8,10,10.1538461538462,11,0,0,26
17,12,2014,16,394120,9,8,12,11.9473684210526,12,0,0,19
17,12,2014,17,394121,7,6,14,13.6842105263158,13,0,0,19
17,12,2014,18,394122,13,10,16,15.1153846153846,16,0,0,26
17,12,2014,19,394123,5,8,13,13.0952380952381,12,0,0,21
17,12,2014,20,394124,1,11,4,5,1,0.111111111111111,0,18
17,12,2014,21,394125,0,1,0,0.111111111111111,0,0.888888888888889,0,9
17,12,2014,22,394126,2,2,0,0.25,0,0.875,0,8
17,12,2014,23,394127,0,0,0,0,0,1,0,7
18,12,2014,0,394128,1,1,0,0.142857142857143,0,0.857142857142857,0,7
18,12,2014,1,394129,0,0,0,0,0,1,0,6
18,12,2014,2,394130,1,0,0,0.333333333333333,1,0.666666666666667,0,6
18,12,2014,3,394131,0,0,1,1,1,0,0,6
18,12,2014,4,394132,0,0,2,2,2,0,0,9
18,12,2014,5,394133,1,0,3,2.83333333333333,3,0,0,6
18,12,2014,6,394134,5,1,3,3.90909090909091,7,0,0,11
18,12,2014,7,394135,8,2,10,9.71428571428571,13,0,0,14
18,12,2014,8,394136,8,3,17,16.6666666666667,19,0,0,12
18,12,2014,9,394137,3,3,19,18.6666666666667,19,0,0,12
18,12,2014,10,394138,4,3,20,19.75,20,0,0,12
18,12,2014,11,394139,4,3,23,22.8,22,0,0.2,10
18,12,2014,12,394140,2,12,19.5,18.5833333333333,13,0,0,24
18,12,2014,13,394141,4,14,6,7.18518518518519,4,0,0,27
18,12,2014,14,394142,4,5,4,3.66666666666667,3,0,0,15
18,12,2014,15,394143,8,3,4,3.875,7,0,0,16
18,12,2014,16,394144,10,6,8,7.63636363636364,10,0,0,22
18,12,2014,17,394145,8,3,12,12.2666666666667,15,0,0,15
18,12,2014,18,394146,10,4,20,19.2631578947368,21,0,0,19
18,12,2014,19,394147,2,15,12.5,12.9230769230769,7,0,0,26
18,12,2014,20,394148,3,7,4,4.4,4,0,0,15
18,12,2014,21,394149,1,3,3,3.375,2,0,0,8
18,12,2014,22,394150,0,2,0,0.625,0,0.625,0,8
18,12,2014,23,394151,0,0,0,0,0,1,0,6
19,12,2014,0,394152,0,0,0,0,0,1,0,6
19,12,2014,1,394153,1,0,1,0.571428571428571,1,0.428571428571429,0,7
19,12,2014,2,394154,0,1,0,0.142857142857143,0,0.857142857142857,0,7
19,12,2014,3,394155,0,0,0,0,0,1,0,6
19,12,2014,4,394156,0,0,0,0,0,1,0,7
19,12,2014,5,394157,3,1,1,0.75,2,0.375,0,8
19,12,2014,6,394158,4,1,2,2.77777777777778,5,0,0,9
19,12,2014,7,394159,4,0,6,6.5,9,0,0,8
19,12,2014,8,394160,15,2,17.5,16.8888888888889,22,0,0,18
19,12,2014,9,394161,3,5,24,23.4285714285714,21,0,0.571428571428571,14
19,12,2014,10,394162,4,3,23,22.8461538461538,23,0,0.307692307692308,13
19,12,2014,11,394163,4,7,23,22.5238095238095,20,0,0.333333333333333,21
19,12,2014,12,394164,5,8,20,19.9166666666667,18,0,0,24
19,12,2014,13,394165,6,11,14,13.952380952381,13,0,0,21
19,12,2014,14,394166,7,6,14,14.6666666666667,15,0,0,18
19,12,2014,15,394167,9,4,15,15.2777777777778,19,0,0,18
19,12,2014,16,394168,10,6,18,18.2222222222222,21,0,0,18
19,12,2014,17,394169,5,3,21,21.5333333333333,23,0,0,15
19,12,2014,18,394170,3,5,21.5,21.7142857142857,21,0,0.0714285714285714,14
19,12,2014,19,394171,8,12,20,19.8148148148148,16,0,0,27
19,12,2014,20,394172,5,6,16.5,16.5555555555556,15,0,0,18
19,12,2014,21,394173,2,4,12,12.375,12,0,0,16
19,12,2014,22,394174,2,3,12,12.375,11,0,0,8
19,12,2014,23,394175,0,1,12,11.5714285714286,11,0,0,7
20,12,2014,0,394176,2,2,11,11.1,11,0,0,10
20,12,2014,1,394177,0,4,10,9.22222222222222,7,0,0,9
20,12,2014,2,394178,3,6,5,5,4,0,0,14
20,12,2014,3,394179,1,2,4,3.66666666666667,3,0,0,9
20,12,2014,4,394180,0,1,2,1.625,1,0,0,8
20,12,2014,5,394181,2,1,2,2,2,0,0,8
20,12,2014,6,394182,1,0,2,2.14285714285714,3,0,0,7
20,12,2014,7,394183,1,1,2,2.42857142857143,3,0,0,7
20,12,2014,8,394184,6,1,6,5.6,8,0,0,10
20,12,2014,9,394185,8,2,14,13.3846153846154,15,0,0,13
20,12,2014,10,394186,8,1,18,18.5454545454545,23,0,0,11
20,12,2014,11,394187,3,3,22,21.9166666666667,23,0,0,12
20,12,2014,12,394188,7,9,22,21.9090909090909,22,0,0.0909090909090909,22
20,12,2014,13,394189,4,4,22,21.9230769230769,23,0,0,13
20,12,2014,14,394190,2,4,20,20.4285714285714,20,0,0,14
20,12,2014,15,394191,3,5,18,18.2857142857143,19,0,0,14
20,12,2014,16,394192,4,0,22,21.375,23,0,0,8
20,12,2014,17,394193,1,1,23,22.7,23,0,0,10
20,12,2014,18,394194,5,8,21,20.6470588235294,20,0,0,17
20,12,2014,19,394195,6,9,18,18.15,17,0,0,20
20,12,2014,20,394196,2,9,13,13.8,10,0,0,15
20,12,2014,21,394197,2,7,7,7.1875,5,0,0,16
20,12,2014,22,394198,0,0,6,6,6,0,0,6
20,12,2014,23,394199,0,2,6,5.5,4,0,0,8
21,12,2014,0,394200,3,3,4,4.9,4,0,0,10
21,12,2014,1,394201,2,0,5,4.85714285714286,6,0,0,7
21,12,2014,2,394202,0,2,6,5.42857142857143,4,0,0,7
21,12,2014,3,394203,0,2,3,2.88888888888889,2,0,0,9
21,12,2014,4,394204,0,1,1,0.888888888888889,0,0.111111111111111,0,9
21,12,2014,5,394205,1,0,1,0.833333333333333,1,0.166666666666667,0,6
21,12,2014,6,394206,1,0,1,1.28571428571429,2,0,0,7
21,12,2014,7,394207,1,0,2,2.16666666666667,3,0,0,6
21,12,2014,8,394208,3,1,4,4.125,5,0,0,8
21,12,2014,9,394209,2,1,6,6,6,0,0,7
21,12,2014,10,394210,5,0,7,7.9,11,0,0,10
21,12,2014,11,394211,2,7,11,10.1666666666667,8,0,0,12
21,12,2014,12,394212,5,5,10,10.0588235294118,10,0,0,17
21,12,2014,13,394213,6,6,11,10.625,10,0,0,16
21,12,2014,14,394214,2,3,10,9.45454545454546,9,0,0,11
21,12,2014,15,394215,5,7,5.5,6,7,0,0,18
21,12,2014,16,394216,0,1,6,6.28571428571429,6,0,0,7
21,12,2014,17,394217,10,4,9,8.64705882352941,12,0,0,17
21,12,2014,18,394218,6,3,14,13.6153846153846,15,0,0,13
21,12,2014,19,394219,2,5,13,12.8333333333333,11,0,0,12
21,12,2014,20,394220,3,2,10,10.3,11,0,0,10
21,12,2014,21,394221,1,4,9,9.54545454545454,8,0,0,11
21,12,2014,22,394222,0,1,8,7.66666666666667,7,0,0,6
21,12,2014,23,394223,0,2,6,5.875,5,0,0,8
22,12,2014,0,394224,0,2,4,3.875,3,0,0,8
22,12,2014,1,394225,0,0,3,3,3,0,0,6
22,12,2014,2,394226,0,0,3,3,3,0,0,6
22,12,2014,3,394227,0,0,3,3,3,0,0,6
22,12,2014,4,394228,0,0,3,3,3,0,0,7
22,12,2014,5,394229,1,0,4,3.66666666666667,4,0,0,6
22,12,2014,6,394230,1,0,4,4.33333333333333,5,0,0,6
22,12,2014,7,394231,9,0,8,8.76923076923077,14,0,0,13
22,12,2014,8,394232,6,2,16,17.0769230769231,19,0,0,13
22,12,2014,9,394233,5,3,19,18.625,20,0,0,16
22,12,2014,10,394234,5,3,23,22.6111111111111,23,0,0,18
22,12,2014,11,394235,4,4,22,21.9333333333333,23,0,0,15
22,12,2014,12,394236,3,9,19,18.6470588235294,17,0,0,17
22,12,2014,13,394237,0,14,7.5,8.04545454545454,2,0,0,22
22,12,2014,14,394238,10,3,8,6.66666666666667,9,0,0,21
22,12,2014,15,394239,14,7,9,10.44,16,0,0,25
22,12,2014,16,394240,4,4,17,16.9230769230769,17,0,0,13
22,12,2014,17,394241,4,5,16,16.5833333333333,16,0,0,12
22,12,2014,18,394242,2,6,16,15.6842105263158,13,0,0,19
22,12,2014,19,394243,2,8,13,12.5,8,0,0,16
22,12,2014,20,394244,4,3,9,9.25,9,0,0,12
22,12,2014,21,394245,0,4,7,6.83333333333333,5,0,0,12
22,12,2014,22,394246,1,3,4,4.3,3,0,0,10
22,12,2014,23,394247,1,3,2,2,1,0.125,0,8
23,12,2014,0,394248,1,1,0,0.428571428571429,1,0.571428571428571,0,7
23,12,2014,1,394249,0,0,1,1,1,0,0,6
23,12,2014,2,394250,0,0,0,0,0,1,0,6
23,12,2014,3,394251,0,0,0,0,0,1,0,6
23,12,2014,4,394252,0,0,0,0,0,1,0,7
23,12,2014,5,394253,2,0,1.5,1.25,2,0.25,0,8
23,12,2014,6,394254,3,0,3,3.44444444444444,5,0,0,9
23,12,2014,7,394255,3,1,7,6.54545454545455,7,0,0,11
23,12,2014,8,394256,18,4,13,14.4782608695652,22,0,0,23
23,12,2014,9,394257,3,2,24,23.5833333333333,24,0,0.583333333333333,12
23,12,2014,10,394258,4,4,23,23.0833333333333,24,0,0.333333333333333,12
23,12,2014,11,394259,2,9,20,20.047619047619,17,0,0.0476190476190476,21
23,12,2014,12,394260,8,5,20.5,20.1666666666667,21,0,0,18
23,12,2014,13,394261,7,13,16,15.3703703703704,14,0,0,27
23,12,2014,14,394262,2,4,13,13,12,0,0,13
23,12,2014,15,394263,9,2,16,16.1875,19,0,0,16
23,12,2014,16,394264,2,4,19,19.3076923076923,19,0,0,13
23,12,2014,17,394265,4,7,18,17.6,16,0,0,20
23,12,2014,18,394266,8,6,19,18.7,18,0,0,20
23,12,2014,19,394267,7,12,15,14.5,12,0,0,26
23,12,2014,20,394268,1,1,13,13.2222222222222,13,0,0,9
23,12,2014,21,394269,1,8,9,9.05555555555556,6,0,0,18
23,12,2014,22,394270,2,0,8,7.42857142857143,8,0,0,7
23,12,2014,23,394271,0,1,6,6.14285714285714,6,0,0,7
24,12,2014,0,394272,0,4,5,5.33333333333333,3,0,0,9
24,12,2014,1,394273,0,0,3,3,3,0,0,6
24,12,2014,2,394274,0,0,3,3,3,0,0,6
24,12,2014,3,394275,0,0,3,3,3,0,0,6
24,12,2014,4,394276,0,0,3,3,3,0,0,7
24,12,2014,5,394277,0,1,3,2.8,2,0,0,5
24,12,2014,6,394278,1,0,2,2.14285714285714,3,0,0,7
24,12,2014,7,394279,0,0,3,3,3,0,0,6
24,12,2014,8,394280,8,1,8.5,7.6875,11,0,0,16
24,12,2014,9,394281,1,3,11,10.9,10,0,0,10
24,12,2014,10,394282,5,4,12,12.2666666666667,12,0,0,15
24,12,2014,11,394283,5,3,14,13.3846153846154,14,0,0,13
24,12,2014,12,394284,2,13,7,7.70833333333333,2,0,0,24
24,12,2014,13,394285,7,4,3,3.33333333333333,6,0.2,0,15
24,12,2014,14,394286,2,2,7,6.875,6,0,0,8
24,12,2014,15,394287,1,1,5,5.44444444444444,6,0,0,9
24,12,2014,16,394288,0,4,4,3.91666666666667,2,0,0,12
24,12,2014,17,394289,3,4,1,0.833333333333333,1,0.333333333333333,0,12
24,12,2014,18,394290,0,0,0,0,0,1,0,6
24,12,2014,19,394291,1,1,0,0.375,0,0.625,0,8
24,12,2014,20,394292,4,0,3,3.125,5,0,0,8
24,12,2014,21,394293,0,0,5,5,5,0,0,6
24,12,2014,22,394294,0,0,5,5,5,0,0,6
24,12,2014,23,394295,1,0,6,5.57142857142857,6,0,0,7
25,12,2014,0,394296,1,3,4,4.27272727272727,4,0,0,11
25,12,2014,1,394297,0,0,4,4,4,0,0,6
25,12,2014,2,394298,0,0,4,4,4,0,0,6
25,12,2014,3,394299,1,0,5,4.85714285714286,5,0,0,7
25,12,2014,4,394300,0,0,5,5,5,0,0,7
25,12,2014,5,394301,0,0,5,5,5,0,0,6
25,12,2014,6,394302,0,0,5,5,5,0,0,6
25,12,2014,7,394303,1,0,5,5.33333333333333,6,0,0,6
25,12,2014,8,394304,1,0,6.5,6.5,7,0,0,6
25,12,2014,9,394305,0,0,7,7,7,0,0,6
25,12,2014,10,394306,0,2,7,6.42857142857143,5,0,0,7
25,12,2014,11,394307,1,1,6,5.66666666666667,5,0,0,9
25,12,2014,12,394308,1,1,5,4.75,5,0,0,8
25,12,2014,13,394309,1,1,5,4.83333333333333,5,0,0,6
25,12,2014,14,394310,0,1,5,4.57142857142857,4,0,0,7
25,12,2014,15,394311,0,0,4,4,4,0,0,6
25,12,2014,16,394312,1,2,4,3.8,3,0,0,10
25,12,2014,17,394313,4,1,3,3.3,6,0,0,10
25,12,2014,18,394314,1,2,7,6.54545454545455,6,0,0,11
25,12,2014,19,394315,0,0,6,6,6,0,0,6
25,12,2014,20,394316,2,5,4,4.58333333333333,3,0,0,12
25,12,2014,21,394317,1,2,2,2.4,2,0,0,10
25,12,2014,22,394318,0,1,1,1.42857142857143,1,0,0,7
25,12,2014,23,394319,3,0,4,3.14285714285714,4,0,0,7
26,12,2014,0,394320,0,0,4,4,4,0,0,6
26,12,2014,1,394321,0,1,4,3.75,3,0,0,8
26,12,2014,2,394322,0,0,3,3,3,0,0,6
26,12,2014,3,394323,0,0,3,3,3,0,0,6
26,12,2014,4,394324,0,0,3,3,3,0,0,7
26,12,2014,5,394325,0,0,3,3,3,0,0,6
26,12,2014,6,394326,3,0,3.5,4,6,0,0,8
26,12,2014,7,394327,2,1,7,7,7,0,0,9
26,12,2014,8,394328,6,2,8,8.33333333333333,11,0,0,12
26,12,2014,9,394329,0,3,9,9.33333333333333,8,0,0,9
26,12,2014,10,394330,2,2,8,8,8,0,0,9
26,12,2014,11,394331,4,7,6,6,5,0,0,18
26,12,2014,12,394332,8,5,9,9.25,10,0,0,20
26,12,2014,13,394333,1,5,7,6.92307692307692,5,0,0,13
26,12,2014,14,394334,4,3,5,4.33333333333333,6,0,0,9
26,12,2014,15,394335,11,2,11,10.2777777777778,15,0,0,18
26,12,2014,16,394336,9,4,16,16.5833333333333,21,0,0,12
26,12,2014,17,394337,4,7,23,22.3529411764706,19,0,0.117647058823529,17
26,12,2014,18,394338,4,8,16,17.0454545454545,15,0,0,22
26,12,2014,19,394339,2,10,11,11.2,7,0,0,15
26,12,2014,20,394340,3,2,6,6.23076923076923,7,0,0,13
26,12,2014,21,394341,1,2,6.5,6.5,6,0,0,12
26,12,2014,22,394342,0,3,5,4.44444444444444,3,0,0,9
26,12,2014,23,394343,2,1,3,3.25,4,0,0,8
27,12,2014,0,394344,0,1,3,3.14285714285714,3,0,0,7
27,12,2014,1,394345,1,2,2,2.375,2,0,0,8
27,12,2014,2,394346,0,0,2,2,2,0,0,6
27,12,2014,3,394347,2,0,3,3,4,0,0,8
27,12,2014,4,394348,0,0,4,4,4,0,0,8
27,12,2014,5,394349,0,0,4,4,4,0,0,6
27,12,2014,6,394350,0,0,4,4,4,0,0,6
27,12,2014,7,394351,0,0,4,4,4,0,0,6
27,12,2014,8,394352,5,0,7.5,7.375,10,0,0,8
27,12,2014,9,394353,4,1,10,10.125,13,0,0,8
27,12,2014,10,394354,4,3,14,13.2,14,0,0,10
27,12,2014,11,394355,3,5,12,12.0588235294118,12,0,0,17
27,12,2014,12,394356,3,1,14,13.4444444444444,14,0,0,9
27,12,2014,13,394357,3,3,14,14,14,0,0,10
27,12,2014,14,394358,3,2,14,13.7777777777778,15,0,0,9
27,12,2014,15,394359,6,2,16.5,16.7,19,0,0,10
27,12,2014,16,394360,5,0,21,21.3,24,0,0.2,10
27,12,2014,17,394361,2,2,24,23.8181818181818,24,0,0.818181818181818,11
27,12,2014,18,394362,1,6,19.5,20.5,19,0,0.0714285714285714,14
27,12,2014,19,394363,4,4,21,20.9166666666667,20,0,0,12
27,12,2014,20,394364,1,5,20.5,19.9285714285714,17,0,0,14
27,12,2014,21,394365,4,3,16,16.4545454545455,19,0,0,11
27,12,2014,22,394366,1,6,16,16.4,14,0,0,10
27,12,2014,23,394367,0,0,14,14,14,0,0,6
28,12,2014,0,394368,0,2,13.5,13.25,12,0,0,8
28,12,2014,1,394369,0,0,12,12,12,0,0,6
28,12,2014,2,394370,0,1,11,11.2857142857143,11,0,0,7
28,12,2014,3,394371,2,0,13,12.5714285714286,13,0,0,7
28,12,2014,4,394372,0,0,13,13,13,0,0,8
28,12,2014,5,394373,1,1,13,12.75,13,0,0,8
28,12,2014,6,394374,0,0,13,13,13,0,0,6
28,12,2014,7,394375,1,0,13,13.3333333333333,14,0,0,6
28,12,2014,8,394376,2,1,14,14,15,0,0,7
28,12,2014,9,394377,1,0,16,15.8571428571429,16,0,0,7
28,12,2014,10,394378,6,2,15.5,15.9285714285714,20,0,0,14
28,12,2014,11,394379,3,3,21,21.0769230769231,21,0,0,13
28,12,2014,12,394380,3,4,20,20.3,21,0,0,10
28,12,2014,13,394381,0,6,17,17.7777777777778,15,0,0,9
28,12,2014,14,394382,2,2,15,14.8,15,0,0,10
28,12,2014,15,394383,2,3,14,14.2222222222222,14,0,0,9
28,12,2014,16,394384,2,1,14,14.2857142857143,15,0,0,7
28,12,2014,17,394385,4,0,17,17.1428571428571,19,0,0,7
28,12,2014,18,394386,0,6,15,15.3,13,0,0,10
28,12,2014,19,394387,1,1,13.5,13.5,13,0,0,6
28,12,2014,20,394388,0,6,9,9.25,7,0,0,12
28,12,2014,21,394389,2,3,5,5.1,5,0,0,10
28,12,2014,22,394390,2,4,4,3.72727272727273,3,0,0,11
28,12,2014,23,394391,0,0,3,3,3,0,0,6
29,12,2014,0,394392,0,0,3,3,3,0,0,6
29,12,2014,1,394393,0,0,3,3,3,0,0,6
29,12,2014,2,394394,0,0,3,3,3,0,0,6
29,12,2014,3,394395,0,0,3,3,3,0,0,6
29,12,2014,4,394396,0,0,3,3,3,0,0,7
29,12,2014,5,394397,0,0,3,3,3,0,0,6
29,12,2014,6,394398,2,0,3,3.42857142857143,5,0,0,7
29,12,2014,7,394399,8,1,5,4.66666666666667,7,0.166666666666667,0,12
29,12,2014,8,394400,6,1,9,9.45454545454546,13,0,0,11
29,12,2014,9,394401,8,1,18,18,21,0,0,13
29,12,2014,10,394402,4,3,23,22.5,22,0,0,12
29,12,2014,11,394403,3,3,22,22.125,22,0,0,16
29,12,2014,12,394404,2,5,20,20.6666666666667,20,0,0,12
29,12,2014,13,394405,3,7,16,16.2222222222222,15,0,0,18
29,12,2014,14,394406,5,4,14,14.25,16,0,0,12
29,12,2014,15,394407,8,4,17,17.1052631578947,19,0,0,19
29,12,2014,16,394408,3,3,19,19.4,19,0,0,15
29,12,2014,17,394409,0,5,16,16.3333333333333,14,0,0,12
29,12,2014,18,394410,2,5,13,13.3846153846154,12,0,0,13
29,12,2014,19,394411,4,6,11,11.4,10,0,0,15
29,12,2014,20,394412,1,3,9,9,8,0,0,10
29,12,2014,21,394413,1,2,7,7,7,0,0,8
29,12,2014,22,394414,0,0,7,7,7,0,0,6
29,12,2014,23,394415,0,0,7,7,7,0,0,6
30,12,2014,0,394416,0,2,7,6.83333333333333,6,0,0,6
30,12,2014,1,394417,2,0,7,7.14285714285714,8,0,0,7
30,12,2014,2,394418,0,0,8,8,8,0,0,6
30,12,2014,3,394419,0,0,8,8,8,0,0,6
30,12,2014,4,394420,0,0,8,8,8,0,0,7
30,12,2014,5,394421,0,0,8,8,8,0,0,7
30,12,2014,6,394422,1,0,8,8.16666666666667,9,0,0,6
30,12,2014,7,394423,6,1,13,12.1818181818182,14,0,0,11
30,12,2014,8,394424,8,0,18,18.8181818181818,23,0,0,11
30,12,2014,9,394425,2,1,23,23,24,0,0.1,10
30,12,2014,10,394426,3,3,24,23.5833333333333,23,0,0.583333333333333,12
30,12,2014,11,394427,1,4,24,23.3333333333333,21,0,0.583333333333333,12
30,12,2014,12,394428,1,4,23,22.5,20,0,0.166666666666667,12
30,12,2014,13,394429,2,8,15,16.3125,14,0,0,16
30,12,2014,14,394430,5,4,15,14.625,16,0,0,16
30,12,2014,15,394431,7,1,20.5,20.2,23,0,0,10
30,12,2014,16,394432,2,4,22,21.6153846153846,21,0,0,13
30,12,2014,17,394433,1,1,21,20.75,21,0,0,8
30,12,2014,18,394434,4,4,21.5,22,21,0,0.142857142857143,14
30,12,2014,19,394435,2,5,18.5,18.7857142857143,18,0,0,14
30,12,2014,20,394436,1,6,12,13.3333333333333,12,0,0,15
30,12,2014,21,394437,0,4,9,9.5,8,0,0,10
30,12,2014,22,394438,0,0,8,8,8,0,0,8
30,12,2014,23,394439,0,2,6,6.66666666666667,6,0,0,9
31,12,2014,0,394440,0,2,4.5,4.875,4,0,0,8
31,12,2014,1,394441,0,0,4,4,4,0,0,6
31,12,2014,2,394442,0,0,4,4,4,0,0,6
31,12,2014,3,394443,0,0,4,4,4,0,0,6
31,12,2014,4,394444,0,0,4,4,4,0,0,7
31,12,2014,5,394445,1,0,5,4.83333333333333,5,0,0,6
31,12,2014,6,394446,2,1,5,5.25,6,0,0,8
31,12,2014,7,394447,6,0,9,9.27272727272727,12,0,0,11
31,12,2014,8,394448,5,0,14,13.8181818181818,16,0,0,11
31,12,2014,9,394449,7,1,20.5,20.4166666666667,23,0,0.166666666666667,12
31,12,2014,10,394450,4,3,21,20.6153846153846,22,0,0,13
31,12,2014,11,394451,4,2,22,22.5,24,0,0.2,10
31,12,2014,12,394452,1,1,24,23.8333333333333,24,0,0.833333333333333,6
31,12,2014,13,394453,7,9,22.5,22.2,22,0,0.2,20
31,12,2014,14,394454,3,4,20.5,20.5,21,0,0,12
31,12,2014,15,394455,4,8,18,18.3333333333333,18,0,0,18
31,12,2014,16,394456,6,5,18.5,18.4285714285714,20,0,0,14
31,12,2014,17,394457,1,2,19,19,19,0,0,11
31,12,2014,18,394458,2,7,16,16.2,14,0,0,15
31,12,2014,19,394459,0,2,13,12.8571428571429,12,0,0,7
31,12,2014,20,394460,0,1,12.5,12.5,12,0,0,8
31,12,2014,21,394461,0,0,12,12,12,0,0,6
31,12,2014,22,394462,0,0,12,12,12,0,0,6
31,12,2014,23,394463,0,0,12,12,12,0,0,6
1,1,2015,0,394464,1,0,13,12.7142857142857,13,0,0,7
1,1,2015,1,394465,0,1,12,12.25,12,0,0,8
1,1,2015,2,394466,1,0,12,12.1666666666667,13,0,0,6
1,1,2015,3,394467,0,0,13,13,13,0,0,6
1,1,2015,4,394468,0,0,13,13,13,0,0,7
1,1,2015,5,394469,0,0,13,13,13,0,0,6
1,1,2015,6,394470,0,0,13,13,13,0,0,6
1,1,2015,7,394471,0,0,13,13,13,0,0,6
1,1,2015,8,394472,0,1,13,12.5555555555556,12,0,0,9
1,1,2015,9,394473,0,0,12,12,12,0,0,7
1,1,2015,10,394474,2,1,12,11.75,13,0,0,8
1,1,2015,11,394475,2,2,13.5,13.5,13,0,0,10
1,1,2015,12,394476,1,1,13,13.125,13,0,0,8
1,1,2015,13,394477,0,0,13,13,13,0,0,6
1,1,2015,14,394478,1,1,12.5,12.5,13,0,0,8
1,1,2015,15,394479,0,0,13,13,13,0,0,6
1,1,2015,16,394480,0,0,12,12,12,0,0,6
1,1,2015,17,394481,2,2,12,12.2222222222222,12,0,0,9
1,1,2015,18,394482,0,0,12,12,12,0,0,6
1,1,2015,19,394483,1,1,12,12.2857142857143,12,0,0,7
1,1,2015,20,394484,0,2,10,10.375,10,0,0,8
1,1,2015,21,394485,0,2,9,8.71428571428571,7,0,0,7
1,1,2015,22,394486,0,4,4,4.44444444444444,3,0,0,9
1,1,2015,23,394487,0,0,4,4,4,0,0,7
2,1,2015,0,394488,1,0,4,3.71428571428571,4,0,0,7
2,1,2015,1,394489,0,1,3,3.28571428571429,3,0,0,7
2,1,2015,2,394490,0,0,3,3,3,0,0,6
2,1,2015,3,394491,0,0,3,3,3,0,0,6
2,1,2015,4,394492,0,0,3,3,3,0,0,7
2,1,2015,5,394493,1,0,4,3.83333333333333,4,0,0,6
2,1,2015,6,394494,3,0,4,4.75,7,0,0,8
2,1,2015,7,394495,3,0,8,8.14285714285714,10,0,0,7
2,1,2015,8,394496,4,0,11.5,12,14,0,0,8
2,1,2015,9,394497,3,2,15,15.4166666666667,16,0,0,12
2,1,2015,10,394498,7,4,18,17.5714285714286,19,0,0,14
2,1,2015,11,394499,2,4,18,17.9285714285714,17,0,0,14
2,1,2015,12,394500,5,7,18,17.4736842105263,16,0,0,19
2,1,2015,13,394501,1,4,15,15.1666666666667,14,0,0,12
2,1,2015,14,394502,6,2,16.5,16.6666666666667,19,0,0,12
2,1,2015,15,394503,5,6,20,20.3125,19,0,0,16
2,1,2015,16,394504,8,5,21,20.7894736842105,22,0,0,19
2,1,2015,17,394505,5,5,22,21.5333333333333,23,0,0.0666666666666667,15
2,1,2015,18,394506,4,3,23,22.6666666666667,24,0,0.0833333333333333,12
2,1,2015,19,394507,4,12,21.5,20.5454545454545,15,0,0.0909090909090909,22
2,1,2015,20,394508,4,3,15,14,16,0,0,13
2,1,2015,21,394509,4,4,15,15.0909090909091,16,0,0,11
2,1,2015,22,394510,2,0,18,17.4285714285714,18,0,0,7
2,1,2015,23,394511,2,4,18.5,18.1,17,0,0,10
3,1,2015,0,394512,2,5,14,14.1818181818182,14,0,0,11
3,1,2015,1,394513,0,1,13,13.4285714285714,13,0,0,7
3,1,2015,2,394514,0,3,13,11.8888888888889,10,0,0,9
3,1,2015,3,394515,0,0,10,10,10,0,0,6
3,1,2015,4,394516,0,0,10,10,10,0,0,8
3,1,2015,5,394517,1,0,11,10.6666666666667,11,0,0,6
3,1,2015,6,394518,0,0,11,11,11,0,0,6
3,1,2015,7,394519,1,0,11,11.4285714285714,12,0,0,7
3,1,2015,8,394520,6,1,15,14.7272727272727,17,0,0,11
3,1,2015,9,394521,4,2,17,17.5,20,0,0,8
3,1,2015,10,394522,2,2,20,19.9,20,0,0,10
3,1,2015,11,394523,4,7,18,18.2,17,0,0,15
3,1,2015,12,394524,5,3,20,19.6428571428571,20,0,0,14
3,1,2015,13,394525,2,1,20,20.375,21,0,0,8
3,1,2015,14,394526,3,8,17,17.4666666666667,16,0,0,15
3,1,2015,15,394527,4,4,17,16.4615384615385,16,0,0,13
3,1,2015,16,394528,3,3,15,14.9,16,0,0,10
3,1,2015,17,394529,6,4,17,17,18,0,0,13
3,1,2015,18,394530,7,5,20,20.5,20,0,0,20
3,1,2015,19,394531,2,6,18.5,18.3,15,0,0,10
3,1,2015,20,394532,1,1,15,14.7777777777778,15,0,0,9
3,1,2015,21,394533,0,4,12,12.5384615384615,11,0,0,13
3,1,2015,22,394534,0,0,11,11,11,0,0,6
3,1,2015,23,394535,2,5,11.5,11.3333333333333,9,0,0,12
4,1,2015,0,394536,0,0,9,9,9,0,0,6
4,1,2015,1,394537,1,2,8,8.3,8,0,0,10
4,1,2015,2,394538,0,0,8,8,8,0,0,5
4,1,2015,3,394539,0,0,8,8,8,0,0,6
4,1,2015,4,394540,0,0,8,8,8,0,0,8
4,1,2015,5,394541,2,0,9,9.14285714285714,10,0,0,7
4,1,2015,6,394542,1,0,11,10.6666666666667,11,0,0,6
4,1,2015,7,394543,0,0,11,11,11,0,0,6
4,1,2015,8,394544,1,0,11,11.3333333333333,12,0,0,6
4,1,2015,9,394545,3,0,13,13.3333333333333,15,0,0,9
4,1,2015,10,394546,7,0,18,17.7777777777778,21,0,0,9
4,1,2015,11,394547,4,2,23,22.6666666666667,24,0,0.0833333333333333,12
4,1,2015,12,394548,1,1,24,23.875,24,0,0.875,8
4,1,2015,13,394549,1,1,24,23.8888888888889,24,0,0.888888888888889,9
4,1,2015,14,394550,1,4,23,22.9090909090909,21,0,0.272727272727273,11
4,1,2015,15,394551,5,5,20,20.1333333333333,22,0,0,15
4,1,2015,16,394552,2,3,21,20.8,21,0,0,10
4,1,2015,17,394553,6,4,21,21.3333333333333,23,0,0,12
4,1,2015,18,394554,1,0,24,23.8333333333333,24,0,0.833333333333333,6
4,1,2015,19,394555,1,6,21.5,21.5833333333333,19,0,0.166666666666667,12
4,1,2015,20,394556,4,4,19,19.2307692307692,19,0,0,13
4,1,2015,21,394557,0,5,15,15.5454545454545,14,0,0,11
4,1,2015,22,394558,1,1,13.5,13.5,14,0,0,8
4,1,2015,23,394559,0,1,13,13.2857142857143,13,0,0,7
5,1,2015,0,394560,1,1,13,13.1428571428571,13,0,0,7
5,1,2015,1,394561,0,0,13,13,13,0,0,6
5,1,2015,2,394562,0,0,13,13,13,0,0,6
5,1,2015,3,394563,0,0,13,13,13,0,0,6
5,1,2015,4,394564,0,0,13,13,13,0,0,8
5,1,2015,5,394565,0,0,13,13,13,0,0,6
5,1,2015,6,394566,3,0,13,13.75,16,0,0,8
5,1,2015,7,394567,4,0,18,18,20,0,0,7
5,1,2015,8,394568,3,0,23,22.7142857142857,24,0,0.428571428571429,7
5,1,2015,9,394569,2,2,24,23.8181818181818,24,0,0.818181818181818,11
5,1,2015,10,394570,2,5,24,23.3684210526316,21,0,0.578947368421053,19
5,1,2015,11,394571,2,2,24,23.8181818181818,24,0,0.818181818181818,11
5,1,2015,12,394572,14,13,21,21.258064516129,24,0,0.0645161290322581,31
5,1,2015,13,394573,6,6,23,22.8333333333333,24,0,0.277777777777778,18
5,1,2015,14,394574,2,6,22,21.8461538461538,20,0,0.0769230769230769,13
5,1,2015,15,394575,4,4,23,22.6923076923077,21,0,0.230769230769231,13
5,1,2015,16,394576,5,7,20,19.7777777777778,20,0,0,18
5,1,2015,17,394577,0,0,20,20,20,0,0,1
5,1,2015,19,394579,4,4,23,22.5625,20,0,0.4375,16
5,1,2015,20,394580,0,7,17,16.6,13,0,0,15
5,1,2015,21,394581,1,0,14,13.6666666666667,14,0,0,6
5,1,2015,22,394582,2,2,14,13.5,14,0,0,10
5,1,2015,23,394583,1,10,7.5,8.5,5,0,0,16
6,1,2015,0,394584,0,4,3,2.66666666666667,1,0,0,9
6,1,2015,1,394585,0,0,1,1,1,0,0,6
6,1,2015,2,394586,0,1,1,0.714285714285714,0,0.285714285714286,0,7
6,1,2015,3,394587,0,0,0,0,0,1,0,6
6,1,2015,4,394588,0,0,0,0,0,1,0,8
6,1,2015,5,394589,0,0,0,0,0,1,0,6
6,1,2015,6,394590,0,0,0,0,0,1,0,6
6,1,2015,7,394591,1,0,0,0.285714285714286,1,0.714285714285714,0,7
6,1,2015,8,394592,1,0,1,1.28571428571429,2,0,0,7
6,1,2015,9,394593,1,2,2,2.125,1,0,0,8
6,1,2015,10,394594,7,0,1.5,2.5,7,0.3,0,10
6,1,2015,11,394595,5,2,6,6.72727272727273,10,0,0,11
6,1,2015,12,394596,1,3,8,8.2,8,0,0,10
6,1,2015,13,394597,1,0,8,8.14285714285714,9,0,0,7
6,1,2015,14,394598,3,2,9,9.36363636363636,11,0,0,11
6,1,2015,15,394599,2,1,13,13.25,14,0,0,8
6,1,2015,16,394600,5,2,17,16.4,17,0,0,10
6,1,2015,17,394601,0,2,17,16.5,15,0,0,8
6,1,2015,18,394602,2,2,15,14.6666666666667,15,0,0,9
6,1,2015,19,394603,2,1,16,15.6666666666667,16,0,0,9
6,1,2015,20,394604,1,1,16,15.6,16,0,0,10
6,1,2015,21,394605,0,1,16,15.8571428571429,15,0,0,7
6,1,2015,22,394606,0,2,14,14.2222222222222,13,0,0,9
6,1,2015,23,394607,1,4,12,12.0909090909091,10,0,0,11
7,1,2015,0,394608,0,0,10,10,10,0,0,6
7,1,2015,1,394609,0,0,10,10,10,0,0,6
7,1,2015,2,394610,0,0,10,10,10,0,0,5
7,1,2015,3,394611,0,0,10,10,10,0,0,6
7,1,2015,4,394612,0,0,10,10,10,0,0,9
7,1,2015,5,394613,1,0,10,10.1666666666667,11,0,0,6
7,1,2015,6,394614,5,2,11,11,14,0,0,13
7,1,2015,7,394615,10,1,17,18,23,0,0,11
7,1,2015,8,394616,0,0,23,23,23,0,0,8
7,1,2015,9,394617,2,3,23,22.4545454545455,22,0,0,11
7,1,2015,10,394618,2,3,22,21.9090909090909,22,0,0,11
7,1,2015,11,394619,1,0,23,22.8571428571429,23,0,0,7
7,1,2015,12,394620,3,3,23,22.5294117647059,22,0,0,17
7,1,2015,13,394621,1,14,13,14.1481481481481,8,0,0,27
7,1,2015,14,394622,8,12,3,3.67741935483871,4,0,0,31
7,1,2015,15,394623,13,2,11,10.3125,16,0,0,16
7,1,2015,16,394624,6,6,16,16.7058823529412,16,0,0,17
7,1,2015,17,394625,3,6,15,15.0625,14,0,0,16
7,1,2015,18,394626,4,8,16,15.4117647058824,12,0,0,17
7,1,2015,19,394627,2,13,6,5.92,1,0,0,25
7,1,2015,20,394628,1,2,0,0.285714285714286,0,0.714285714285714,0,7
7,1,2015,21,394629,0,0,0,0,0,1,0,6
7,1,2015,22,394630,0,0,0,0,0,1,0,9
7,1,2015,23,394631,1,1,0,0.1,0,0.9,0,10
8,1,2015,0,394632,0,0,0,0,0,1,0,6
8,1,2015,1,394633,0,0,0,0,0,1,0,6
8,1,2015,2,394634,0,0,0,0,0,1,0,6
8,1,2015,3,394635,0,0,0,0,0,1,0,5
8,1,2015,4,394636,0,0,0,0,0,1,0,9
8,1,2015,5,394637,0,0,1,1,1,0,0,6
8,1,2015,6,394638,3,0,2,2,4,0,0,7
8,1,2015,7,394639,5,2,5,5.54545454545455,7,0,0,11
8,1,2015,8,394640,6,2,9,9.23076923076923,12,0,0,13
8,1,2015,9,394641,5,1,14.5,14.6666666666667,17,0,0,12
8,1,2015,10,394642,2,4,17,16.7333333333333,16,0,0,15
8,1,2015,11,394643,7,5,19,19.0588235294118,19,0,0,17
8,1,2015,12,394644,7,13,18,17.4,14,0,0,25
8,1,2015,13,394645,4,10,8,8.90909090909091,7,0,0,22
8,1,2015,14,394646,2,8,3,3.29411764705882,1,0.0588235294117647,0,17
8,1,2015,15,394647,6,2,4,4.25,6,0,0,12
8,1,2015,16,394648,11,5,12,11,13,0,0,16
8,1,2015,17,394649,8,4,16,15.2352941176471,17,0,0,17
8,1,2015,18,394650,7,7,19,19.2105263157895,18,0,0,19
8,1,2015,19,394651,4,12,15.5,15.3,11,0,0,20
8,1,2015,20,394652,1,12,4,4.55,0,0.1,0,20
8,1,2015,21,394653,0,0,0,0,0,1,0,6
8,1,2015,22,394654,2,1,1,1.22222222222222,1,0.222222222222222,0,9
8,1,2015,23,394655,0,1,1,0.666666666666667,0,0.333333333333333,0,6
9,1,2015,0,394656,0,0,0,0,0,1,0,7
9,1,2015,1,394657,0,0,0,0,0,1,0,6
9,1,2015,2,394658,0,0,0,0,0,1,0,6
9,1,2015,3,394659,0,0,0,0,0,1,0,6
9,1,2015,4,394660,0,0,0,0,0,1,0,8
9,1,2015,5,394661,1,0,1,0.571428571428571,1,0.428571428571429,0,7
9,1,2015,6,394662,3,1,1,1.25,3,0.25,0,12
9,1,2015,7,394663,5,0,4,4.81818181818182,8,0,0,11
9,1,2015,8,394664,7,1,12,11,14,0,0,11
9,1,2015,9,394665,2,3,14,14.0909090909091,14,0,0,11
9,1,2015,10,394666,6,5,14,13.8823529411765,15,0,0,17
9,1,2015,11,394667,10,4,20,19.8823529411765,22,0,0,17
9,1,2015,12,394668,2,5,20,20.2307692307692,19,0,0,13
9,1,2015,13,394669,4,8,16,16.1578947368421,15,0,0,19
9,1,2015,14,394670,6,6,12.5,12.7222222222222,15,0,0,18
9,1,2015,15,394671,5,3,17,17.3076923076923,18,0,0,13
9,1,2015,16,394672,3,4,18,17.9285714285714,17,0,0,14
9,1,2015,17,394673,4,11,16,15.6666666666667,12,0,0,21
9,1,2015,18,394674,3,5,12,11.8333333333333,10,0,0,12
9,1,2015,19,394675,7,7,10,9.94736842105263,11,0,0,19
9,1,2015,20,394676,9,9,9,9.59090909090909,11,0,0,22
9,1,2015,21,394677,1,5,6,6.5,6,0,0,12
9,1,2015,22,394678,2,2,6,5.88888888888889,5,0,0,9
9,1,2015,23,394679,0,2,2,2.375,2,0,0,8
10,1,2015,0,394680,1,2,1.5,1.75,1,0,0,8
10,1,2015,1,394681,1,0,1,1.28571428571429,2,0,0,7
10,1,2015,2,394682,0,0,2,2,2,0,0,6
10,1,2015,3,394683,1,0,2.5,2.5,3,0,0,6
10,1,2015,4,394684,0,0,3,3,3,0,0,8
10,1,2015,5,394685,1,0,4,3.83333333333333,4,0,0,6
10,1,2015,6,394686,0,0,4,4,4,0,0,6
10,1,2015,7,394687,0,0,3,3,3,0,0,6
10,1,2015,8,394688,3,2,4,4.38461538461539,5,0,0,13
10,1,2015,9,394689,3,1,5,5.57142857142857,7,0,0,7
10,1,2015,10,394690,11,2,10.5,10.8888888888889,16,0,0,18
10,1,2015,11,394691,3,2,16,16,17,0,0,11
10,1,2015,12,394692,3,5,16,15.4090909090909,14,0,0,22
10,1,2015,13,394693,4,8,10,10.875,11,0,0,16
10,1,2015,14,394694,7,2,11,12.0833333333333,16,0,0,12
10,1,2015,15,394695,5,2,20,19.3333333333333,20,0,0,12
10,1,2015,16,394696,2,0,24,23.2857142857143,24,0,0.571428571428571,7
10,1,2015,17,394697,1,2,23,23.1111111111111,23,0,0.333333333333333,9
10,1,2015,18,394698,2,2,24,23.8,24,0,0.8,10
10,1,2015,19,394699,3,8,20,20.8888888888889,19,0,0.166666666666667,18
10,1,2015,20,394700,1,13,10.5,10.7727272727273,6,0,0,22
10,1,2015,21,394701,4,9,3,3.27777777777778,2,0,0,18
10,1,2015,22,394702,1,3,1.5,1.4,0,0.4,0,10
10,1,2015,23,394703,0,1,0,0.285714285714286,0,0.714285714285714,0,7
11,1,2015,0,394704,0,0,0,0,0,1,0,6
11,1,2015,1,394705,0,0,0,0,0,1,0,6
11,1,2015,2,394706,0,0,0,0,0,1,0,6
11,1,2015,3,394707,0,0,0,0,0,1,0,6
11,1,2015,4,394708,1,0,0,0.25,1,0.75,0,8
11,1,2015,5,394709,0,0,1,1,1,0,0,6
11,1,2015,6,394710,0,1,0,0.25,0,0.75,0,8
11,1,2015,7,394711,2,0,0,0.571428571428571,2,0.571428571428571,0,7
11,1,2015,8,394712,3,1,3,3.33333333333333,4,0,0,9
11,1,2015,9,394713,5,4,5,4.84210526315789,6,0,0,19
11,1,2015,10,394714,8,2,5.5,6.83333333333333,12,0,0,12
11,1,2015,11,394715,6,4,13,12.8181818181818,14,0,0,11
11,1,2015,12,394716,7,2,18,17.3076923076923,19,0,0,13
11,1,2015,13,394717,3,4,18,17.7272727272727,17,0,0,11
11,1,2015,14,394718,6,4,17,16.6153846153846,18,0,0,13
11,1,2015,15,394719,1,5,15,15.4,14,0,0,15
11,1,2015,16,394720,1,7,9,10.2307692307692,8,0,0,13
11,1,2015,17,394721,2,5,8,7.91666666666667,6,0,0,12
11,1,2015,18,394722,3,4,5,4.81818181818182,5,0,0,11
11,1,2015,19,394723,0,3,3,3.28571428571429,2,0,0,7
11,1,2015,20,394724,1,1,2,2.14285714285714,2,0,0,7
11,1,2015,21,394725,0,2,0,0.285714285714286,0,0.857142857142857,0,7
11,1,2015,22,394726,0,0,0,0,0,1,0,6
11,1,2015,23,394727,0,0,0,0,0,1,0,6
12,1,2015,0,394728,0,0,0,0,0,1,0,6
12,1,2015,1,394729,0,0,0,0,0,1,0,6
12,1,2015,2,394730,0,0,0,0,0,1,0,6
12,1,2015,3,394731,0,0,0,0,0,1,0,6
12,1,2015,4,394732,0,0,0,0,0,1,0,7
12,1,2015,5,394733,1,0,2,1.66666666666667,2,0,0,6
12,1,2015,6,394734,5,1,3,3.2,6,0,0,10
12,1,2015,7,394735,3,1,7,7,8,0,0,8
12,1,2015,8,394736,10,0,13.5,13.5714285714286,18,0,0,14
12,1,2015,9,394737,4,1,19,18.9,20,0,0,10
12,1,2015,10,394738,3,3,20,20.0909090909091,20,0,0,11
12,1,2015,11,394739,6,4,23,22.4736842105263,22,0,0.157894736842105,19
12,1,2015,12,394740,3,4,23,23.0833333333333,22,0,0.25,12
12,1,2015,13,394741,5,11,19,18.9583333333333,15,0,0,24
12,1,2015,14,394742,6,10,11,11.1428571428571,11,0,0,21
12,1,2015,15,394743,7,6,12,12.1052631578947,13,0,0,19
12,1,2015,16,394744,10,7,12,12.3157894736842,15,0,0,19
12,1,2015,17,394745,12,6,19,18,21,0,0,23
12,1,2015,18,394746,7,11,20.5,20.4642857142857,18,0,0.0714285714285714,28
12,1,2015,19,394747,1,6,14,14.5,12,0,0,16
12,1,2015,20,394748,1,9,7.5,7.64285714285714,4,0,0,14
12,1,2015,21,394749,1,4,2,1.69230769230769,0,0.230769230769231,0,13
12,1,2015,22,394750,3,0,1.5,1.625,3,0.125,0,8
12,1,2015,23,394751,0,0,3,3,3,0,0,6
13,1,2015,0,394752,0,0,3,3,3,0,0,6
13,1,2015,1,394753,0,0,3,3,3,0,0,6
13,1,2015,2,394754,0,0,3,3,3,0,0,6
13,1,2015,3,394755,0,0,3,3,3,0,0,6
13,1,2015,4,394756,0,0,3,3,3,0,0,7
13,1,2015,5,394757,1,0,3,3.28571428571429,4,0,0,7
13,1,2015,6,394758,1,0,5,5.375,6,0,0,8
13,1,2015,7,394759,10,0,10.5,10.9285714285714,16,0,0,14
13,1,2015,8,394760,7,2,20,19.4615384615385,22,0,0,13
13,1,2015,9,394761,4,3,23,23.3846153846154,24,0,0.461538461538462,13
13,1,2015,10,394762,2,6,20,21,20,0,0.0666666666666667,15
13,1,2015,11,394763,5,5,21,21.4666666666667,21,0,0,15
13,1,2015,12,394764,5,6,21,21.2352941176471,21,0,0,17
13,1,2015,13,394765,5,9,20,19.5714285714286,18,0,0,21
13,1,2015,14,394766,6,2,21,20.125,22,0,0,16
13,1,2015,15,394767,6,6,22,22.1,23,0,0,20
13,1,2015,16,394768,4,6,23,22.4,21,0,0,20
13,1,2015,17,394769,8,6,21.5,21.3888888888889,22,0,0,18
13,1,2015,18,394770,5,15,17,16.8518518518519,13,0,0,27
13,1,2015,19,394771,0,14,7,6.80952380952381,0,0.0952380952380952,0,21
13,1,2015,20,394772,2,1,1,1,1,0.142857142857143,0,7
13,1,2015,21,394773,4,1,1,1.5,3,0.5,0,10
13,1,2015,22,394774,2,0,4,4.14285714285714,5,0,0,7
13,1,2015,23,394775,0,2,3,3.44444444444444,3,0,0,9
14,1,2015,0,394776,0,2,2,1.8,1,0,0,10
14,1,2015,1,394777,0,0,1,1,1,0,0,5
14,1,2015,2,394778,0,0,1,1,1,0,0,6
14,1,2015,3,394779,0,0,1,1,1,0,0,6
14,1,2015,4,394780,0,0,1,1,1,0,0,8
14,1,2015,5,394781,2,0,3,2.42857142857143,3,0,0,7
14,1,2015,6,394782,4,0,4,4.44444444444444,7,0,0,9
14,1,2015,7,394783,5,1,10,9.63636363636364,11,0,0,11
14,1,2015,8,394784,12,2,18,17.0588235294118,22,0,0,17
14,1,2015,9,394785,1,1,22,21.625,22,0,0,8
14,1,2015,10,394786,3,2,23,22.75,23,0,0,12
14,1,2015,11,394787,5,5,21,21.2941176470588,23,0,0,17
14,1,2015,12,394788,4,4,22,22.3571428571429,23,0,0,14
14,1,2015,13,394789,5,20,10.5,12.78125,8,0,0,32
14,1,2015,14,394790,6,8,7,7.31818181818182,7,0,0,22
14,1,2015,15,394791,19,4,15.5,15.9545454545455,23,0,0,22
14,1,2015,16,394792,5,9,22,22,19,0,0,23
14,1,2015,17,394793,11,7,22,21.5263157894737,23,0,0,19
14,1,2015,18,394794,6,7,22,22,22,0,0,22
14,1,2015,19,394795,1,9,18,17.7333333333333,14,0,0,15
14,1,2015,20,394796,1,12,7,8.04761904761905,2,0,0,21
14,1,2015,21,394797,0,2,0,0.428571428571429,0,0.714285714285714,0,7
14,1,2015,22,394798,1,0,0,0.142857142857143,1,0.857142857142857,0,7
14,1,2015,23,394799,1,2,1,1.22222222222222,0,0.111111111111111,0,9
15,1,2015,0,394800,0,0,0,0,0,1,0,7
15,1,2015,1,394801,0,0,0,0,0,1,0,6
15,1,2015,2,394802,0,0,0,0,0,1,0,6
15,1,2015,3,394803,0,0,0,0,0,1,0,6
15,1,2015,4,394804,0,0,0,0,0,1,0,10
15,1,2015,5,394805,0,0,0,0,0,1,0,6
15,1,2015,6,394806,3,0,2,1.88888888888889,4,0,0,9
15,1,2015,7,394807,7,0,8,8.18181818181818,12,0,0,11
15,1,2015,8,394808,10,2,18,17.3529411764706,22,0,0,17
15,1,2015,9,394809,1,1,23,22.8888888888889,23,0,0,9
15,1,2015,10,394810,5,6,22,22.0625,22,0,0,16
15,1,2015,11,394811,16,15,20,18.1739130434783,23,0,0.130434782608696,23
15,1,2015,12,394812,4,7,22,22,20,0,0.210526315789474,19
15,1,2015,13,394813,5,14,13,13.6666666666667,11,0,0,24
15,1,2015,14,394814,8,6,12,11.8333333333333,13,0,0,18
15,1,2015,15,394815,6,12,9,8.91666666666667,7,0,0,24
15,1,2015,16,394816,3,6,8,7.73684210526316,4,0,0,19
15,1,2015,17,394817,7,4,4,4.52941176470588,8,0,0,17
15,1,2015,18,394818,5,5,8.5,8.9375,8,0,0,16
15,1,2015,19,394819,4,8,7,7.05263157894737,5,0,0,19
15,1,2015,20,394820,3,3,6,5.66666666666667,5,0,0,12
15,1,2015,21,394821,1,5,3,3.21428571428571,1,0,0,14
15,1,2015,22,394822,1,2,1,1.125,0,0.125,0,8
15,1,2015,23,394823,1,0,0,0.333333333333333,1,0.666666666666667,0,6
16,1,2015,0,394824,0,0,1,1,1,0,0,6
16,1,2015,1,394825,0,1,1,0.555555555555556,0,0.444444444444444,0,9
16,1,2015,2,394826,0,0,0,0,0,1,0,6
16,1,2015,3,394827,0,0,0,0,0,1,0,6
16,1,2015,4,394828,0,0,0,0,0,1,0,8
16,1,2015,5,394829,2,0,2,1.42857142857143,2,0.142857142857143,0,7
16,1,2015,6,394830,6,1,3,3.58333333333333,7,0,0,12
16,1,2015,7,394831,6,1,12.5,11.5,13,0,0,12
16,1,2015,8,394832,15,4,19,19.047619047619,24,0,0.0476190476190476,21
16,1,2015,9,394833,1,3,23,23.0769230769231,22,0,0.461538461538462,13
16,1,2015,10,394834,1,4,22,22.2727272727273,21,0,0.0909090909090909,11
16,1,2015,11,394835,6,6,21,21.047619047619,21,0,0,21
16,1,2015,12,394836,4,8,20,19.1428571428571,17,0,0,21
16,1,2015,13,394837,2,11,12,11.7894736842105,8,0,0,19
16,1,2015,14,394838,9,10,5.5,5.68181818181818,7,0,0,22
16,1,2015,15,394839,12,5,12,11.9583333333333,16,0,0,24
16,1,2015,16,394840,5,5,16,16.1666666666667,17,0,0,24
16,1,2015,17,394841,5,4,17.5,17.4285714285714,18,0,0,14
16,1,2015,18,394842,4,8,17,16.5,14,0,0,20
16,1,2015,19,394843,1,5,13,12.8571428571429,11,0,0,14
16,1,2015,20,394844,8,5,13,12.5,14,0,0,14
16,1,2015,21,394845,0,6,11,10.7857142857143,8,0,0,14
16,1,2015,22,394846,0,3,7,6.11111111111111,4,0,0,9
16,1,2015,23,394847,3,4,5,4.84615384615385,3,0,0,13
17,1,2015,0,394848,2,2,5,5,4,0,0,10
17,1,2015,1,394849,1,5,1.5,2.83333333333333,1,0,0,12
17,1,2015,2,394850,1,2,1,0.777777777777778,0,0.222222222222222,0,9
17,1,2015,3,394851,3,0,1.5,1.375,3,0.375,0,8
17,1,2015,4,394852,1,0,4,3.875,4,0,0,8
17,1,2015,5,394853,1,0,5,4.71428571428571,5,0,0,7
17,1,2015,6,394854,0,1,5,4.625,4,0,0,8
17,1,2015,7,394855,1,0,5,4.66666666666667,5,0,0,6
17,1,2015,8,394856,5,1,8,7.55555555555556,10,0,0,9
17,1,2015,9,394857,2,0,11.5,11.75,13,0,0,8
17,1,2015,10,394858,4,2,14,13.8,15,0,0,10
17,1,2015,11,394859,9,1,18,18.6153846153846,23,0,0,13
17,1,2015,12,394860,4,5,21,21.1538461538462,21,0,0,13
17,1,2015,13,394861,2,3,19,19.25,20,0,0,12
17,1,2015,14,394862,5,6,19,19.4705882352941,20,0,0,17
17,1,2015,15,394863,5,2,21,21.0909090909091,24,0,0.0909090909090909,11
17,1,2015,16,394864,4,5,24,23.5882352941176,23,0,0.647058823529412,17
17,1,2015,17,394865,3,2,24,23.7333333333333,24,0,0.733333333333333,15
17,1,2015,18,394866,2,2,24,23.7272727272727,24,0,0.727272727272727,11
17,1,2015,19,394867,3,11,18,18.6521739130435,15,0,0,23
17,1,2015,20,394868,5,3,15.5,15.5,16,0,0,12
17,1,2015,21,394869,4,6,15,14.7857142857143,15,0,0,14
17,1,2015,22,394870,1,2,15,15.25,14,0,0,8
17,1,2015,23,394871,1,0,15,14.8571428571429,15,0,0,7
18,1,2015,0,394872,1,3,14,13.5714285714286,13,0,0,7
18,1,2015,1,394873,1,1,12,12.125,12,0,0,8
18,1,2015,2,394874,0,0,12,12,12,0,0,6
18,1,2015,3,394875,1,0,13,12.8333333333333,13,0,0,6
18,1,2015,4,394876,0,0,13,13,13,0,0,8
18,1,2015,5,394877,0,1,13,12.5714285714286,12,0,0,7
18,1,2015,6,394878,0,1,11.5,11.5,11,0,0,8
18,1,2015,7,394879,0,0,11,11,11,0,0,6
18,1,2015,8,394880,1,0,12,11.6666666666667,12,0,0,6
18,1,2015,9,394881,2,1,13,13,14,0,0,8
18,1,2015,10,394882,5,1,14,14.8,18,0,0,10
18,1,2015,11,394883,4,2,20,19.6363636363636,20,0,0,11
18,1,2015,12,394884,4,6,20.5,20.75,18,0,0,20
18,1,2015,13,394885,3,1,18,17.7777777777778,19,0,0,9
18,1,2015,14,394886,4,3,20,19.9,22,0,0,10
18,1,2015,15,394887,2,2,22,22.5555555555556,22,0,0.222222222222222,9
18,1,2015,16,394888,3,5,21,20.5333333333333,20,0,0,15
18,1,2015,17,394889,7,5,23,22.5,22,0,0.3,20
18,1,2015,18,394890,6,3,21,21.5714285714286,24,0,0.214285714285714,14
18,1,2015,19,394891,2,7,22,21.5714285714286,19,0,0.0714285714285714,14
18,1,2015,20,394892,2,2,19,19,19,0,0,10
18,1,2015,21,394893,1,1,19,19.1428571428571,19,0,0,7
18,1,2015,22,394894,0,0,19,19,19,0,0,6
18,1,2015,23,394895,1,0,19,19.2857142857143,20,0,0,7
19,1,2015,0,394896,0,0,20,20,20,0,0,6
19,1,2015,1,394897,0,0,20,20,20,0,0,6
19,1,2015,2,394898,0,0,20,20,20,0,0,6
19,1,2015,3,394899,0,0,20,20,20,0,0,6
19,1,2015,4,394900,1,0,20,20.1428571428571,21,0,0,7
19,1,2015,5,394901,0,0,21,21,21,0,0,6
19,1,2015,6,394902,2,0,21.5,21.875,23,0,0,8
19,1,2015,7,394903,1,0,24,23.8333333333333,24,0,0.833333333333333,6
19,1,2015,8,394904,0,0,24,24,24,0,1,6
19,1,2015,9,394905,0,0,24,24,24,0,1,6
19,1,2015,10,394906,1,1,24,23.875,24,0,0.875,8
19,1,2015,11,394907,1,1,24,23.8571428571429,24,0,0.857142857142857,7
19,1,2015,12,394908,0,0,24,24,24,0,1,8
19,1,2015,13,394909,2,6,22,21.4,19,0,0,15
19,1,2015,14,394910,3,3,18,18.0714285714286,19,0,0,14
19,1,2015,15,394911,6,3,20,20.2857142857143,23,0,0,14
19,1,2015,16,394912,2,5,22,21.9333333333333,20,0,0.133333333333333,15
19,1,2015,17,394913,2,3,19,19.5454545454545,19,0,0,11
19,1,2015,18,394914,1,6,17,16.8571428571429,14,0,0,14
19,1,2015,19,394915,1,5,11,11.3571428571429,10,0,0,14
19,1,2015,20,394916,2,3,9,8.8,8,0,0,10
19,1,2015,21,394917,1,2,7,7.1,7,0,0,10
19,1,2015,22,394918,1,2,7,6.57142857142857,6,0,0,7
19,1,2015,23,394919,0,0,6,6,6,0,0,6
20,1,2015,0,394920,0,0,6,6,6,0,0,6
20,1,2015,1,394921,0,0,6,6,6,0,0,6
20,1,2015,2,394922,0,0,6,6,6,0,0,6
20,1,2015,3,394923,0,0,6,6,6,0,0,6
20,1,2015,4,394924,0,0,6,6,6,0,0,8
20,1,2015,5,394925,1,0,7,6.83333333333333,7,0,0,6
20,1,2015,6,394926,5,0,8.5,8.8,12,0,0,10
20,1,2015,7,394927,13,1,18,17.4666666666667,23,0,0,15
20,1,2015,8,394928,0,2,24,23.6153846153846,22,0,0.692307692307692,13
20,1,2015,9,394929,1,0,24,23.8333333333333,24,0,0.833333333333333,6
20,1,2015,10,394930,1,2,24,23.75,23,0,0.75,16
20,1,2015,11,394931,2,4,24,23.125,22,0,0.5625,16
20,1,2015,12,394932,6,5,23,22.8235294117647,24,0,0.294117647058824,17
20,1,2015,13,394933,9,19,16,16.7297297297297,14,0,0.027027027027027,37
20,1,2015,14,394934,10,6,19,18.5238095238095,19,0,0,21
20,1,2015,15,394935,9,3,23,22.6470588235294,24,0,0.470588235294118,17
20,1,2015,16,394936,3,8,23,22.5,19,0,0.35,20
20,1,2015,17,394937,5,8,17,17.4782608695652,17,0,0,23
20,1,2015,18,394938,4,13,15,14.24,8,0,0,25
20,1,2015,19,394939,3,9,6,6.4,3,0,0,15
20,1,2015,20,394940,4,5,1,1.6,1,0.133333333333333,0,15
20,1,2015,21,394941,1,1,1,0.571428571428571,1,0.428571428571429,0,7
20,1,2015,22,394942,1,1,0,0.285714285714286,1,0.714285714285714,0,7
20,1,2015,23,394943,0,0,1,1,1,0,0,6
21,1,2015,0,394944,1,2,0,0.375,0,0.625,0,8
21,1,2015,1,394945,1,0,0,0.142857142857143,1,0.857142857142857,0,7
21,1,2015,2,394946,0,0,1,1,1,0,0,6
21,1,2015,3,394947,0,0,1,1,1,0,0,6
21,1,2015,4,394948,0,0,1,1,1,0,0,7
21,1,2015,5,394949,3,0,4,3,4,0,0,7
21,1,2015,6,394950,1,1,3.5,3.5,4,0,0,10
21,1,2015,7,394951,6,0,6,6.45454545454545,10,0,0,11
21,1,2015,8,394952,8,3,14,14.1176470588235,16,0,0,17
21,1,2015,9,394953,1,5,13.5,13.5,12,0,0,16
21,1,2015,10,394954,7,3,17,17.0769230769231,18,0,0,13
21,1,2015,11,394955,5,7,16,15.5555555555556,16,0,0,18
21,1,2015,12,394956,6,10,15,15.2222222222222,12,0,0,36
21,1,2015,13,394957,3,14,5.5,5,0,0.181818181818182,0,22
21,1,2015,14,394958,7,3,2.5,2.33333333333333,4,0.0833333333333333,0,12
21,1,2015,15,394959,13,4,9,8.58333333333333,13,0,0,24
21,1,2015,16,394960,5,11,10,11.16,8,0,0,25
21,1,2015,17,394961,2,9,3.5,3.42857142857143,0,0.142857142857143,0,14
21,1,2015,18,394962,8,2,4,3.5,6,0.125,0,16
21,1,2015,19,394963,2,6,5,4.33333333333333,1,0,0,12
21,1,2015,20,394964,1,1,1,0.714285714285714,1,0.285714285714286,0,7
21,1,2015,21,394965,2,3,2,1.72727272727273,0,0.0909090909090909,0,11
21,1,2015,22,394966,3,0,0,0.888888888888889,3,0.555555555555556,0,9
21,1,2015,23,394967,1,1,3,3.42857142857143,3,0,0,7
22,1,2015,0,394968,0,3,1,1.125,0,0.5,0,8
22,1,2015,1,394969,0,0,0,0,0,1,0,6
22,1,2015,2,394970,1,0,0,0.166666666666667,1,0.833333333333333,0,6
22,1,2015,3,394971,0,1,0,0.142857142857143,0,0.857142857142857,0,7
22,1,2015,4,394972,0,0,0,0,0,1,0,6
22,1,2015,5,394973,0,0,0,0,0,1,0,6
22,1,2015,6,394974,0,0,0,0,0,1,0,6
22,1,2015,7,394975,0,0,0,0,0,1,0,6
22,1,2015,8,394976,3,2,1,0.888888888888889,1,0.444444444444444,0,9
22,1,2015,9,394977,1,0,1,1.14285714285714,2,0,0,7
22,1,2015,10,394978,4,2,3,2.89473684210526,5,0,0,19
22,1,2015,11,394979,3,5,5,4.5,3,0,0,14
22,1,2015,12,394980,2,5,1,0.818181818181818,0,0.363636363636364,0,11
22,1,2015,13,394981,3,1,2,1.55555555555556,2,0.222222222222222,0,9
22,1,2015,14,394982,7,2,7,6,7,0,0,14
22,1,2015,15,394983,4,9,5,5.25,2,0,0,20
22,1,2015,16,394984,5,2,5,4.3,5,0,0,10
22,1,2015,17,394985,5,2,9,7.9,9,0,0,10
22,1,2015,18,394986,4,5,8,7.92857142857143,8,0,0,14
22,1,2015,19,394987,3,3,10,9.58333333333333,9,0,0,12
22,1,2015,20,394988,0,5,5,5.9,4,0,0,10
22,1,2015,21,394989,1,0,4,4.14285714285714,5,0,0,7
22,1,2015,22,394990,1,2,4,3.875,4,0,0,8
22,1,2015,23,394991,0,2,3,3,2,0,0,9
23,1,2015,0,394992,0,0,2,2,2,0,0,5
23,1,2015,1,394993,1,0,2,2.375,3,0,0,8
23,1,2015,2,394994,0,0,3,3,3,0,0,6
23,1,2015,3,394995,0,0,3,3,3,0,0,6
23,1,2015,4,394996,0,0,3,3,3,0,0,7
23,1,2015,5,394997,2,0,4,4,5,0,0,8
23,1,2015,6,394998,2,0,5,5.375,7,0,0,8
23,1,2015,7,394999,8,1,10.5,10.6666666666667,14,0,0,12
23,1,2015,8,395000,10,3,15.5,15.9375,20,0,0,16
23,1,2015,9,395001,2,3,21,21,20,0,0,11
23,1,2015,10,395002,2,4,20,20.2666666666667,19,0,0,15
23,1,2015,11,395003,10,5,22,21.85,24,0,0.1,20
23,1,2015,12,395004,3,4,23,23.2666666666667,23,0,0.4,15
23,1,2015,13,395005,2,7,18,18.8461538461538,18,0,0,13
23,1,2015,14,395006,6,8,17,16.8333333333333,16,0,0,18
23,1,2015,15,395007,7,1,19.5,19.2,22,0,0,10
23,1,2015,16,395008,5,3,21,21.5384615384615,23,0,0.153846153846154,13
23,1,2015,17,395009,3,5,21,21.5294117647059,21,0,0,17
23,1,2015,18,395010,3,8,20,19.45,16,0,0,20
23,1,2015,19,395011,2,5,14,13.6666666666667,13,0,0,15
23,1,2015,20,395012,1,1,12.5,12.5,12,0,0,8
23,1,2015,21,395013,2,6,9,9.53333333333333,8,0,0,15
23,1,2015,22,395014,2,3,7,6.88888888888889,7,0,0,9
23,1,2015,23,395015,2,4,7,7,6,0,0,13
24,1,2015,0,395016,0,3,2,2.4375,2,0,0,16
24,1,2015,1,395017,0,0,2,2,2,0,0,6
24,1,2015,2,395018,0,0,2,2,2,0,0,6
24,1,2015,3,395019,2,0,4,3.42857142857143,4,0,0,7
24,1,2015,4,395020,0,1,4,3.57142857142857,3,0,0,7
24,1,2015,5,395021,2,0,5,4.57142857142857,5,0,0,7
24,1,2015,6,395022,0,0,5,5,5,0,0,6
24,1,2015,7,395023,3,0,7.5,6.875,8,0,0,8
24,1,2015,8,395024,4,0,9,9.375,12,0,0,8
24,1,2015,9,395025,2,2,12,12.2,12,0,0,10
24,1,2015,10,395026,4,1,13,13.5,16,0,0,12
24,1,2015,11,395027,6,4,17,16.9230769230769,18,0,0,13
24,1,2015,12,395028,2,9,13,14.2,12,0,0,20
24,1,2015,13,395029,7,5,14,14.2352941176471,15,0,0,17
24,1,2015,14,395030,6,4,17,16.9375,17,0,0,16
24,1,2015,15,395031,5,2,20,19.5,20,0,0,10
24,1,2015,16,395032,4,0,22.5,22.125,24,0,0.25,8
24,1,2015,17,395033,4,3,23,23.0714285714286,24,0,0.357142857142857,14
24,1,2015,18,395034,2,5,22,22.4285714285714,21,0,0.285714285714286,14
24,1,2015,19,395035,5,9,17,17.4,17,0,0,20
24,1,2015,20,395036,2,8,16,15.5882352941176,11,0,0,17
24,1,2015,21,395037,2,6,8,8.15384615384615,7,0,0,13
24,1,2015,22,395038,2,7,3,3,1,0.0833333333333333,0,12
24,1,2015,23,395039,0,0,1,1,1,0,0,7
25,1,2015,0,395040,1,0,2,1.7,2,0,0,10
25,1,2015,1,395041,1,2,1,1.18181818181818,1,0,0,11
25,1,2015,2,395042,1,1,1,1.16666666666667,1,0,0,6
25,1,2015,3,395043,0,0,1,1,1,0,0,6
25,1,2015,4,395044,0,0,1,1,1,0,0,8
25,1,2015,5,395045,1,1,2,2.42857142857143,2,0,0,7
25,1,2015,6,395046,1,1,2,2.14285714285714,2,0,0,7
25,1,2015,7,395047,1,0,2,2.33333333333333,3,0,0,6
25,1,2015,8,395048,0,0,3,3,3,0,0,6
25,1,2015,9,395049,4,1,5,5.3,7,0,0,10
25,1,2015,10,395050,6,2,10,9.64705882352941,11,0,0,17
25,1,2015,11,395051,4,4,12,12.25,12,0,0,12
25,1,2015,12,395052,3,4,12,12,11,0,0,13
25,1,2015,13,395053,2,1,11,10.7,12,0,0,10
25,1,2015,14,395054,3,4,11,10.8461538461538,11,0,0,13
25,1,2015,15,395055,2,5,9,9.35714285714286,8,0,0,14
25,1,2015,16,395056,6,5,10,10.3076923076923,9,0,0,13
25,1,2015,17,395057,2,2,11,10.8888888888889,10,0,0,9
25,1,2015,18,395058,1,4,7,8.09090909090909,7,0,0,11
25,1,2015,19,395059,3,5,6,5.9375,5,0,0,16
25,1,2015,20,395060,4,6,3,2.53333333333333,3,0,0,15
25,1,2015,21,395061,0,0,3,3,3,0,0,6
25,1,2015,22,395062,0,2,1,1.42857142857143,1,0,0,7
25,1,2015,23,395063,1,0,1.5,1.5,2,0,0,6
26,1,2015,0,395064,0,0,2,2,2,0,0,6
26,1,2015,1,395065,0,0,2,2,2,0,0,6
26,1,2015,2,395066,0,0,2,2,2,0,0,6
26,1,2015,3,395067,0,0,2,2,2,0,0,6
26,1,2015,4,395068,0,0,2,2,2,0,0,7
26,1,2015,5,395069,2,0,5,4.57142857142857,5,0,0,7
26,1,2015,6,395070,4,1,5,5.18181818181818,8,0,0,11
26,1,2015,7,395071,10,1,12,13,18,0,0,16
26,1,2015,8,395072,5,0,23.5,22.5,24,0,0.5,10
26,1,2015,9,395073,12,14,16,18.3529411764706,22,0,0.352941176470588,17
26,1,2015,10,395074,13,17,19,17.8181818181818,18,0,0,22
26,1,2015,11,395075,4,4,17,17,18,0,0,13
26,1,2015,12,395076,8,5,20,19.4285714285714,21,0,0,21
26,1,2015,13,395077,4,11,14,14.2727272727273,14,0,0,22
26,1,2015,14,395078,8,8,13,13.1052631578947,14,0,0,19
26,1,2015,15,395079,9,2,18,18.1875,22,0,0,16
26,1,2015,16,395080,8,11,22,21.8,20,0,0,30
26,1,2015,17,395081,3,5,19.5,19.5,18,0,0,12
26,1,2015,18,395082,8,12,18,17.7096774193548,14,0,0,31
26,1,2015,19,395083,3,13,4.5,6.15,3,0,0,20
26,1,2015,20,395084,2,5,0,0.818181818181818,0,0.545454545454545,0,11
26,1,2015,21,395085,1,1,0,0.142857142857143,0,0.857142857142857,0,7
26,1,2015,22,395086,1,1,0,0.375,0,0.625,0,8
26,1,2015,23,395087,1,1,0,0.125,0,0.875,0,8
27,1,2015,0,395088,0,0,0,0,0,1,0,6
27,1,2015,1,395089,0,0,0,0,0,1,0,8
27,1,2015,2,395090,0,0,0,0,0,1,0,6
27,1,2015,3,395091,0,0,0,0,0,1,0,6
27,1,2015,4,395092,0,0,0,0,0,1,0,7
27,1,2015,5,395093,2,0,1.5,1.375,2,0.125,0,8
27,1,2015,6,395094,4,0,3,3.25,6,0,0,8
27,1,2015,7,395095,5,3,7,7.30769230769231,8,0,0,13
27,1,2015,8,395096,11,6,11,11.04,14,0,0,25
27,1,2015,9,395097,4,2,14,14.1,16,0,0,10
27,1,2015,10,395098,8,8,16,16.3181818181818,16,0,0,22
27,1,2015,11,395099,8,3,18.5,19.25,21,0,0,16
27,1,2015,12,395100,5,6,22,21.8947368421053,21,0,0,19
27,1,2015,13,395101,3,13,17,16.7826086956522,12,0,0,23
27,1,2015,14,395102,10,5,15,14.7058823529412,17,0,0,17
27,1,2015,15,395103,11,6,18,17.9130434782609,21,0,0,23
27,1,2015,16,395104,2,5,20,20,19,0,0,14
27,1,2015,17,395105,9,7,18,18.1538461538462,20,0,0,26
27,1,2015,18,395106,6,18,12.5,13.6470588235294,9,0,0,34
27,1,2015,19,395107,6,8,6,6.29411764705882,8,0,0,17
27,1,2015,20,395108,5,10,5,4.8,3,0,0,20
27,1,2015,21,395109,3,5,2,2.46153846153846,1,0,0,13
27,1,2015,22,395110,0,0,0,0,0,1,0,6
27,1,2015,23,395111,0,0,0,0,0,1,0,6
28,1,2015,0,395112,0,0,0,0,0,1,0,7
28,1,2015,1,395113,0,0,0,0,0,1,0,6
28,1,2015,2,395114,1,0,1,0.714285714285714,1,0.285714285714286,0,7
28,1,2015,3,395115,0,0,1,1,1,0,0,6
28,1,2015,4,395116,0,0,1,1,1,0,0,8
28,1,2015,5,395117,2,0,2,2.14285714285714,3,0,0,7
28,1,2015,6,395118,4,1,3,3.44444444444444,6,0,0,9
28,1,2015,7,395119,9,2,10,9.66666666666667,13,0,0,12
28,1,2015,8,395120,13,4,17.5,18.4090909090909,23,0,0.0454545454545455,22
28,1,2015,9,395121,2,2,24,23.6153846153846,24,0,0.615384615384615,13
28,1,2015,10,395122,3,6,21,21.7333333333333,21,0,0.333333333333333,15
28,1,2015,11,395123,8,6,21,21,23,0,0.0476190476190476,21
28,1,2015,12,395124,6,12,21,20.7037037037037,18,0,0.148148148148148,27
28,1,2015,13,395125,4,13,9,10.5833333333333,9,0,0,24
28,1,2015,14,395126,7,7,7,7.29411764705882,8,0,0,17
28,1,2015,15,395127,12,11,9,9.03225806451613,11,0,0,31
28,1,2015,16,395128,8,4,16,16.1333333333333,16,0,0,15
28,1,2015,17,395129,11,11,22,21.0967741935484,18,0,0,31
28,1,2015,18,395130,8,14,18,17.4,13,0,0,30
28,1,2015,19,395131,2,8,9,9.5,7,0,0,16
28,1,2015,20,395132,1,8,4,3.58823529411765,0,0.176470588235294,0,17
28,1,2015,21,395133,0,0,0,0,0,1,0,6
28,1,2015,22,395134,0,1,1,0.571428571428571,0,0.428571428571429,0,7
28,1,2015,23,395135,0,0,0,0,0,1,0,6
29,1,2015,0,395136,1,0,0.5,0.5,1,0.5,0,6
29,1,2015,1,395137,0,0,1,1,1,0,0,6
29,1,2015,2,395138,0,0,1,1,1,0,0,6
29,1,2015,3,395139,0,0,1,1,1,0,0,6
29,1,2015,4,395140,0,0,1,1,1,0,0,8
29,1,2015,5,395141,1,0,2,1.75,2,0,0,8
29,1,2015,6,395142,4,1,2,2.44444444444444,5,0,0,9
29,1,2015,7,395143,9,1,8,8.63636363636364,13,0,0,11
29,1,2015,8,395144,9,1,20,19.5,22,0,0,12
29,1,2015,9,395145,2,4,22,21.3076923076923,20,0,0,13
29,1,2015,10,395146,7,3,20.5,20.8571428571429,24,0,0.214285714285714,14
29,1,2015,11,395147,1,5,22,22,20,0,0.25,12
29,1,2015,12,395148,8,12,19,19.1538461538462,17,0,0,26
29,1,2015,13,395149,5,15,6,7.84,6,0,0,25
29,1,2015,14,395150,5,5,7,7.5,7,0,0,18
29,1,2015,15,395151,10,6,7,7.26086956521739,11,0,0,23
29,1,2015,16,395152,8,6,15,14.6363636363636,14,0,0,22
29,1,2015,17,395153,4,9,9,9.45454545454546,9,0,0,22
29,1,2015,18,395154,3,12,4,3.85714285714286,0,0.142857142857143,0,21
29,1,2015,19,395155,5,5,1,1.35714285714286,1,0.142857142857143,0,14
29,1,2015,20,395156,4,4,1,1.15384615384615,1,0.153846153846154,0,13
29,1,2015,21,395157,0,0,0,0,0,1,0,6
29,1,2015,22,395158,0,0,0,0,0,1,0,6
29,1,2015,23,395159,0,0,0,0,0,1,0,6
30,1,2015,0,395160,0,0,0,0,0,1,0,6
30,1,2015,1,395161,0,0,0,0,0,1,0,6
30,1,2015,2,395162,0,0,0,0,0,1,0,6
30,1,2015,3,395163,0,0,0,0,0,1,0,6
30,1,2015,4,395164,0,0,0,0,0,1,0,7
30,1,2015,5,395165,1,0,1,0.666666666666667,1,0.333333333333333,0,6
30,1,2015,6,395166,1,1,1,1.42857142857143,2,0,0,7
30,1,2015,7,395167,2,0,4,4.125,5,0,0,8
30,1,2015,8,395168,13,0,12,12.2,19,0,0,15
30,1,2015,9,395169,4,2,20,20.3333333333333,22,0,0,15
30,1,2015,10,395170,4,3,22,21.9,23,0,0,10
30,1,2015,11,395171,1,5,22,21.7692307692308,19,0,0.153846153846154,13
30,1,2015,12,395172,1,2,18,18.3333333333333,18,0,0,9
30,1,2015,13,395173,1,9,13,13.3888888888889,10,0,0,18
30,1,2015,14,395174,2,8,5,5.93333333333333,3,0,0,15
30,1,2015,15,395175,4,3,3,3.36363636363636,4,0,0,11
30,1,2015,16,395176,4,8,4,3.52941176470588,0,0.0588235294117647,0,17
30,1,2015,17,395177,5,3,1,0.928571428571429,2,0.285714285714286,0,14
30,1,2015,18,395178,5,7,1,0.909090909090909,0,0.318181818181818,0,22
30,1,2015,19,395179,1,2,1,0.545454545454545,0,0.454545454545455,0,11
30,1,2015,20,395180,3,3,0,0.4,0,0.6,0,10
30,1,2015,21,395181,2,0,1,1.125,2,0.125,0,8
30,1,2015,22,395182,3,4,1,1.35714285714286,1,0.0714285714285714,0,14
30,1,2015,23,395183,0,1,0.5,0.5,0,0.5,0,8
31,1,2015,0,395184,2,2,0,0.25,0,0.75,0,8
31,1,2015,1,395185,1,1,1,0.625,0,0.375,0,8
31,1,2015,2,395186,0,0,0,0,0,1,0,6
31,1,2015,3,395187,1,0,1,0.857142857142857,1,0.142857142857143,0,7
31,1,2015,4,395188,0,0,1,1,1,0,0,7
31,1,2015,5,395189,0,0,1,1,1,0,0,6
31,1,2015,6,395190,0,0,1,1,1,0,0,6
31,1,2015,7,395191,0,0,1,1,1,0,0,6
31,1,2015,8,395192,1,1,2,2.33333333333333,2,0,0,9
31,1,2015,9,395193,5,1,4,4.375,6,0,0,8
31,1,2015,10,395194,3,3,8.5,8.5,7,0,0,14
31,1,2015,11,395195,2,5,6,5.57142857142857,4,0,0,14
31,1,2015,12,395196,2,4,3.5,3.5,2,0,0,10
31,1,2015,13,395197,3,1,2,2.25,4,0,0,8
31,1,2015,14,395198,6,2,5.5,5.8,8,0,0,10
31,1,2015,15,395199,6,1,9,8.8,12,0,0,10
31,1,2015,16,395200,4,9,10,9.43478260869565,7,0,0,23
31,1,2015,17,395201,6,4,8,7.64285714285714,9,0,0,14
31,1,2015,18,395202,8,4,10,10.2222222222222,13,0,0,18
31,1,2015,19,395203,6,5,13,12.8823529411765,14,0,0,17
31,1,2015,20,395204,1,4,13,12.5454545454545,11,0,0,11
31,1,2015,21,395205,0,9,5,6.4375,3,0,0,16
31,1,2015,22,395206,3,0,6,5,6,0,0,7
31,1,2015,23,395207,0,1,6,5.625,5,0,0,8
1,2,2015,0,395208,2,4,3,2.8,3,0,0,10
1,2,2015,1,395209,0,1,2,2.28571428571429,2,0,0,7
1,2,2015,2,395210,0,1,2.5,2.5,2,0,0,8
1,2,2015,3,395211,2,0,4,3.71428571428571,4,0,0,7
1,2,2015,4,395212,0,0,4,4,4,0,0,8
1,2,2015,5,395213,2,0,4,4.57142857142857,6,0,0,7
1,2,2015,6,395214,0,0,6,6,6,0,0,6
1,2,2015,7,395215,0,0,6,6,6,0,0,6
1,2,2015,8,395216,1,0,7,6.85714285714286,7,0,0,7
1,2,2015,9,395217,4,0,8,8.66666666666667,11,0,0,9
1,2,2015,10,395218,3,3,12,11.8181818181818,11,0,0,11
1,2,2015,11,395219,4,3,12,11.8181818181818,12,0,0,11
1,2,2015,12,395220,4,3,12,12.2222222222222,13,0,0,9
1,2,2015,13,395221,6,2,15,14.8181818181818,17,0,0,11
1,2,2015,14,395222,2,8,13,13,11,0,0,21
1,2,2015,15,395223,6,0,13,13.3333333333333,17,0,0,9
1,2,2015,16,395224,5,5,17,16.5,17,0,0,16
1,2,2015,17,395225,6,6,19.5,19.1875,17,0,0,16
1,2,2015,18,395226,1,1,17,16.625,17,0,0,8
1,2,2015,19,395227,0,3,15,14.8888888888889,14,0,0,9
1,2,2015,20,395228,2,4,12,11.7272727272727,12,0,0,11
1,2,2015,21,395229,0,2,12,11.25,10,0,0,8
1,2,2015,22,395230,1,2,11,10.4444444444444,9,0,0,9
1,2,2015,23,395231,1,2,10,9.875,9,0,0,8
2,2,2015,0,395232,0,6,6,6,3,0,0,10
2,2,2015,1,395233,0,0,3,3,3,0,0,6
2,2,2015,2,395234,0,0,3,3,3,0,0,6
2,2,2015,3,395235,1,0,4,3.83333333333333,4,0,0,6
2,2,2015,4,395236,0,0,4,4,4,0,0,7
2,2,2015,5,395237,1,0,5,5.16666666666667,6,0,0,6
2,2,2015,6,395238,2,2,6,5.77777777777778,6,0,0,9
2,2,2015,7,395239,6,2,8,7.71428571428571,10,0,0,14
2,2,2015,8,395240,14,1,15,16.047619047619,23,0,0,21
2,2,2015,9,395241,0,0,24,24,24,0,1,6
2,2,2015,10,395242,1,1,24,23.8181818181818,24,0,0.818181818181818,11
2,2,2015,11,395243,6,6,23,23.3529411764706,24,0,0.470588235294118,17
2,2,2015,12,395244,5,6,23,22.7222222222222,23,0,0.166666666666667,18
2,2,2015,13,395245,4,17,16,15.6153846153846,10,0,0,26
2,2,2015,14,395246,7,7,11,10.7058823529412,10,0,0,17
2,2,2015,15,395247,8,7,13,12.6923076923077,12,0,0,26
2,2,2015,16,395248,6,6,12,11.5294117647059,11,0,0,17
2,2,2015,17,395249,2,10,9,9,4,0,0,21
2,2,2015,18,395250,2,4,1,1.54545454545455,2,0.272727272727273,0,11
2,2,2015,19,395251,5,4,3,2.66666666666667,2,0.0666666666666667,0,15
2,2,2015,20,395252,1,4,1,1.27272727272727,0,0.363636363636364,0,11
2,2,2015,21,395253,0,0,0,0,0,1,0,6
2,2,2015,22,395254,1,1,0,0.25,0,0.75,0,8
2,2,2015,23,395255,0,0,0,0,0,1,0,6
3,2,2015,0,395256,0,0,0,0,0,1,0,6
3,2,2015,1,395257,0,0,0,0,0,1,0,6
3,2,2015,2,395258,0,0,0,0,0,1,0,6
3,2,2015,3,395259,0,0,0,0,0,1,0,6
3,2,2015,4,395260,0,0,0,0,0,1,0,7
3,2,2015,5,395261,1,1,1.5,1.5,1,0,0,10
3,2,2015,6,395262,2,2,0,0.444444444444444,1,0.555555555555556,0,9
3,2,2015,7,395263,9,2,5,5.35714285714286,8,0,0,14
3,2,2015,8,395264,11,1,13.5,13.6,19,0,0,20
3,2,2015,9,395265,7,3,22,22,24,0,0.266666666666667,15
3,2,2015,10,395266,1,3,23.5,23.3571428571429,22,0,0.5,14
3,2,2015,11,395267,2,9,18,17.9444444444444,15,0,0,18
3,2,2015,12,395268,4,8,12,12.5454545454545,11,0,0,22
3,2,2015,13,395269,1,11,6,5.59090909090909,0,0.0909090909090909,0,22
3,2,2015,14,395270,6,4,4,4,4,0,0,14
3,2,2015,15,395271,12,8,5,4.66666666666667,8,0,0,24
3,2,2015,16,395272,8,5,12,11.4210526315789,10,0,0,19
3,2,2015,17,395273,8,9,12,12.2631578947368,10,0,0,19
3,2,2015,18,395274,3,7,6,6.23529411764706,6,0,0,17
3,2,2015,19,395275,6,8,5,5.33333333333333,5,0,0,18
3,2,2015,20,395276,4,8,2,1.85,0,0.2,0,20
3,2,2015,21,395277,3,2,1,0.545454545454545,1,0.454545454545455,0,11
3,2,2015,22,395278,0,1,0,0.375,0,0.625,0,8
3,2,2015,23,395279,0,0,0,0,0,1,0,6
4,2,2015,0,395280,1,0,1,0.857142857142857,1,0.142857142857143,0,7
4,2,2015,1,395281,0,0,1,1,1,0,0,6
4,2,2015,2,395282,0,0,1,1,1,0,0,6
4,2,2015,3,395283,1,0,1,1.28571428571429,2,0,0,7
4,2,2015,4,395284,0,0,2,2,2,0,0,7
4,2,2015,5,395285,2,0,3.5,3.33333333333333,4,0,0,6
4,2,2015,6,395286,3,0,5.5,5.5,7,0,0,8
4,2,2015,7,395287,14,4,8,8.16666666666667,13,0,0,18
4,2,2015,8,395288,10,6,17,16.695652173913,18,0,0,23
4,2,2015,9,395289,6,0,22,21.2222222222222,24,0,0.111111111111111,9
4,2,2015,10,395290,2,2,23,23.1818181818182,24,0,0.363636363636364,11
4,2,2015,11,395291,2,2,23,23.2,24,0,0.4,10
4,2,2015,12,395292,5,6,23,22.5625,22,0,0.25,16
4,2,2015,13,395293,3,14,12,13.4615384615385,10,0,0,26
4,2,2015,14,395294,8,3,14.5,14.2857142857143,15,0,0,14
4,2,2015,15,395295,8,4,15,15.7142857142857,19,0,0,14
4,2,2015,16,395296,6,3,20.5,20.4166666666667,22,0,0,12
4,2,2015,17,395297,8,7,19,18.7619047619048,22,0,0,21
4,2,2015,18,395298,8,8,22,21.6190476190476,22,0,0.0476190476190476,21
4,2,2015,19,395299,1,3,22,21.8333333333333,21,0,0,12
4,2,2015,20,395300,1,7,17,17.4166666666667,15,0,0,12
4,2,2015,21,395301,5,7,13,12.8333333333333,13,0,0,18
4,2,2015,22,395302,0,2,12,12.1111111111111,11,0,0,9
4,2,2015,23,395303,0,1,11,10.8333333333333,10,0,0,6
5,2,2015,0,395304,0,0,10,10,10,0,0,6
5,2,2015,1,395305,0,0,10,10,10,0,0,6
5,2,2015,2,395306,0,0,10,10,10,0,0,6
5,2,2015,3,395307,0,0,10,10,10,0,0,6
5,2,2015,4,395308,0,0,10,10,10,0,0,7
5,2,2015,5,395309,2,1,11,10.625,11,0,0,8
5,2,2015,6,395310,1,1,12,11.8181818181818,12,0,0,11
5,2,2015,7,395311,6,1,15,15.25,17,0,0,8
5,2,2015,8,395312,7,2,20,20.4615384615385,23,0,0.0769230769230769,13
5,2,2015,9,395313,0,1,24,23.8333333333333,23,0,0.833333333333333,12
5,2,2015,10,395314,2,4,23,23.1538461538462,22,0,0.384615384615385,13
5,2,2015,11,395315,4,3,22,22.0833333333333,23,0,0,12
5,2,2015,12,395316,7,9,20,20.6842105263158,21,0,0,19
5,2,2015,13,395317,2,11,15,15.9130434782609,12,0,0,23
5,2,2015,14,395318,3,5,10,10.1428571428571,10,0,0,14
5,2,2015,15,395319,10,5,11,11.4761904761905,15,0,0,21
5,2,2015,16,395320,8,5,17,16.6,18,0,0,20
5,2,2015,17,395321,9,5,19,18.9583333333333,22,0,0,24
5,2,2015,18,395322,2,8,19,19.1666666666667,16,0,0,18
5,2,2015,19,395323,1,9,12,12.4705882352941,9,0,0,17
5,2,2015,20,395324,1,3,9,8.88888888888889,7,0,0,9
5,2,2015,21,395325,0,2,6,6.28571428571429,5,0,0,7
5,2,2015,22,395326,0,1,4,4.375,4,0,0,8
5,2,2015,23,395327,1,1,2,2.375,3,0,0,8
6,2,2015,0,395328,0,1,2,2.16666666666667,2,0,0,6
6,2,2015,1,395329,0,0,2,2,2,0,0,6
6,2,2015,2,395330,0,0,2,2,2,0,0,6
6,2,2015,3,395331,0,0,2,2,2,0,0,6
6,2,2015,4,395332,0,0,2,2,2,0,0,7
6,2,2015,5,395333,3,0,4,3.71428571428571,5,0,0,7
6,2,2015,6,395334,1,1,4,4.28571428571429,5,0,0,7
6,2,2015,7,395335,8,4,9,8.92307692307692,10,0,0,13
6,2,2015,8,395336,36,27,16.5,14.8333333333333,22,0.0416666666666667,0,24
6,2,2015,9,395337,1,0,23,22.8571428571429,23,0,0,7
6,2,2015,10,395338,2,2,23,22.5454545454545,23,0,0,11
6,2,2015,11,395339,1,1,23,22.9,23,0,0,10
6,2,2015,12,395340,2,7,21,20.4736842105263,17,0,0,19
6,2,2015,13,395341,4,6,16,15.5333333333333,14,0,0,15
6,2,2015,14,395342,4,13,10,9.80952380952381,5,0,0,21
6,2,2015,15,395343,5,4,6,5.78571428571429,6,0,0,14
6,2,2015,16,395344,8,1,9.5,9.33333333333333,13,0,0,12
6,2,2015,17,395345,4,5,15,14.9411764705882,13,0,0,17
6,2,2015,18,395346,2,8,9,9.5,7,0,0,16
6,2,2015,19,395347,10,7,10,8.91304347826087,10,0,0,23
6,2,2015,20,395348,0,0,10,10,10,0,0,6
6,2,2015,21,395349,4,1,11,10.9090909090909,13,0,0,11
6,2,2015,22,395350,1,2,13,13,12,0,0,9
6,2,2015,23,395351,1,5,10.5,10.25,8,0,0,12
7,2,2015,0,395352,0,4,6,6.4,4,0,0,10
7,2,2015,1,395353,0,1,3,3.14285714285714,3,0,0,7
7,2,2015,2,395354,0,1,3,2.625,2,0,0,8
7,2,2015,3,395355,0,0,2,2,2,0,0,6
7,2,2015,4,395356,0,0,2,2,2,0,0,7
7,2,2015,5,395357,0,0,2,2,2,0,0,6
7,2,2015,6,395358,0,0,3,3,3,0,0,6
7,2,2015,7,395359,0,2,3,2.42857142857143,1,0,0,7
7,2,2015,8,395360,3,1,1,1.22222222222222,3,0.333333333333333,0,9
7,2,2015,9,395361,6,3,5,5.2,6,0,0,15
7,2,2015,10,395362,2,2,7,7.1,7,0,0,10
7,2,2015,11,395363,2,1,7,7.125,8,0,0,8
7,2,2015,12,395364,2,2,9,8.63636363636364,8,0,0,11
7,2,2015,13,395365,2,3,9,9.36363636363636,8,0,0,11
7,2,2015,14,395366,2,4,7,7.22222222222222,6,0,0,9
7,2,2015,15,395367,3,1,7,7.3,9,0,0,10
7,2,2015,16,395368,3,1,11,10.75,12,0,0,8
7,2,2015,17,395369,3,1,13,13.25,14,0,0,8
7,2,2015,18,395370,6,0,17,16.4545454545455,20,0,0,11
7,2,2015,19,395371,5,8,17,16.875,16,0,0,16
7,2,2015,20,395372,6,3,21,20.6923076923077,21,0,0,13
7,2,2015,21,395373,0,2,19.5,19.625,19,0,0,8
7,2,2015,22,395374,0,3,17,17.1,16,0,0,10
7,2,2015,23,395375,0,1,16,15.8,15,0,0,10
8,2,2015,0,395376,0,3,13,12.8888888888889,12,0,0,9
8,2,2015,1,395377,0,1,11,11.2857142857143,11,0,0,7
8,2,2015,2,395378,1,0,11,11.4285714285714,12,0,0,7
8,2,2015,3,395379,1,0,13,12.8333333333333,13,0,0,6
8,2,2015,4,395380,0,0,13,13,13,0,0,8
8,2,2015,5,395381,1,0,13.5,13.5,14,0,0,6
8,2,2015,6,395382,0,0,14,14,14,0,0,6
8,2,2015,7,395383,2,2,14,13.7,14,0,0,10
8,2,2015,8,395384,2,1,14,14.4285714285714,15,0,0,7
8,2,2015,9,395385,4,2,15,15.3636363636364,17,0,0,11
8,2,2015,10,395386,2,3,15,15.25,16,0,0,12
8,2,2015,11,395387,5,1,15,15.4166666666667,19,0,0,12
8,2,2015,12,395388,4,3,23,22.2727272727273,21,0,0,11
8,2,2015,13,395389,2,2,20.5,20.25,21,0,0,8
8,2,2015,14,395390,2,1,21,20.8,22,0,0,10
8,2,2015,15,395391,3,2,21,21.5,23,0,0,12
8,2,2015,16,395392,4,5,22,21.3571428571429,22,0,0,14
8,2,2015,17,395393,3,2,22,22.2857142857143,23,0,0,14
8,2,2015,18,395394,1,1,23,22.9,23,0,0,10
8,2,2015,19,395395,2,5,22,21.5714285714286,19,0,0,14
8,2,2015,20,395396,0,2,18,17.875,17,0,0,8
8,2,2015,21,395397,0,5,14,14.375,12,0,0,8
8,2,2015,22,395398,0,2,10,10.5555555555556,10,0,0,9
8,2,2015,23,395399,0,0,10,10,10,0,0,6
9,2,2015,0,395400,0,0,10,10,10,0,0,6
9,2,2015,1,395401,0,0,10,10,10,0,0,5
9,2,2015,2,395402,0,0,10,10,10,0,0,6
9,2,2015,3,395403,0,0,10,10,10,0,0,6
9,2,2015,4,395404,0,0,10,10,10,0,0,9
9,2,2015,5,395405,1,0,11,10.6666666666667,11,0,0,6
9,2,2015,6,395406,1,2,11,10.5555555555556,10,0,0,9
9,2,2015,7,395407,10,1,14,14.2857142857143,19,0,0,14
9,2,2015,8,395408,4,1,23,22.5,23,0,0,12
9,2,2015,9,395409,0,1,23,22.7142857142857,22,0,0,7
9,2,2015,10,395410,3,5,20,19.8888888888889,20,0,0,18
9,2,2015,11,395411,6,5,22,22.2105263157895,22,0,0,19
9,2,2015,12,395412,2,4,23,22.2727272727273,20,0,0,11
9,2,2015,13,395413,1,12,16.5,15.85,10,0,0,20
9,2,2015,14,395414,5,4,10,9.71428571428571,10,0,0,14
9,2,2015,15,395415,10,7,10.5,10.6666666666667,13,0,0,18
9,2,2015,16,395416,9,4,13,14.2777777777778,18,0,0,18
9,2,2015,17,395417,6,9,16,16.2777777777778,15,0,0,18
9,2,2015,18,395418,8,15,11.5,11.6,8,0,0,30
9,2,2015,19,395419,7,11,5,5.20689655172414,3,0,0,29
9,2,2015,20,395420,2,4,2,1.83333333333333,1,0,0,12
9,2,2015,21,395421,2,3,0,0.642857142857143,0,0.571428571428571,0,14
9,2,2015,22,395422,1,0,1,0.857142857142857,1,0.142857142857143,0,7
9,2,2015,23,395423,1,1,1,1.125,1,0,0,8
10,2,2015,0,395424,0,1,1,0.666666666666667,0,0.333333333333333,0,6
10,2,2015,1,395425,0,0,0,0,0,1,0,6
10,2,2015,2,395426,1,0,1,0.666666666666667,1,0.333333333333333,0,6
10,2,2015,3,395427,0,0,1,1,1,0,0,6
10,2,2015,4,395428,0,0,1,1,1,0,0,8
10,2,2015,5,395429,1,1,2,1.55555555555556,1,0,0,9
10,2,2015,6,395430,4,0,2,2.33333333333333,5,0,0,9
10,2,2015,7,395431,5,1,7,6.9,9,0,0,10
10,2,2015,8,395432,9,2,15.5,14.8125,17,0,0,16
10,2,2015,9,395433,5,3,19.5,19.5,20,0,0,16
10,2,2015,10,395434,2,4,21,21.4210526315789,19,0,0,19
10,2,2015,11,395435,6,4,22,21.4,21,0,0,20
10,2,2015,12,395436,5,6,20,20.0588235294118,20,0,0,17
10,2,2015,13,395437,6,12,14,15.0833333333333,14,0,0,24
10,2,2015,14,395438,6,4,15,15.0666666666667,16,0,0,15
10,2,2015,15,395439,7,5,17,17.2666666666667,18,0,0,15
10,2,2015,16,395440,7,3,23,22,23,0,0.266666666666667,15
10,2,2015,17,395441,8,8,23,22.88,23,0,0.24,25
10,2,2015,18,395442,3,6,22,21.6875,20,0,0.125,16
10,2,2015,19,395443,3,9,18,16.8571428571429,13,0,0,21
10,2,2015,20,395444,5,9,11,11,9,0,0,19
10,2,2015,21,395445,2,8,4,4.8,3,0,0,15
10,2,2015,22,395446,1,4,2,1.63636363636364,0,0.272727272727273,0,11
10,2,2015,23,395447,2,0,1,0.857142857142857,2,0.428571428571429,0,7
11,2,2015,0,395448,0,0,2,2,2,0,0,6
11,2,2015,1,395449,0,0,2,2,2,0,0,6
11,2,2015,2,395450,0,0,2,2,2,0,0,6
11,2,2015,3,395451,0,0,2,2,2,0,0,6
11,2,2015,4,395452,0,0,2,2,2,0,0,7
11,2,2015,5,395453,2,0,3,3.14285714285714,4,0,0,7
11,2,2015,6,395454,3,1,4,3.88888888888889,6,0,0,9
11,2,2015,7,395455,6,2,10,9.66666666666667,11,0,0,12
11,2,2015,8,395456,13,3,21,19.952380952381,23,0,0.19047619047619,21
11,2,2015,9,395457,1,2,24,23.4285714285714,22,0,0.571428571428571,7
11,2,2015,10,395458,4,2,23,23.0666666666667,24,0,0.333333333333333,15
11,2,2015,11,395459,3,3,23,22.6428571428571,24,0,0.285714285714286,14
11,2,2015,12,395460,2,3,24,23.75,23,0,0.75,12
11,2,2015,13,395461,3,15,13.5,15.0333333333333,11,0,0,30
11,2,2015,14,395462,4,7,10,9.8125,8,0,0,16
11,2,2015,15,395463,11,6,10,9.55,12,0,0,20
11,2,2015,16,395464,1,4,12,12,10,0,0,13
11,2,2015,17,395465,11,8,12,11.3913043478261,13,0,0,23
11,2,2015,18,395466,4,6,11,11.3529411764706,11,0,0,17
11,2,2015,19,395467,3,8,9,8.25,5,0,0,20
11,2,2015,20,395468,2,7,4,3.46666666666667,1,0,0,15
11,2,2015,21,395469,3,1,1,1.33333333333333,3,0.111111111111111,0,9
11,2,2015,22,395470,1,4,1,1.27272727272727,0,0.363636363636364,0,11
11,2,2015,23,395471,3,2,1.5,1.4,1,0.1,0,10
12,2,2015,0,395472,1,1,1,0.857142857142857,1,0.142857142857143,0,7
12,2,2015,1,395473,0,1,0,0.428571428571429,0,0.571428571428571,0,7
12,2,2015,2,395474,1,0,0,0.285714285714286,1,0.714285714285714,0,7
12,2,2015,3,395475,0,0,1,1,1,0,0,6
12,2,2015,4,395476,0,0,1,1,1,0,0,7
12,2,2015,5,395477,0,0,1,1,1,0,0,7
12,2,2015,6,395478,4,1,1,1.66666666666667,4,0.222222222222222,0,9
12,2,2015,7,395479,11,3,10,9.375,12,0,0,16
12,2,2015,8,395480,12,1,20,19.15,24,0,0.05,20
12,2,2015,9,395481,1,3,24,23.5555555555556,22,0,0.666666666666667,9
12,2,2015,10,395482,1,1,24,23.5555555555556,23,0,0.555555555555556,9
12,2,2015,11,395483,0,1,23,23.4285714285714,23,0,0.428571428571429,7
12,2,2015,12,395484,2,2,23,22.7272727272727,23,0,0.181818181818182,11
12,2,2015,13,395485,1,5,21,21.0909090909091,19,0,0,11
12,2,2015,14,395486,5,2,20,20,22,0,0,13
12,2,2015,15,395487,2,1,24,23.75,24,0,0.75,8
12,2,2015,16,395488,1,4,23,22.6666666666667,21,0,0.25,12
12,2,2015,17,395489,2,3,21,20.8181818181818,20,0,0,11
12,2,2015,18,395490,1,1,20,20.3,20,0,0,10
12,2,2015,19,395491,3,5,21,20.4666666666667,19,0,0,15
12,2,2015,20,395492,2,2,18.5,18.4166666666667,19,0,0,12
12,2,2015,21,395493,3,2,19,19,20,0,0,8
12,2,2015,22,395494,1,1,19,19.375,20,0,0,8
12,2,2015,23,395495,1,1,20,20.2222222222222,20,0,0,9
13,2,2015,0,395496,0,0,20,20,20,0,0,6
13,2,2015,1,395497,0,1,19,19.375,19,0,0,8
13,2,2015,2,395498,0,0,19,19,19,0,0,6
13,2,2015,3,395499,0,0,19,19,19,0,0,5
13,2,2015,4,395500,0,0,19,19,19,0,0,9
13,2,2015,5,395501,1,0,20,19.5714285714286,20,0,0,7
13,2,2015,6,395502,2,1,20,20,21,0,0,10
13,2,2015,7,395503,3,1,24,23.6,24,0,0.7,10
13,2,2015,8,395504,1,1,24,23.8571428571429,24,0,0.857142857142857,7
13,2,2015,9,395505,23,26,21,18.44,21,0,0.12,25
13,2,2015,10,395506,3,3,22,21.6875,22,0,0,16
13,2,2015,11,395507,4,4,21,21,22,0,0,16
13,2,2015,12,395508,2,3,22,21.75,21,0,0,12
13,2,2015,13,395509,7,13,19.5,19.375,15,0,0,24
13,2,2015,14,395510,3,12,10,9.88,6,0,0,25
13,2,2015,15,395511,10,5,9,9.22222222222222,12,0,0,18
13,2,2015,16,395512,5,5,12,11.7647058823529,12,0,0,17
13,2,2015,17,395513,6,4,12,12.4117647058824,13,0,0,17
13,2,2015,18,395514,2,9,11,10.1764705882353,5,0,0,17
13,2,2015,19,395515,9,7,5.5,5.65384615384615,7,0,0,26
13,2,2015,20,395516,3,6,5.5,4.9375,4,0,0,16
13,2,2015,21,395517,1,3,1,1.1,1,0.3,0,10
13,2,2015,22,395518,6,6,1,0.85,1,0.4,0,20
13,2,2015,23,395519,4,5,3,2.46666666666667,1,0,0,15
14,2,2015,0,395520,1,1,0,0.111111111111111,0,0.888888888888889,0,9
14,2,2015,1,395521,1,1,0,0.111111111111111,0,0.888888888888889,0,9
14,2,2015,2,395522,0,0,0,0,0,1,0,8
14,2,2015,3,395523,4,0,2,1.875,4,0.25,0,8
14,2,2015,4,395524,2,0,4.5,4.9,6,0,0,10
14,2,2015,5,395525,0,0,6,6,6,0,0,6
14,2,2015,6,395526,0,0,6,6,6,0,0,5
14,2,2015,7,395527,0,1,6,5.71428571428571,5,0,0,7
14,2,2015,8,395528,2,0,7,6.88888888888889,8,0,0,9
14,2,2015,9,395529,5,2,11,10.7272727272727,12,0,0,11
14,2,2015,10,395530,4,1,15,14.4,15,0,0,10
14,2,2015,11,395531,6,5,16,16.1176470588235,16,0,0,17
14,2,2015,12,395532,5,6,17,17.1875,16,0,0,16
14,2,2015,13,395533,3,2,17,16.8333333333333,17,0,0,12
14,2,2015,14,395534,7,4,18,18.1176470588235,20,0,0,17
14,2,2015,15,395535,5,0,21,21.0909090909091,24,0,0.0909090909090909,11
14,2,2015,16,395536,1,2,24,23.8,23,0,0.8,10
14,2,2015,17,395537,3,3,23,22.6363636363636,22,0,0.0909090909090909,11
14,2,2015,18,395538,5,4,22,21.9166666666667,23,0,0.0833333333333333,12
14,2,2015,19,395539,8,7,22,22.4,24,0,0.25,20
14,2,2015,20,395540,4,7,23,22.75,21,0,0.1875,16
14,2,2015,21,395541,1,4,20,20.1428571428571,18,0,0,14
14,2,2015,22,395542,1,0,18,18.1666666666667,19,0,0,6
14,2,2015,23,395543,4,4,19,18.75,19,0,0,12
15,2,2015,0,395544,3,4,17,17.25,18,0,0,12
15,2,2015,1,395545,0,1,17.5,17.5,17,0,0,8
15,2,2015,2,395546,1,1,16,16.2222222222222,16,0,0,9
15,2,2015,3,395547,0,0,16,16,16,0,0,6
15,2,2015,4,395548,0,0,16,16,16,0,0,7
15,2,2015,5,395549,0,0,16,16,16,0,0,6
15,2,2015,6,395550,0,0,16,16,16,0,0,6
15,2,2015,7,395551,0,0,16,16,16,0,0,6
15,2,2015,8,395552,1,4,17,16.0909090909091,13,0,0,11
15,2,2015,9,395553,5,0,14,14.6,18,0,0,10
15,2,2015,10,395554,3,3,17.5,17.3333333333333,18,0,0,12
15,2,2015,11,395555,4,2,19,19.2307692307692,20,0,0,13
15,2,2015,12,395556,3,5,18,18.3076923076923,18,0,0,13
15,2,2015,13,395557,4,8,17,17.0625,14,0,0,16
15,2,2015,14,395558,0,3,13,12.625,11,0,0,8
15,2,2015,15,395559,2,4,9.5,9.5,9,0,0,10
15,2,2015,16,395560,5,4,11,10.6,10,0,0,15
15,2,2015,17,395561,7,3,13,12.6666666666667,14,0,0,15
15,2,2015,18,395562,6,6,13,12.6666666666667,14,0,0,15
15,2,2015,19,395563,1,5,12,11.9090909090909,10,0,0,11
15,2,2015,20,395564,4,8,6,5.93333333333333,5,0,0,15
15,2,2015,21,395565,1,2,4,3.8,4,0,0,10
15,2,2015,22,395566,0,2,3,3,2,0,0,7
15,2,2015,23,395567,0,0,2,2,2,0,0,6
16,2,2015,0,395568,0,1,1,1.33333333333333,1,0,0,6
16,2,2015,1,395569,0,0,1,1,1,0,0,6
16,2,2015,2,395570,0,0,1,1,1,0,0,6
16,2,2015,3,395571,0,0,1,1,1,0,0,6
16,2,2015,4,395572,0,0,1,1,1,0,0,7
16,2,2015,5,395573,1,0,2,1.71428571428571,2,0,0,7
16,2,2015,6,395574,4,1,4,3.6,5,0,0,10
16,2,2015,7,395575,8,2,8,7.86666666666667,11,0,0,15
16,2,2015,8,395576,13,2,23,20.8,24,0,0.4,25
16,2,2015,9,395577,3,2,24,23.7692307692308,24,0,0.769230769230769,13
16,2,2015,10,395578,4,4,24,23.6315789473684,24,0,0.684210526315789,19
16,2,2015,11,395579,2,2,24,23.8947368421053,24,0,0.894736842105263,19
16,2,2015,12,395580,4,6,23,23,22,0,0.315789473684211,19
16,2,2015,13,395581,10,22,10,10.9,9,0,0,40
16,2,2015,14,395582,7,4,9,10.3809523809524,12,0,0,21
16,2,2015,15,395583,5,7,11,10.85,10,0,0,20
16,2,2015,16,395584,6,6,12.5,12.4375,10,0,0,16
16,2,2015,17,395585,10,8,12,11.9615384615385,13,0,0,26
16,2,2015,18,395586,6,10,9.5,9.90909090909091,9,0,0,22
16,2,2015,19,395587,2,12,5,6,0,0.0476190476190476,0,21
16,2,2015,20,395588,2,2,0,0.714285714285714,0,0.571428571428571,0,7
16,2,2015,21,395589,1,0,0,0.142857142857143,1,0.857142857142857,0,7
16,2,2015,22,395590,0,1,0,0.285714285714286,0,0.714285714285714,0,7
16,2,2015,23,395591,1,1,0,0.125,0,0.875,0,8
17,2,2015,0,395592,0,0,0,0,0,1,0,6
17,2,2015,1,395593,0,0,0,0,0,1,0,6
17,2,2015,2,395594,0,0,0,0,0,1,0,6
17,2,2015,3,395595,0,0,0,0,0,1,0,6
17,2,2015,4,395596,0,0,0,0,0,1,0,9
17,2,2015,5,395597,0,0,0,0,0,1,0,6
17,2,2015,6,395598,3,1,1,1.11111111111111,2,0.111111111111111,0,9
17,2,2015,7,395599,7,2,6,5.69230769230769,8,0,0,13
17,2,2015,8,395600,9,1,12,12.0769230769231,16,0,0,13
17,2,2015,9,395601,8,0,19,19.6153846153846,24,0,0.153846153846154,13
17,2,2015,10,395602,3,4,23,23.3636363636364,23,0,0.454545454545455,11
17,2,2015,11,395603,2,2,23.5,23.5,23,0,0.5,8
17,2,2015,12,395604,4,12,22,20.6,16,0,0.04,25
17,2,2015,13,395605,2,6,13.5,13.5,12,0,0,18
17,2,2015,14,395606,4,3,13,12.5454545454545,13,0,0,11
17,2,2015,15,395607,5,7,15,14.8421052631579,12,0,0,19
17,2,2015,16,395608,3,6,11,11.375,9,0,0,16
17,2,2015,17,395609,7,7,10,9.65217391304348,10,0,0,23
17,2,2015,18,395610,2,4,10,10.0769230769231,9,0,0,13
17,2,2015,19,395611,1,11,4,4.72222222222222,0,0.111111111111111,0,18
17,2,2015,20,395612,2,1,0.5,0.625,1,0.5,0,8
17,2,2015,21,395613,1,1,0,0.333333333333333,1,0.666666666666667,0,9
17,2,2015,22,395614,0,2,0,0.571428571428571,0,0.714285714285714,0,7
17,2,2015,23,395615,2,0,0,0.857142857142857,2,0.571428571428571,0,7
18,2,2015,0,395616,0,0,2,2,2,0,0,6
18,2,2015,1,395617,1,0,3,2.66666666666667,3,0,0,6
18,2,2015,2,395618,0,0,3,3,3,0,0,6
18,2,2015,3,395619,0,0,3,3,3,0,0,6
18,2,2015,4,395620,0,0,3,3,3,0,0,8
18,2,2015,5,395621,1,0,4,3.83333333333333,4,0,0,6
18,2,2015,6,395622,3,1,5,4.81818181818182,6,0,0,11
18,2,2015,7,395623,7,1,10,9.72727272727273,12,0,0,11
18,2,2015,8,395624,24,12,16,14.2173913043478,21,0,0,23
18,2,2015,9,395625,4,1,22,22.1111111111111,24,0,0.222222222222222,9
18,2,2015,10,395626,5,5,23,23.2,24,0,0.4,15
18,2,2015,11,395627,0,1,24,23.9090909090909,23,0,0.909090909090909,11
18,2,2015,12,395628,5,15,18.5,18.9615384615385,14,0,0.115384615384615,26
18,2,2015,13,395629,6,12,8,8.73333333333333,8,0,0,30
18,2,2015,14,395630,11,11,8,8.42307692307692,7,0,0,26
18,2,2015,15,395631,11,10,10,9.76923076923077,9,0,0,26
18,2,2015,16,395632,4,6,9,9.125,7,0,0,16
18,2,2015,17,395633,7,8,6,5.85714285714286,6,0,0,21
18,2,2015,18,395634,7,4,8,8,8,0,0,18
18,2,2015,19,395635,4,11,2,2.66666666666667,0,0.0952380952380952,0,21
18,2,2015,20,395636,7,6,1,0.947368421052632,1,0.315789473684211,0,19
18,2,2015,21,395637,0,1,0,0.142857142857143,0,0.857142857142857,0,7
18,2,2015,22,395638,0,1,0,0.142857142857143,0,0.857142857142857,0,7
18,2,2015,23,395639,1,1,0,0.142857142857143,0,0.857142857142857,0,7
19,2,2015,0,395640,1,0,1,0.833333333333333,1,0.166666666666667,0,6
19,2,2015,1,395641,4,0,3,3.4,5,0,0,10
19,2,2015,2,395642,0,0,5,5,5,0,0,6
19,2,2015,3,395643,0,0,5,5,5,0,0,6
19,2,2015,4,395644,0,0,5,5,5,0,0,8
19,2,2015,5,395645,2,1,5,5.44444444444444,6,0,0,9
19,2,2015,6,395646,3,2,6,6,7,0,0,9
19,2,2015,7,395647,4,0,9,9,11,0,0,8
19,2,2015,8,395648,2,0,12,12,13,0,0,3
20,2,2015,3,395667,0,0,0,0,0,1,0,5
20,2,2015,4,395668,2,0,1,0.857142857142857,2,0.285714285714286,0,7
20,2,2015,5,395669,1,0,3,2.57142857142857,3,0,0,7
20,2,2015,6,395670,4,2,3,3.08333333333333,5,0,0,12
20,2,2015,7,395671,6,1,9,8.66666666666667,11,0,0,12
20,2,2015,8,395672,12,0,18,18.3846153846154,24,0,0.230769230769231,13
20,2,2015,9,395673,3,7,23,22.5,20,0,0.277777777777778,18
20,2,2015,10,395674,4,1,22,21.8333333333333,23,0,0,12
20,2,2015,11,395675,4,3,23.5,23.5,24,0,0.5,14
20,2,2015,12,395676,5,14,19,18.5555555555556,15,0,0.037037037037037,27
20,2,2015,13,395677,3,13,7.5,8.04545454545454,3,0,0,22
20,2,2015,14,395678,6,9,1,0.894736842105263,0,0.315789473684211,0,19
20,2,2015,15,395679,9,4,5,3.875,5,0.1875,0,16
20,2,2015,16,395680,4,6,6,5.8,5,0,0,15
20,2,2015,17,395681,6,3,5,5.53333333333333,8,0,0,15
20,2,2015,18,395682,8,5,11,10.9375,12,0,0,16
20,2,2015,19,395683,2,10,5.5,6.35,3,0,0,20
20,2,2015,20,395684,6,6,4,4.52941176470588,4,0,0,17
20,2,2015,21,395685,3,6,1,1.5,1,0.285714285714286,0,14
20,2,2015,22,395686,1,2,0,0.444444444444444,0,0.555555555555556,0,9
20,2,2015,23,395687,1,1,1,0.714285714285714,0,0.285714285714286,0,7
21,2,2015,0,395688,0,0,0,0,0,1,0,7
21,2,2015,1,395689,1,0,0,0.333333333333333,1,0.666666666666667,0,6
21,2,2015,2,395690,0,0,1,1,1,0,0,6
21,2,2015,3,395691,0,1,0,0.285714285714286,0,0.714285714285714,0,7
21,2,2015,4,395692,0,0,0,0,0,1,0,8
21,2,2015,5,395693,1,1,0,0.142857142857143,0,0.857142857142857,0,7
21,2,2015,6,395694,1,0,0,0.166666666666667,1,0.833333333333333,0,6
21,2,2015,7,395695,2,0,2,1.85714285714286,3,0,0,7
21,2,2015,8,395696,2,3,4,3.4,2,0,0,10
21,2,2015,9,395697,4,1,4,4.66666666666667,6,0,0,9
21,2,2015,10,395698,2,2,7,7,7,0,0,11
21,2,2015,11,395699,3,3,6.5,6.42857142857143,6,0,0,14
21,2,2015,12,395700,7,5,7,7.38095238095238,8,0,0,21
21,2,2015,13,395701,1,5,5.5,5.41666666666667,3,0,0,12
21,2,2015,14,395702,10,1,7,7.2,12,0,0,15
21,2,2015,15,395703,3,4,11,11.3636363636364,11,0,0,11
21,2,2015,16,395704,3,5,10,9.53333333333333,8,0,0,15
21,2,2015,17,395705,3,3,6,6.30769230769231,8,0,0,13
21,2,2015,18,395706,16,4,15,14.5263157894737,20,0,0,19
21,2,2015,19,395707,5,5,21,20.8666666666667,20,0,0,15
21,2,2015,20,395708,0,5,18,17.9090909090909,15,0,0,11
21,2,2015,21,395709,1,2,14,14.1111111111111,14,0,0,9
21,2,2015,22,395710,0,1,13,13.1428571428571,13,0,0,7
21,2,2015,23,395711,3,2,14,14.3333333333333,14,0,0,9
22,2,2015,0,395712,0,4,11.5,12.2,10,0,0,10
22,2,2015,1,395713,0,0,10,10,10,0,0,6
22,2,2015,2,395714,0,2,9,8.875,8,0,0,8
22,2,2015,3,395715,1,1,8,8.375,8,0,0,8
22,2,2015,4,395716,0,1,7,7.125,7,0,0,8
22,2,2015,5,395717,1,0,7.5,7.5,8,0,0,6
22,2,2015,6,395718,1,0,9,8.83333333333333,9,0,0,6
22,2,2015,7,395719,4,0,10,10.375,13,0,0,8
22,2,2015,8,395720,2,3,11,11.4444444444444,12,0,0,9
22,2,2015,9,395721,2,1,12,11.875,13,0,0,8
22,2,2015,10,395722,6,0,14,14.7777777777778,19,0,0,9
22,2,2015,11,395723,5,3,21,20.8181818181818,22,0,0,11
22,2,2015,12,395724,2,1,24,23.8666666666667,24,0,0.866666666666667,15
22,2,2015,13,395725,0,7,20.5,20.0714285714286,17,0,0.0714285714285714,14
22,2,2015,14,395726,2,4,16,16.1818181818182,15,0,0,11
22,2,2015,15,395727,3,1,17,16.625,17,0,0,8
22,2,2015,16,395728,1,3,15,15.5555555555556,15,0,0,9
22,2,2015,17,395729,6,3,19,18.5714285714286,19,0,0,14
22,2,2015,18,395730,6,3,23,23.2,24,0,0.466666666666667,15
22,2,2015,19,395731,2,4,23,23.3636363636364,22,0,0.454545454545455,11
22,2,2015,20,395732,0,3,19.5,19.9,19,0,0,10
22,2,2015,21,395733,1,1,18.5,18.5,19,0,0,8
22,2,2015,22,395734,0,0,19,19,19,0,0,6
22,2,2015,23,395735,0,0,19,19,19,0,0,6
23,2,2015,0,395736,0,0,19,19,19,0,0,6
23,2,2015,1,395737,1,0,20,19.8333333333333,20,0,0,6
23,2,2015,2,395738,0,0,20,20,20,0,0,6
23,2,2015,3,395739,0,0,20,20,20,0,0,6
23,2,2015,4,395740,0,0,20,20,20,0,0,7
23,2,2015,5,395741,2,0,22,21.4285714285714,22,0,0,7
23,2,2015,6,395742,2,0,23,22.7142857142857,24,0,0.142857142857143,7
23,2,2015,7,395743,1,1,24,23.875,24,0,0.875,8
23,2,2015,8,395744,0,0,24,24,24,0,1,7
23,2,2015,9,395745,3,4,23,23.0833333333333,23,0,0.333333333333333,12
23,2,2015,10,395746,3,3,24,23.7692307692308,24,0,0.769230769230769,13
23,2,2015,11,395747,22,25,20,19.375,20,0,0.333333333333333,24
23,2,2015,12,395748,1,9,22,21.2,16,0,0.2,25
23,2,2015,13,395749,2,10,12,11.9473684210526,8,0,0,19
23,2,2015,14,395750,6,8,9,9.31578947368421,7,0,0,19
23,2,2015,15,395751,4,6,6,6.25,6,0,0,16
23,2,2015,16,395752,0,3,4.5,4.5,3,0,0,10
23,2,2015,17,395753,5,5,2,2.06666666666667,3,0.133333333333333,0,15
23,2,2015,18,395754,3,5,1,1.21428571428571,1,0.214285714285714,0,14
23,2,2015,19,395755,3,3,0,0.454545454545455,1,0.545454545454545,0,11
23,2,2015,20,395756,1,1,0,0.285714285714286,0,0.714285714285714,0,7
23,2,2015,21,395757,3,3,0,0.363636363636364,0,0.636363636363636,0,11
23,2,2015,22,395758,2,3,0,0.416666666666667,0,0.583333333333333,0,12
23,2,2015,23,395759,0,0,0,0,0,1,0,6
24,2,2015,0,395760,0,0,0,0,0,1,0,6
24,2,2015,1,395761,0,0,0,0,0,1,0,6
24,2,2015,2,395762,0,0,0,0,0,1,0,6
24,2,2015,3,395763,0,0,0,0,0,1,0,6
24,2,2015,4,395764,0,0,0,0,0,1,0,7
24,2,2015,5,395765,2,0,1,1,2,0.166666666666667,0,6
24,2,2015,6,395766,7,3,3,4,6,0,0,13
24,2,2015,7,395767,9,1,10.5,10.9285714285714,15,0,0,14
24,2,2015,8,395768,8,2,21,20.2,22,0,0,15
24,2,2015,9,395769,6,3,23,23.0625,24,0,0.4375,16
24,2,2015,10,395770,6,6,23,22.5,24,0,0.318181818181818,22
24,2,2015,11,395771,5,5,23,22.9166666666667,24,0,0.333333333333333,12
24,2,2015,12,395772,1,9,19,19.3157894736842,16,0,0.0526315789473684,19
24,2,2015,13,395773,8,11,13,12.8571428571429,13,0,0,21
24,2,2015,14,395774,7,6,13,13,14,0,0,17
24,2,2015,15,395775,6,8,13,13.16,11,0,0,25
24,2,2015,16,395776,4,6,11,11,9,0,0,13
24,2,2015,17,395777,7,11,9,8.72,5,0,0,25
24,2,2015,18,395778,3,9,5,4.15,0,0.05,0,20
24,2,2015,19,395779,3,3,1,1.09090909090909,0,0.363636363636364,0,11
24,2,2015,20,395780,3,2,0,0.333333333333333,1,0.666666666666667,0,9
24,2,2015,21,395781,3,1,1,1,3,0.333333333333333,0,9
24,2,2015,22,395782,0,3,2,1.85714285714286,0,0.142857142857143,0,7
24,2,2015,23,395783,0,1,0,0.142857142857143,0,0.857142857142857,0,7
25,2,2015,0,395784,0,0,0,0,0,1,0,6
25,2,2015,1,395785,0,0,0,0,0,1,0,6
25,2,2015,2,395786,0,0,0,0,0,1,0,6
25,2,2015,3,395787,0,0,0,0,0,1,0,6
25,2,2015,4,395788,0,0,0,0,0,1,0,8
25,2,2015,5,395789,0,0,0,0,0,1,0,6
25,2,2015,6,395790,5,0,1.5,1.9,5,0.3,0,10
25,2,2015,7,395791,6,2,8,7.45454545454545,9,0,0,11
25,2,2015,8,395792,13,2,18.5,16.6666666666667,20,0,0,18
25,2,2015,9,395793,2,2,20,19.625,20,0,0,8
25,2,2015,10,395794,4,9,18,17.8695652173913,15,0,0,23
25,2,2015,11,395795,5,3,18.5,18,17,0,0,14
25,2,2015,12,395796,7,6,17,17.0952380952381,18,0,0,21
25,2,2015,13,395797,9,12,17,16.71875,16,0,0,32
25,2,2015,14,395798,5,7,18,17.5555555555556,16,0,0,18
25,2,2015,15,395799,9,3,18,17.8125,21,0,0,16
25,2,2015,16,395800,2,10,16.5,16.5454545454545,13,0,0,22
25,2,2015,17,395801,7,9,13,12.6363636363636,11,0,0,22
25,2,2015,18,395802,6,7,9,9.04347826086956,10,0,0,23
25,2,2015,19,395803,5,14,6,5.55555555555556,0,0.0740740740740741,0,27
25,2,2015,20,395804,0,0,0,0,0,1,0,6
25,2,2015,21,395805,2,2,1,0.9,1,0.3,0,10
25,2,2015,22,395806,1,2,0,0.375,0,0.625,0,8
25,2,2015,23,395807,1,0,0.5,0.5,1,0.5,0,6
26,2,2015,0,395808,0,1,0,0.142857142857143,0,0.857142857142857,0,7
26,2,2015,1,395809,0,0,0,0,0,1,0,5
26,2,2015,2,395810,0,0,0,0,0,1,0,6
26,2,2015,3,395811,0,0,0,0,0,1,0,6
26,2,2015,4,395812,0,0,0,0,0,1,0,10
26,2,2015,5,395813,1,1,1,0.75,0,0.25,0,8
26,2,2015,6,395814,5,1,2,1.9,4,0.1,0,10
26,2,2015,7,395815,9,1,6,7.4,12,0,0,15
26,2,2015,8,395816,10,3,16,16.1176470588235,20,0,0,17
26,2,2015,9,395817,5,7,20,20.4,18,0,0,15
26,2,2015,10,395818,3,4,19.5,19.6428571428571,18,0,0,14
26,2,2015,11,395819,5,4,17,16.9285714285714,18,0,0,14
26,2,2015,12,395820,4,5,17,16.9166666666667,17,0,0,12
26,2,2015,13,395821,4,14,11,11.5483870967742,7,0,0,31
26,2,2015,14,395822,5,7,4,4.44444444444444,5,0,0,18
26,2,2015,15,395823,6,8,2.5,2.5,4,0.15,0,20
26,2,2015,16,395824,8,6,7,6.875,6,0,0,16
26,2,2015,17,395825,4,9,5,3.94736842105263,2,0.0526315789473684,0,19
26,2,2015,18,395826,3,5,2.5,2.16666666666667,0,0.25,0,12
26,2,2015,19,395827,3,3,0,0.4,0,0.7,0,10
26,2,2015,20,395828,1,0,0.5,0.5,1,0.5,0,6
26,2,2015,21,395829,1,1,1,1.375,1,0,0,8
26,2,2015,22,395830,0,1,0,0.285714285714286,0,0.714285714285714,0,7
26,2,2015,23,395831,0,0,0,0,0,1,0,6
27,2,2015,0,395832,0,0,0,0,0,1,0,6
27,2,2015,1,395833,0,0,0,0,0,1,0,6
27,2,2015,2,395834,0,0,0,0,0,1,0,6
27,2,2015,3,395835,0,0,0,0,0,1,0,6
27,2,2015,4,395836,0,0,0,0,0,1,0,8
27,2,2015,5,395837,1,0,0.5,0.5,1,0.5,0,8
27,2,2015,6,395838,6,2,2,2.4,5,0,0,10
27,2,2015,7,395839,5,1,8,8.07692307692308,10,0,0,13
27,2,2015,8,395840,8,1,13.5,13.8,17,0,0,10
27,2,2015,9,395841,2,1,23,23.3571428571429,24,0,0.357142857142857,14
27,2,2015,10,395842,2,3,23,22.7692307692308,22,0,0.153846153846154,13
27,2,2015,11,395843,2,4,23,22.7692307692308,21,0,0.153846153846154,13
27,2,2015,12,395844,7,9,20,20.4814814814815,20,0,0,27
27,2,2015,13,395845,7,13,18,17.304347826087,14,0,0,23
27,2,2015,14,395846,3,6,11,11.8,11,0,0,15
27,2,2015,15,395847,3,4,11,11.3846153846154,11,0,0,13
27,2,2015,16,395848,6,4,10,10.4615384615385,13,0,0,13
27,2,2015,17,395849,5,4,15,15.1428571428571,15,0,0,14
27,2,2015,18,395850,4,6,13,13.3125,12,0,0,16
27,2,2015,19,395851,7,4,14,14.3,16,0,0,20
27,2,2015,20,395852,5,1,17,17.6363636363636,21,0,0,11
27,2,2015,21,395853,2,7,19,18.7857142857143,16,0,0,14
27,2,2015,22,395854,2,4,15,15.4545454545455,14,0,0,11
27,2,2015,23,395855,3,7,12,12.2222222222222,11,0,0,18
28,2,2015,0,395856,0,0,11,11,11,0,0,5
28,2,2015,1,395857,1,1,11,10.5714285714286,11,0,0,7
28,2,2015,2,395858,0,2,9,9.5,9,0,0,8
28,2,2015,3,395859,0,2,9,8.33333333333333,7,0,0,9
28,2,2015,4,395860,2,2,6,6.27272727272727,7,0,0,11
28,2,2015,5,395861,1,1,7,7.42857142857143,7,0,0,7
28,2,2015,6,395862,1,0,7,7.14285714285714,8,0,0,7
28,2,2015,7,395863,0,0,8,8,8,0,0,7
28,2,2015,8,395864,3,0,11,10.7142857142857,12,0,0,7
28,2,2015,9,395865,1,2,13,13.2,12,0,0,10
28,2,2015,10,395866,10,2,19,18.2142857142857,21,0,0,14
28,2,2015,11,395867,4,3,22,22.3333333333333,23,0,0.2,15
28,2,2015,12,395868,3,7,22,22.1666666666667,20,0,0.166666666666667,18
28,2,2015,13,395869,0,3,19,19.2,18,0,0,10
28,2,2015,14,395870,3,4,19,18.8461538461538,17,0,0,13
28,2,2015,15,395871,5,5,17,16.8,18,0,0,15
28,2,2015,16,395872,9,5,16,17.0625,22,0,0,16
28,2,2015,17,395873,4,3,23.5,23.25,24,0,0.5,16
28,2,2015,18,395874,4,4,22,22.1111111111111,23,0,0,18
28,2,2015,19,395875,1,0,24,23.6666666666667,24,0,0.666666666666667,6
28,2,2015,20,395876,2,6,22,21.9411764705882,20,0,0.235294117647059,17
28,2,2015,21,395877,4,9,15.5,16.1666666666667,14,0,0,18
28,2,2015,22,395878,1,4,13,12.9166666666667,11,0,0,12
28,2,2015,23,395879,2,2,10,9.8,11,0,0,10
1,3,2015,0,395880,1,5,10,9.81818181818182,8,0,0,11
1,3,2015,1,395881,0,2,8,7.33333333333333,6,0,0,9
1,3,2015,2,395882,1,1,6,5.71428571428571,6,0,0,7
1,3,2015,3,395883,0,2,4,4.44444444444444,4,0,0,9
1,3,2015,4,395884,0,1,4,3.875,3,0,0,8
1,3,2015,5,395885,3,1,3,3.44444444444444,5,0,0,9
1,3,2015,6,395886,1,0,5,5.28571428571429,6,0,0,7
1,3,2015,7,395887,1,0,6,6.16666666666667,7,0,0,6
1,3,2015,8,395888,2,1,8,7.66666666666667,8,0,0,9
1,3,2015,9,395889,4,1,9,10,12,0,0,9
1,3,2015,10,395890,4,1,14,14.4444444444444,16,0,0,9
1,3,2015,11,395891,3,2,18,17.8461538461538,18,0,0,13
1,3,2015,12,395892,4,0,24,22.8571428571429,24,0,0.571428571428571,7
1,3,2015,13,395893,4,20,14,15.4074074074074,8,0,0.111111111111111,27
1,3,2015,14,395894,0,8,4,4.17647058823529,0,0.0588235294117647,0,17
1,3,2015,15,395895,10,1,7,5.81818181818182,9,0.0909090909090909,0,11
1,3,2015,16,395896,2,3,9,8.92307692307692,8,0,0,13
1,3,2015,17,395897,2,9,3,3.35294117647059,0,0.0588235294117647,0,17
1,3,2015,18,395898,8,1,7,6.46153846153846,8,0,0,13
1,3,2015,19,395899,3,5,6,6.46153846153846,5,0,0,13
1,3,2015,20,395900,1,5,1,1.41666666666667,0,0.25,0,12
1,3,2015,21,395901,1,0,1,0.833333333333333,1,0.166666666666667,0,6
1,3,2015,22,395902,1,2,1,0.666666666666667,0,0.333333333333333,0,9
1,3,2015,23,395903,1,0,0,0.166666666666667,1,0.833333333333333,0,6
2,3,2015,0,395904,0,1,0,0.285714285714286,0,0.714285714285714,0,7
2,3,2015,1,395905,0,0,0,0,0,1,0,6
2,3,2015,2,395906,0,0,0,0,0,1,0,6
2,3,2015,3,395907,0,0,0,0,0,1,0,6
2,3,2015,4,395908,0,0,0,0,0,1,0,8
2,3,2015,5,395909,2,0,1,1.14285714285714,2,0.142857142857143,0,7
2,3,2015,6,395910,5,1,3,3.54545454545455,6,0,0,11
2,3,2015,7,395911,3,2,7,7.1,7,0,0,10
2,3,2015,8,395912,14,3,16,15.2352941176471,20,0,0,17
2,3,2015,9,395913,5,2,21.5,21.7142857142857,23,0,0.142857142857143,14
2,3,2015,10,395914,1,1,23.5,23.5,23,0,0.5,8
2,3,2015,11,395915,3,5,23,22.5294117647059,21,0,0.0588235294117647,17
2,3,2015,12,395916,4,6,22,21.8823529411765,19,0,0.176470588235294,17
2,3,2015,13,395917,2,19,8.5,9.10714285714286,2,0,0,28
2,3,2015,14,395918,11,2,7,6.2,10,0,0,15
2,3,2015,15,395919,11,7,13.5,13.5555555555556,15,0,0,18
2,3,2015,16,395920,3,4,16,15.4210526315789,15,0,0,19
2,3,2015,17,395921,5,3,20.5,20.5,21,0,0,14
2,3,2015,18,395922,4,12,17,17.5,13,0,0,20
2,3,2015,19,395923,6,10,11.5,11.1,8,0,0,20
2,3,2015,20,395924,1,8,5,4.93333333333333,1,0,0,15
2,3,2015,21,395925,2,2,0,0.375,1,0.625,0,8
2,3,2015,22,395926,2,2,0.5,0.5,1,0.5,0,10
2,3,2015,23,395927,0,1,0,0.428571428571429,0,0.571428571428571,0,7
3,3,2015,0,395928,0,0,0,0,0,1,0,6
3,3,2015,1,395929,0,0,0,0,0,1,0,6
3,3,2015,2,395930,0,0,0,0,0,1,0,6
3,3,2015,3,395931,0,0,0,0,0,1,0,6
3,3,2015,4,395932,0,0,0,0,0,1,0,7
3,3,2015,5,395933,2,0,2,1.57142857142857,2,0.142857142857143,0,7
3,3,2015,6,395934,4,3,3,3.08333333333333,4,0,0,12
3,3,2015,7,395935,16,3,8,8.47368421052632,17,0,0,19
3,3,2015,8,395936,8,2,24,23.3333333333333,24,0,0.666666666666667,18
3,3,2015,9,395937,3,3,24,23.7142857142857,24,0,0.714285714285714,14
3,3,2015,10,395938,4,6,23.5,23.375,22,0,0.5,16
3,3,2015,11,395939,7,4,23,22.9444444444444,24,0,0.333333333333333,18
3,3,2015,12,395940,9,13,20,19.8620689655172,20,0,0.103448275862069,29
3,3,2015,13,395941,2,21,3,6.32,0,0.24,0,25
3,3,2015,14,395942,9,3,2,2.53333333333333,7,0.0666666666666667,0,15
3,3,2015,15,395943,10,12,7.5,8.08333333333333,5,0,0,24
3,3,2015,16,395944,4,4,5,4.72727272727273,5,0,0,11
3,3,2015,17,395945,8,9,3,3,3,0.142857142857143,0,21
3,3,2015,18,395946,4,6,1,1.06666666666667,0,0.333333333333333,0,15
3,3,2015,19,395947,2,3,0,0.384615384615385,0,0.615384615384615,0,13
3,3,2015,20,395948,3,3,0,0.444444444444444,0,0.555555555555556,0,9
3,3,2015,21,395949,3,1,1,1.44444444444444,2,0.222222222222222,0,9
3,3,2015,22,395950,1,0,2,2.14285714285714,3,0,0,7
3,3,2015,23,395951,0,2,0,0.5,0,0.625,0,8
4,3,2015,0,395952,1,1,0,0.285714285714286,0,0.714285714285714,0,7
4,3,2015,1,395953,1,0,1,0.833333333333333,1,0.166666666666667,0,6
4,3,2015,2,395954,0,1,0,0.285714285714286,0,0.714285714285714,0,7
4,3,2015,3,395955,0,0,0,0,0,1,0,6
4,3,2015,4,395956,1,0,0,0.125,1,0.875,0,8
4,3,2015,5,395957,2,0,3,2.57142857142857,3,0,0,7
4,3,2015,6,395958,5,0,5.5,5.1,8,0,0,10
4,3,2015,7,395959,19,11,8,8.85714285714286,16,0,0,28
4,3,2015,8,395960,8,1,23,21.4666666666667,23,0,0.333333333333333,15
4,3,2015,9,395961,3,2,24,23.5454545454545,24,0,0.636363636363636,11
4,3,2015,10,395962,3,3,23,23,24,0,0.307692307692308,13
4,3,2015,11,395963,7,7,23,22.8,24,0,0.45,20
4,3,2015,12,395964,4,5,23,23.1666666666667,23,0,0.333333333333333,18
4,3,2015,13,395965,4,25,7,9.6969696969697,1,0.0303030303030303,0,33
4,3,2015,14,395966,3,5,1,0.8,0,0.4,0,15
4,3,2015,15,395967,13,6,3,3.86363636363636,8,0,0,22
4,3,2015,16,395968,5,11,6,5.47826086956522,2,0,0,23
4,3,2015,17,395969,7,7,1,0.789473684210526,0,0.421052631578947,0,19
4,3,2015,18,395970,10,7,1,1,3,0.4,0,20
4,3,2015,19,395971,1,4,0.5,0.75,0,0.5,0,12
4,3,2015,20,395972,1,0,0,0.142857142857143,1,0.857142857142857,0,7
4,3,2015,21,395973,1,1,0,0.444444444444444,1,0.555555555555556,0,9
4,3,2015,22,395974,1,1,1,1.22222222222222,2,0,0,9
4,3,2015,23,395975,1,2,1,0.875,1,0.375,0,8
5,3,2015,0,395976,0,1,0,0.166666666666667,0,0.833333333333333,0,6
5,3,2015,1,395977,1,0,1,0.833333333333333,1,0.166666666666667,0,6
5,3,2015,2,395978,0,0,1,1,1,0,0,6
5,3,2015,3,395979,0,0,1,1,1,0,0,6
5,3,2015,4,395980,0,0,1,1,1,0,0,8
5,3,2015,5,395981,0,1,2,1.71428571428571,1,0,0,7
5,3,2015,6,395982,5,0,2.5,3,6,0,0,10
5,3,2015,7,395983,9,1,8,9.07692307692308,14,0,0,13
5,3,2015,8,395984,7,4,18,18.1176470588235,18,0,0,17
5,3,2015,9,395985,5,4,19,18.8571428571429,19,0,0,14
5,3,2015,10,395986,7,4,23,23.0555555555556,24,0,0.333333333333333,18
5,3,2015,11,395987,4,4,24,23.4666666666667,24,0,0.533333333333333,15
5,3,2015,12,395988,11,11,21,20.9285714285714,24,0,0.178571428571429,28
5,3,2015,13,395989,4,19,13,14.9032258064516,9,0,0.032258064516129,31
5,3,2015,14,395990,9,11,8,8.53571428571429,8,0,0,28
5,3,2015,15,395991,10,12,9,8.67857142857143,6,0,0,28
5,3,2015,16,395992,5,10,2,2.38461538461538,1,0.0769230769230769,0,26
5,3,2015,17,395993,8,6,1,1.21052631578947,3,0.210526315789474,0,19
5,3,2015,18,395994,6,8,3,2.57142857142857,2,0.0952380952380952,0,21
5,3,2015,19,395995,7,9,1,1.05,0,0.35,0,20
5,3,2015,20,395996,3,2,1,0.7,1,0.4,0,10
5,3,2015,21,395997,5,2,1,1.3,4,0.3,0,10
5,3,2015,22,395998,0,4,1,1.55555555555556,0,0.222222222222222,0,9
5,3,2015,23,395999,0,0,0,0,0,1,0,6
6,3,2015,0,396000,0,0,0,0,0,1,0,6
6,3,2015,1,396001,0,0,0,0,0,1,0,6
6,3,2015,2,396002,0,0,0,0,0,1,0,6
6,3,2015,3,396003,0,0,0,0,0,1,0,6
6,3,2015,4,396004,0,0,0,0,0,1,0,7
6,3,2015,5,396005,1,1,0,0.222222222222222,0,0.777777777777778,0,9
6,3,2015,6,396006,6,2,3.5,2.5,4,0.333333333333333,0,12
6,3,2015,7,396007,12,7,5,5.04761904761905,10,0,0,21
6,3,2015,8,396008,9,1,14,13.8571428571429,18,0,0,14
6,3,2015,9,396009,6,2,23,21.9090909090909,23,0,0.363636363636364,11
6,3,2015,10,396010,3,5,23,22.9411764705882,22,0,0.294117647058824,17
6,3,2015,11,396011,6,3,24,23.5,24,0,0.666666666666667,18
6,3,2015,12,396012,8,10,23,23.1034482758621,22,0,0.413793103448276,29
6,3,2015,13,396013,4,16,19,18.2333333333333,11,0,0,30
6,3,2015,14,396014,3,12,2,3.85714285714286,2,0.238095238095238,0,21
6,3,2015,15,396015,7,9,2.5,2.4,0,0.1,0,20
6,3,2015,16,396016,2,1,0,0.3,1,0.7,0,10
6,3,2015,17,396017,10,6,6,5.94444444444444,5,0,0,18
6,3,2015,18,396018,4,8,2,2.05555555555556,1,0.111111111111111,0,18
6,3,2015,19,396019,2,3,0.5,0.666666666666667,0,0.5,0,12
6,3,2015,20,396020,1,2,0.5,0.5,0,0.5,0,8
6,3,2015,21,396021,2,1,1,0.666666666666667,1,0.333333333333333,0,9
6,3,2015,22,396022,1,0,2,1.875,2,0,0,8
6,3,2015,23,396023,1,0,1.5,1.5,2,0,0,8
7,3,2015,0,396024,0,2,0,0.6,0,0.6,0,10
7,3,2015,1,396025,3,3,1,0.846153846153846,0,0.461538461538462,0,13
7,3,2015,2,396026,1,1,0,0.375,0,0.625,0,8
7,3,2015,3,396027,1,0,0,0.428571428571429,1,0.571428571428571,0,7
7,3,2015,4,396028,0,0,1,1,1,0,0,10
7,3,2015,5,396029,1,0,2,1.85714285714286,2,0,0,7
7,3,2015,6,396030,0,0,2,2,2,0,0,6
7,3,2015,7,396031,3,0,4,4.125,6,0,0,8
7,3,2015,8,396032,1,2,6,6.1,5,0,0,10
7,3,2015,9,396033,3,1,7,6.8,8,0,0,10
7,3,2015,10,396034,5,8,7,7.11111111111111,6,0,0,18
7,3,2015,11,396035,13,5,12,12.047619047619,15,0,0,21
7,3,2015,12,396036,11,6,17,17.1666666666667,21,0,0,24
7,3,2015,13,396037,4,13,19,18.4782608695652,12,0,0.130434782608696,23
7,3,2015,14,396038,3,4,11,10.5833333333333,11,0,0,12
7,3,2015,15,396039,0,6,8.5,8.25,5,0,0,12
7,3,2015,16,396040,1,3,4.5,5.08333333333333,4,0,0,12
7,3,2015,17,396041,3,1,6,6.2,8,0,0,10
7,3,2015,18,396042,4,7,6.5,5.94444444444444,4,0,0,18
7,3,2015,19,396043,10,5,8,7.65,9,0,0,20
7,3,2015,20,396044,3,8,6.5,6,3,0,0,18
7,3,2015,21,396045,3,3,2,1.66666666666667,2,0.0833333333333333,0,12
7,3,2015,22,396046,26,4,21,17.8,24,0,0.24,25
7,3,2015,23,396047,0,11,16,17.6470588235294,13,0,0.0588235294117647,17
8,3,2015,0,396048,0,6,11,10.8181818181818,7,0,0,11
8,3,2015,1,396049,1,6,3,3.13333333333333,1,0,0,15
8,3,2015,2,396050,0,1,1,0.666666666666667,0,0.333333333333333,0,6
8,3,2015,3,396051,0,0,0,0,0,1,0,6
8,3,2015,4,396052,0,0,0,0,0,1,0,7
8,3,2015,5,396053,0,0,0,0,0,1,0,6
8,3,2015,6,396054,0,0,0,0,0,1,0,6
8,3,2015,7,396055,6,0,0.5,1.8,6,0.5,0,10
8,3,2015,8,396056,2,1,7,6.875,7,0,0,8
8,3,2015,9,396057,3,3,6,6.33333333333333,6,0,0,9
8,3,2015,10,396058,5,4,7,6.94117647058824,8,0,0,17
8,3,2015,11,396059,4,5,8,7.25,8,0,0,16
8,3,2015,12,396060,10,3,15,14.6666666666667,16,0,0,18
8,3,2015,13,396061,6,10,13.5,14.85,13,0,0,20
8,3,2015,14,396062,5,2,15,15.2142857142857,16,0,0,14
8,3,2015,15,396063,3,4,15,15.2307692307692,14,0,0,13
8,3,2015,16,396064,3,3,16,15.75,15,0,0,12
8,3,2015,17,396065,0,2,16,15.625,14,0,0,8
8,3,2015,18,396066,0,2,13,13.1111111111111,12,0,0,9
8,3,2015,19,396067,1,3,12,11.8181818181818,11,0,0,11
8,3,2015,20,396068,1,2,10,9.875,10,0,0,8
8,3,2015,21,396069,1,1,10,10.25,10,0,0,8
8,3,2015,22,396070,0,1,9,9.16666666666667,9,0,0,6
8,3,2015,23,396071,0,8,6,5.36363636363636,1,0,0,11
9,3,2015,0,396072,0,0,2,2,2,0,0,6
9,3,2015,1,396073,1,0,3,2.83333333333333,3,0,0,6
9,3,2015,2,396074,0,0,3,3,3,0,0,6
9,3,2015,3,396075,0,0,3,3,3,0,0,6
9,3,2015,4,396076,0,0,3,3,3,0,0,8
9,3,2015,5,396077,1,0,3,3.28571428571429,4,0,0,7
9,3,2015,6,396078,7,1,7,7.38461538461539,10,0,0,13
9,3,2015,7,396079,8,1,13,13.8,18,0,0,15
9,3,2015,8,396080,4,2,23.5,23,22,0,0.5,10
9,3,2015,9,396081,3,2,23,23,23,0,0.25,12
9,3,2015,10,396082,5,4,24,23.5,24,0,0.5625,16
9,3,2015,11,396083,5,8,22.5,22.5909090909091,21,0,0.272727272727273,22
9,3,2015,12,396084,7,5,23,23.2857142857143,23,0,0.476190476190476,21
9,3,2015,13,396085,4,18,15.5,15.1,9,0,0,30
9,3,2015,14,396086,9,9,8,7.96296296296296,8,0,0,27
9,3,2015,15,396087,13,7,13,13.4285714285714,15,0,0,21
9,3,2015,16,396088,2,5,12,12.5,12,0,0,12
9,3,2015,17,396089,10,5,12,13,18,0,0,19
9,3,2015,18,396090,9,16,16.5,15.1875,11,0,0,32
9,3,2015,19,396091,1,13,5,5.09090909090909,0,0.136363636363636,0,22
9,3,2015,20,396092,3,3,0.5,0.5,1,0.5,0,12
9,3,2015,21,396093,2,3,0,0.461538461538462,0,0.538461538461538,0,13
9,3,2015,22,396094,1,1,0,0.142857142857143,0,0.857142857142857,0,7
9,3,2015,23,396095,1,2,0,0.25,0,0.75,0,8
10,3,2015,0,396096,2,1,1,1,1,0.181818181818182,0,11
10,3,2015,1,396097,1,1,1,0.714285714285714,1,0.285714285714286,0,7
10,3,2015,2,396098,0,0,1,1,1,0,0,6
10,3,2015,3,396099,0,0,1,1,1,0,0,6
10,3,2015,4,396100,0,0,1,1,1,0,0,8
10,3,2015,5,396101,2,0,2,2,3,0,0,7
10,3,2015,6,396102,4,2,4,4,5,0,0,11
10,3,2015,7,396103,8,1,8,8.16666666666667,12,0,0,12
10,3,2015,8,396104,11,5,15,15.5714285714286,20,0,0,21
10,3,2015,9,396105,8,5,22,22.1666666666667,24,0,0.277777777777778,18
10,3,2015,10,396106,0,2,24,23.6,22,0,0.7,10
10,3,2015,11,396107,6,4,23.5,23.2727272727273,24,0,0.5,22
10,3,2015,12,396108,7,10,23,23.2962962962963,21,0,0.481481481481481,27
10,3,2015,13,396109,4,14,15,15,10,0,0,25
10,3,2015,14,396110,8,9,8,8.20833333333333,9,0,0,24
10,3,2015,15,396111,10,5,12,11.8823529411765,14,0,0,17
10,3,2015,16,396112,2,8,11,11.2857142857143,8,0,0,14
10,3,2015,17,396113,4,10,6.5,6.55555555555556,4,0,0,18
10,3,2015,18,396114,6,8,3,3.06666666666667,2,0.0666666666666667,0,15
10,3,2015,19,396115,2,4,1,0.833333333333333,0,0.416666666666667,0,12
10,3,2015,20,396116,1,1,0,0.333333333333333,0,0.666666666666667,0,9
10,3,2015,21,396117,1,0,0,0.142857142857143,1,0.857142857142857,0,7
10,3,2015,22,396118,1,1,1,0.75,1,0.25,0,8
10,3,2015,23,396119,1,2,0,0.25,0,0.75,0,8
11,3,2015,0,396120,0,0,0,0,0,1,0,6
11,3,2015,1,396121,0,0,0,0,0,1,0,6
11,3,2015,2,396122,0,0,0,0,0,1,0,6
11,3,2015,3,396123,0,0,0,0,0,1,0,6
11,3,2015,4,396124,0,0,0,0,0,1,0,10
11,3,2015,5,396125,2,0,1,1,2,0.142857142857143,0,7
11,3,2015,6,396126,2,0,2,2.44444444444444,4,0,0,9
11,3,2015,7,396127,14,2,11.5,10.5,16,0,0,20
11,3,2015,8,396128,9,2,21.5,21.5,24,0,0.222222222222222,18
11,3,2015,9,396129,0,2,23.5,23.0833333333333,22,0,0.5,12
11,3,2015,10,396130,4,3,24,23.6428571428571,24,0,0.642857142857143,14
11,3,2015,11,396131,4,6,23,22.7368421052632,22,0,0.210526315789474,19
11,3,2015,12,396132,7,4,24,23.5142857142857,24,0,0.657142857142857,35
11,3,2015,13,396133,4,24,13,13.3,3,0,0,30
11,3,2015,14,396134,6,7,2,1.94117647058824,2,0.0588235294117647,0,17
11,3,2015,15,396135,12,5,4,5.09523809523809,10,0,0,21
11,3,2015,16,396136,3,9,7,7.47058823529412,4,0,0,17
11,3,2015,17,396137,7,8,1,1.4375,2,0.125,0,16
11,3,2015,18,396138,1,2,0.5,0.7,0,0.5,0,10
11,3,2015,19,396139,7,4,3,2.23076923076923,3,0.0769230769230769,0,13
11,3,2015,20,396140,3,6,3,2.6875,1,0.125,0,16
11,3,2015,21,396141,1,1,0,0.222222222222222,0,0.777777777777778,0,9
11,3,2015,22,396142,1,1,0,0.142857142857143,0,0.857142857142857,0,7
11,3,2015,23,396143,0,0,0,0,0,1,0,6
12,3,2015,0,396144,0,0,0,0,0,1,0,6
12,3,2015,1,396145,0,0,0,0,0,1,0,6
12,3,2015,2,396146,0,0,0,0,0,1,0,6
12,3,2015,3,396147,0,0,0,0,0,1,0,6
12,3,2015,4,396148,0,0,0,0,0,1,0,8
12,3,2015,5,396149,1,1,1,0.625,0,0.375,0,8
12,3,2015,6,396150,5,0,1,1.66666666666667,5,0.444444444444444,0,9
12,3,2015,7,396151,13,0,11.5,11.8571428571429,18,0,0,14
12,3,2015,8,396152,8,2,21,21.1428571428571,23,0,0.214285714285714,14
12,3,2015,9,396153,2,1,24,23.7,24,0,0.7,10
12,3,2015,10,396154,3,8,20,20.8823529411765,19,0,0.176470588235294,17
12,3,2015,11,396155,5,8,19,18.7,17,0,0,20
12,3,2015,12,396156,14,8,21,20.9230769230769,23,0,0.115384615384615,26
12,3,2015,13,396157,5,20,14,14.9677419354839,8,0,0,31
12,3,2015,14,396158,5,11,4,4.33333333333333,3,0,0,21
12,3,2015,15,396159,7,9,2,2.04166666666667,0,0.0416666666666667,0,24
12,3,2015,16,396160,2,2,1,1,0,0.444444444444444,0,9
12,3,2015,17,396161,10,3,3,3,7,0.1875,0,16
12,3,2015,18,396162,3,11,3,3.8695652173913,0,0.0869565217391304,0,23
12,3,2015,19,396163,5,6,1,1.07142857142857,0,0.428571428571429,0,14
12,3,2015,20,396164,1,1,0,0.25,0,0.75,0,8
12,3,2015,21,396165,1,0,1,0.571428571428571,1,0.428571428571429,0,7
12,3,2015,22,396166,0,2,0,0.444444444444444,0,0.666666666666667,0,9
12,3,2015,23,396167,0,0,0,0,0,1,0,6
13,3,2015,0,396168,1,1,0,0.142857142857143,0,0.857142857142857,0,7
13,3,2015,1,396169,0,0,0,0,0,1,0,6
13,3,2015,2,396170,0,0,0,0,0,1,0,6
13,3,2015,3,396171,0,0,0,0,0,1,0,6
13,3,2015,4,396172,0,0,0,0,0,1,0,7
13,3,2015,5,396173,1,1,0,0.25,0,0.75,0,8
13,3,2015,6,396174,4,0,1,1.44444444444444,4,0.333333333333333,0,9
13,3,2015,7,396175,7,2,7,6.84615384615385,9,0,0,13
13,3,2015,8,396176,11,4,18,16.7368421052632,18,0,0,19
13,3,2015,9,396177,5,5,20,19.9285714285714,18,0,0,14
13,3,2015,10,396178,5,24,18,12.8888888888889,0,0.111111111111111,0,27
13,3,2015,11,396179,0,0,0,0,0,1,0,9
13,3,2015,12,396180,0,0,0,0,0,1,0,8
13,3,2015,13,396181,0,0,0,0,0,1,0,6
13,3,2015,14,396182,0,0,0,0,0,1,0,7
13,3,2015,15,396183,0,0,0,0,0,1,0,8
13,3,2015,16,396184,0,0,0,0,0,1,0,6
13,3,2015,17,396185,0,0,0,0,0,1,0,6
13,3,2015,18,396186,0,0,0,0,0,1,0,7
13,3,2015,19,396187,0,0,0,0,0,1,0,6
13,3,2015,20,396188,0,0,0,0,0,1,0,6
13,3,2015,21,396189,0,0,0,0,0,1,0,6
13,3,2015,22,396190,0,0,0,0,0,1,0,7
13,3,2015,23,396191,0,0,0,0,0,1,0,6
14,3,2015,0,396192,0,0,0,0,0,1,0,6
14,3,2015,1,396193,0,0,0,0,0,1,0,6
14,3,2015,2,396194,0,0,0,0,0,1,0,6
14,3,2015,3,396195,0,0,0,0,0,1,0,6
14,3,2015,4,396196,0,0,0,0,0,1,0,7
14,3,2015,5,396197,0,0,0,0,0,1,0,6
14,3,2015,6,396198,0,0,0,0,0,1,0,6
14,3,2015,7,396199,0,0,0,0,0,1,0,6
14,3,2015,8,396200,0,0,0,0,0,1,0,6
14,3,2015,9,396201,0,0,0,0,0,1,0,6
14,3,2015,10,396202,0,0,0,0,0,1,0,6
14,3,2015,11,396203,0,0,0,0,0,1,0,6
14,3,2015,12,396204,0,0,0,0,0,1,0,9
14,3,2015,13,396205,0,0,0,0,0,1,0,8
14,3,2015,14,396206,0,0,0,0,0,1,0,7
14,3,2015,15,396207,0,0,0,0,0,1,0,6
14,3,2015,16,396208,0,0,0,0,0,1,0,6
14,3,2015,17,396209,0,0,0,0,0,1,0,6
14,3,2015,18,396210,0,0,0,0,0,1,0,6
14,3,2015,19,396211,0,0,0,0,0,1,0,6
14,3,2015,20,396212,0,0,0,0,0,1,0,6
14,3,2015,21,396213,0,0,0,0,0,1,0,6
14,3,2015,22,396214,0,0,0,0,0,1,0,6
14,3,2015,23,396215,0,0,0,0,0,1,0,6
15,3,2015,0,396216,0,0,0,0,0,1,0,6
15,3,2015,1,396217,0,0,0,0,0,1,0,6
15,3,2015,2,396218,0,0,0,0,0,1,0,6
15,3,2015,3,396219,0,0,0,0,0,1,0,6
15,3,2015,4,396220,0,0,0,0,0,1,0,7
15,3,2015,5,396221,0,0,0,0,0,1,0,6
15,3,2015,6,396222,0,0,0,0,0,1,0,6
15,3,2015,7,396223,0,0,0,0,0,1,0,7
15,3,2015,8,396224,0,0,0,0,0,1,0,6
15,3,2015,9,396225,0,0,0,0,0,1,0,5
15,3,2015,10,396226,0,0,0,0,0,1,0,6
15,3,2015,11,396227,0,0,0,0,0,1,0,6
15,3,2015,12,396228,0,0,0,0,0,1,0,7
15,3,2015,13,396229,0,0,0,0,0,1,0,6
15,3,2015,14,396230,0,0,0,0,0,1,0,6
15,3,2015,15,396231,0,0,0,0,0,1,0,8
15,3,2015,16,396232,0,0,0,0,0,1,0,7
15,3,2015,17,396233,0,0,0,0,0,1,0,6
15,3,2015,18,396234,0,0,0,0,0,1,0,6
15,3,2015,19,396235,0,0,0,0,0,1,0,6
15,3,2015,20,396236,0,0,0,0,0,1,0,6
15,3,2015,21,396237,0,0,0,0,0,1,0,6
15,3,2015,22,396238,0,0,0,0,0,1,0,6
15,3,2015,23,396239,0,0,0,0,0,1,0,6
16,3,2015,0,396240,0,0,0,0,0,1,0,6
16,3,2015,1,396241,0,0,0,0,0,1,0,6
16,3,2015,2,396242,0,0,0,0,0,1,0,6
16,3,2015,3,396243,0,0,0,0,0,1,0,6
16,3,2015,4,396244,0,0,0,0,0,1,0,7
16,3,2015,5,396245,0,0,0,0,0,1,0,6
16,3,2015,6,396246,0,0,0,0,0,1,0,6
16,3,2015,7,396247,0,0,0,0,0,1,0,6
16,3,2015,8,396248,0,0,0,0,0,1,0,6
16,3,2015,9,396249,0,0,0,0,0,1,0,6
16,3,2015,10,396250,0,0,0,0,0,1,0,7
16,3,2015,11,396251,0,0,0,0,0,1,0,6
16,3,2015,12,396252,0,0,0,0,0,1,0,11
16,3,2015,13,396253,0,0,0,0,0,1,0,6
16,3,2015,14,396254,0,0,0,0,0,1,0,7
16,3,2015,15,396255,0,0,0,0,0,1,0,6
16,3,2015,16,396256,0,0,0,0,0,1,0,6
16,3,2015,17,396257,0,0,0,0,0,1,0,7
16,3,2015,18,396258,0,0,0,0,0,1,0,6
16,3,2015,19,396259,0,0,0,0,0,1,0,6
16,3,2015,20,396260,0,0,0,0,0,1,0,6
16,3,2015,21,396261,0,0,0,0,0,1,0,6
16,3,2015,22,396262,0,0,0,0,0,1,0,6
16,3,2015,23,396263,0,0,0,0,0,1,0,7
17,3,2015,0,396264,0,0,0,0,0,1,0,6
17,3,2015,1,396265,0,0,0,0,0,1,0,5
17,3,2015,2,396266,0,0,0,0,0,1,0,6
17,3,2015,3,396267,0,0,0,0,0,1,0,6
17,3,2015,4,396268,0,0,0,0,0,1,0,8
17,3,2015,5,396269,0,0,0,0,0,1,0,6
17,3,2015,6,396270,0,0,0,0,0,1,0,6
17,3,2015,7,396271,0,0,0,0,0,1,0,6
17,3,2015,8,396272,0,0,0,0,0,1,0,6
17,3,2015,9,396273,0,0,0,0,0,1,0,6
17,3,2015,10,396274,0,0,0,0,0,1,0,6
17,3,2015,11,396275,0,0,0,0,0,1,0,6
17,3,2015,12,396276,0,0,0,0,0,1,0,7
17,3,2015,13,396277,0,0,0,0,0,1,0,6
17,3,2015,14,396278,0,0,0,0,0,1,0,6
17,3,2015,15,396279,0,0,0,0,0,1,0,6
17,3,2015,16,396280,0,0,0,0,0,1,0,6
17,3,2015,17,396281,0,0,0,0,0,1,0,6
17,3,2015,18,396282,0,0,0,0,0,1,0,8
17,3,2015,19,396283,0,0,0,0,0,1,0,6
17,3,2015,20,396284,0,0,0,0,0,1,0,6
17,3,2015,21,396285,0,0,0,0,0,1,0,6
17,3,2015,22,396286,0,0,0,0,0,1,0,6
17,3,2015,23,396287,0,0,0,0,0,1,0,6
18,3,2015,0,396288,0,0,0,0,0,1,0,6
18,3,2015,1,396289,0,0,0,0,0,1,0,5
18,3,2015,2,396290,0,0,0,0,0,1,0,6
18,3,2015,3,396291,0,0,0,0,0,1,0,6
18,3,2015,4,396292,0,0,0,0,0,1,0,8
18,3,2015,5,396293,0,0,0,0,0,1,0,6
18,3,2015,6,396294,0,0,0,0,0,1,0,6
18,3,2015,7,396295,0,0,0,0,0,1,0,6
18,3,2015,8,396296,0,0,0,0,0,1,0,6
18,3,2015,9,396297,0,0,0,0,0,1,0,6
18,3,2015,10,396298,0,0,0,0,0,1,0,6
18,3,2015,11,396299,0,0,0,0,0,1,0,6
18,3,2015,12,396300,0,0,0,0,0,1,0,6
18,3,2015,13,396301,0,0,0,0,0,1,0,6
18,3,2015,14,396302,0,0,0,0,0,1,0,6
18,3,2015,15,396303,0,0,0,0,0,1,0,6
18,3,2015,16,396304,0,0,0,0,0,1,0,7
18,3,2015,17,396305,0,0,0,0,0,1,0,5
18,3,2015,18,396306,0,0,0,0,0,1,0,7
18,3,2015,19,396307,0,0,0,0,0,1,0,6
18,3,2015,20,396308,0,0,0,0,0,1,0,6
18,3,2015,21,396309,0,0,0,0,0,1,0,8
18,3,2015,22,396310,0,0,0,0,0,1,0,6
18,3,2015,23,396311,0,0,0,0,0,1,0,6
19,3,2015,0,396312,0,0,0,0,0,1,0,7
19,3,2015,1,396313,0,0,0,0,0,1,0,5
19,3,2015,2,396314,0,0,0,0,0,1,0,6
19,3,2015,3,396315,0,0,0,0,0,1,0,6
19,3,2015,4,396316,0,0,0,0,0,1,0,8
19,3,2015,5,396317,0,0,0,0,0,1,0,6
19,3,2015,6,396318,0,0,0,0,0,1,0,6
19,3,2015,7,396319,0,0,0,0,0,1,0,6
19,3,2015,8,396320,0,0,0,0,0,1,0,6
19,3,2015,9,396321,0,0,0,0,0,1,0,6
19,3,2015,10,396322,0,0,0,0,0,1,0,6
19,3,2015,11,396323,0,0,0,0,0,1,0,6
19,3,2015,12,396324,0,0,0,0,0,1,0,5
19,3,2015,13,396325,0,0,0,0,0,1,0,6
19,3,2015,14,396326,0,0,0,0,0,1,0,6
19,3,2015,15,396327,0,0,0,0,0,1,0,6
19,3,2015,16,396328,0,0,0,0,0,1,0,7
19,3,2015,17,396329,0,0,0,0,0,1,0,6
19,3,2015,18,396330,0,0,0,0,0,1,0,8
19,3,2015,19,396331,0,0,0,0,0,1,0,6
19,3,2015,20,396332,0,0,0,0,0,1,0,7
19,3,2015,21,396333,0,0,0,0,0,1,0,5
19,3,2015,22,396334,0,0,0,0,0,1,0,6
19,3,2015,23,396335,0,0,0,0,0,1,0,6
20,3,2015,0,396336,0,0,0,0,0,1,0,6
20,3,2015,1,396337,0,0,0,0,0,1,0,6
20,3,2015,2,396338,0,0,0,0,0,1,0,6
20,3,2015,3,396339,0,0,0,0,0,1,0,6
20,3,2015,4,396340,0,0,0,0,0,1,0,7
20,3,2015,5,396341,0,0,0,0,0,1,0,6
20,3,2015,6,396342,3,0,0,0.666666666666667,3,0.666666666666667,0,9
20,3,2015,7,396343,2,0,3,3.57142857142857,5,0,0,7
20,3,2015,8,396344,1,0,6,5.57142857142857,6,0,0,7
20,3,2015,9,396345,0,0,6,6,6,0,0,6
20,3,2015,10,396346,0,0,6,6,6,0,0,6
20,3,2015,11,396347,0,0,6,6,6,0,0,6
20,3,2015,12,396348,2,0,7,7.28571428571429,8,0,0,7
20,3,2015,13,396349,2,3,7.5,7.66666666666667,7,0,0,12
20,3,2015,14,396350,2,5,8,8,6,0,0,12
20,3,2015,15,396351,5,4,6,6.23076923076923,7,0,0,13
20,3,2015,16,396352,4,3,7,7.3,8,0,0,10
20,3,2015,17,396353,0,0,8,8,8,0,0,6
20,3,2015,18,396354,3,2,8,7.88888888888889,9,0,0,9
20,3,2015,19,396355,3,0,11,10.6666666666667,12,0,0,9
20,3,2015,20,396356,1,2,11,11.2857142857143,11,0,0,7
20,3,2015,21,396357,0,1,11,10.8571428571429,10,0,0,7
20,3,2015,22,396358,0,9,7,6.35294117647059,2,0,0,17
20,3,2015,23,396359,0,1,1,1.28571428571429,1,0,0,7
21,3,2015,0,396360,1,0,2,1.71428571428571,2,0,0,7
21,3,2015,1,396361,0,0,2,2,2,0,0,5
21,3,2015,2,396362,0,0,2,2,2,0,0,6
21,3,2015,3,396363,0,0,1,1,1,0,0,6
21,3,2015,4,396364,0,0,1,1,1,0,0,7
21,3,2015,5,396365,0,0,1,1,1,0,0,6
21,3,2015,6,396366,1,0,2,1.83333333333333,2,0,0,6
21,3,2015,7,396367,0,0,2,2,2,0,0,6
21,3,2015,8,396368,0,1,2,1.625,1,0,0,8
21,3,2015,9,396369,0,0,1,1,1,0,0,6
21,3,2015,10,396370,0,1,1,0.857142857142857,0,0.142857142857143,0,7
21,3,2015,11,396371,1,0,1,0.833333333333333,1,0.166666666666667,0,6
21,3,2015,12,396372,4,3,3,2.53846153846154,2,0,0,13
21,3,2015,13,396373,2,2,3,2.66666666666667,2,0,0,9
21,3,2015,14,396374,2,1,2,1.625,2,0,0,8
21,3,2015,15,396375,5,4,2,2.07142857142857,3,0.142857142857143,0,14
21,3,2015,16,396376,5,3,2,2.75,4,0,0,12
21,3,2015,17,396377,5,2,4,4.25,7,0,0,12
21,3,2015,18,396378,3,0,9,9.42857142857143,11,0,0,7
21,3,2015,19,396379,2,6,8,8.78571428571429,7,0,0,14
21,3,2015,20,396380,1,1,8,7.875,8,0,0,8
21,3,2015,21,396381,0,0,8,8,8,0,0,6
21,3,2015,22,396382,0,0,8,8,8,0,0,6
21,3,2015,23,396383,0,0,8,8,8,0,0,6
22,3,2015,0,396384,0,2,7.5,7.25,6,0,0,8
22,3,2015,1,396385,0,2,5,5.125,4,0,0,8
22,3,2015,2,396386,0,0,4,4,4,0,0,6
22,3,2015,3,396387,0,0,4,4,4,0,0,6
22,3,2015,4,396388,0,0,4,4,4,0,0,7
22,3,2015,5,396389,0,0,4,4,4,0,0,6
22,3,2015,6,396390,0,1,4,3.85714285714286,3,0,0,7
22,3,2015,7,396391,0,0,3,3,3,0,0,6
22,3,2015,8,396392,0,0,4,4,4,0,0,6
22,3,2015,9,396393,1,0,4.5,4.5,5,0,0,6
22,3,2015,10,396394,0,0,5,5,5,0,0,6
22,3,2015,11,396395,2,0,5,5.42857142857143,7,0,0,7
22,3,2015,12,396396,0,2,5,5.5,5,0,0,8
22,3,2015,13,396397,2,2,5,5.44444444444444,5,0,0,9
22,3,2015,14,396398,1,5,2,1.75,0,0.166666666666667,0,12
22,3,2015,15,396399,1,0,1,0.666666666666667,1,0.333333333333333,0,6
22,3,2015,16,396400,2,1,1,0.777777777777778,1,0.333333333333333,0,9
22,3,2015,17,396401,2,1,1,0.875,2,0.375,0,8
22,3,2015,18,396402,3,2,3,3.27272727272727,3,0,0,11
22,3,2015,19,396403,3,1,4,3.55555555555556,4,0,0,9
22,3,2015,20,396404,1,3,3,2.9,2,0,0,10
22,3,2015,21,396405,0,0,2,2,2,0,0,6
22,3,2015,22,396406,0,0,2,2,2,0,0,6
22,3,2015,23,396407,0,1,1,1.28571428571429,1,0,0,7
23,3,2015,0,396408,0,0,1,1,1,0,0,6
23,3,2015,1,396409,0,0,1,1,1,0,0,6
23,3,2015,2,396410,0,0,1,1,1,0,0,6
23,3,2015,3,396411,0,0,1,1,1,0,0,6
23,3,2015,4,396412,0,0,1,1,1,0,0,8
23,3,2015,5,396413,1,0,1,1.16666666666667,2,0,0,6
23,3,2015,6,396414,0,1,2,1.83333333333333,1,0,0,6
23,3,2015,7,396415,0,0,1,1,1,0,0,6
23,3,2015,8,396416,0,0,1,1,1,0,0,6
23,3,2015,9,396417,1,1,1,0.666666666666667,1,0.333333333333333,0,9
23,3,2015,10,396418,1,1,2,1.57142857142857,1,0,0,7
23,3,2015,11,396419,2,3,0,0.363636363636364,0,0.636363636363636,0,11
23,3,2015,12,396420,3,2,1,1.11111111111111,1,0.222222222222222,0,9
23,3,2015,13,396421,0,0,0,0,0,1,0,7
23,3,2015,14,396422,0,0,0,0,0,1,0,6
23,3,2015,15,396423,3,0,2,1.33333333333333,3,0.333333333333333,0,9
23,3,2015,16,396424,1,2,2,2,2,0,0,10
23,3,2015,17,396425,0,1,1.5,1.5,1,0,0,6
23,3,2015,18,396426,1,1,1,1.25,1,0,0,8
23,3,2015,19,396427,1,2,1,0.777777777777778,1,0.444444444444444,0,9
23,3,2015,20,396428,0,0,0,0,0,1,0,6
23,3,2015,21,396429,0,0,0,0,0,1,0,6
23,3,2015,22,396430,1,0,1,0.857142857142857,1,0.142857142857143,0,7
23,3,2015,23,396431,0,1,0,0.166666666666667,0,0.833333333333333,0,6
24,3,2015,0,396432,0,0,0,0,0,1,0,6
24,3,2015,1,396433,0,0,0,0,0,1,0,6
24,3,2015,2,396434,0,0,0,0,0,1,0,6
24,3,2015,3,396435,0,0,1,1,1,0,0,6
24,3,2015,4,396436,0,0,1,1,1,0,0,8
24,3,2015,5,396437,1,1,1,1.42857142857143,2,0,0,7
24,3,2015,6,396438,2,0,2,2.42857142857143,4,0,0,7
24,3,2015,7,396439,8,4,4,4.35714285714286,8,0,0,14
24,3,2015,8,396440,7,0,12.5,12.4,16,0,0,10
24,3,2015,9,396441,2,3,17,16.4545454545455,15,0,0,11
24,3,2015,10,396442,0,1,14.5,14.5,14,0,0,6
24,3,2015,11,396443,3,3,16,15.9230769230769,15,0,0,13
24,3,2015,12,396444,4,7,11,11.8,11,0,0,15
24,3,2015,13,396445,3,6,7,7,7,0,0,14
24,3,2015,14,396446,6,6,8,8.1875,8,0,0,16
24,3,2015,15,396447,8,3,12,12.1333333333333,14,0,0,15
24,3,2015,16,396448,1,1,14,14.125,14,0,0,8
24,3,2015,17,396449,5,2,17,16.5384615384615,17,0,0,13
24,3,2015,18,396450,4,2,17,17.0909090909091,18,0,0,11
24,3,2015,19,396451,0,1,17.5,17.5,17,0,0,6
24,3,2015,20,396452,2,1,18,18.3333333333333,19,0,0,9
24,3,2015,21,396453,3,2,19,18.7272727272727,20,0,0,11
24,3,2015,22,396454,0,4,18,18.3636363636364,16,0,0,11
24,3,2015,23,396455,2,1,17,17,17,0,0,7
25,3,2015,0,396456,0,0,17,17,17,0,0,6
25,3,2015,1,396457,1,0,18,17.8571428571429,18,0,0,7
25,3,2015,2,396458,0,0,18,18,18,0,0,6
25,3,2015,3,396459,0,0,18,18,18,0,0,6
25,3,2015,4,396460,0,0,18,18,18,0,0,7
25,3,2015,5,396461,1,1,18,18.2857142857143,19,0,0,7
25,3,2015,6,396462,3,1,19,19.1,21,0,0,10
25,3,2015,7,396463,3,2,22,22,22,0,0,11
25,3,2015,8,396464,1,0,24,23.7142857142857,24,0,0.714285714285714,7
25,3,2015,9,396465,2,2,24,23.4545454545455,24,0,0.636363636363636,11
25,3,2015,10,396466,0,1,24,23.7142857142857,23,0,0.714285714285714,7
25,3,2015,11,396467,3,4,24,23.4,22,0,0.533333333333333,15
25,3,2015,12,396468,1,5,23,22,19,0,0.0625,16
25,3,2015,13,396469,1,13,16,16.0869565217391,8,0,0,23
25,3,2015,14,396470,12,7,8,8,13,0,0,18
25,3,2015,15,396471,9,5,14,13.9545454545455,17,0,0,22
25,3,2015,16,396472,5,5,20,20.3125,18,0,0,16
25,3,2015,17,396473,7,14,13,13.7692307692308,11,0,0,26
25,3,2015,18,396474,6,8,10,10,9,0,0,20
25,3,2015,19,396475,1,9,2,3.05882352941176,1,0.235294117647059,0,17
25,3,2015,20,396476,0,1,0,0.142857142857143,0,0.857142857142857,0,7
25,3,2015,21,396477,3,3,0,0.727272727272727,1,0.545454545454545,0,11
25,3,2015,22,396478,0,1,0,0.285714285714286,0,0.714285714285714,0,7
25,3,2015,23,396479,1,1,0,0.142857142857143,0,0.857142857142857,0,7
26,3,2015,0,396480,0,0,0,0,0,1,0,8
26,3,2015,1,396481,0,0,0,0,0,1,0,5
26,3,2015,2,396482,0,0,0,0,0,1,0,6
26,3,2015,3,396483,0,1,0,0.142857142857143,0,0.857142857142857,0,7
26,3,2015,4,396484,0,0,0,0,0,1,0,8
26,3,2015,5,396485,3,0,2,1.71428571428571,3,0.142857142857143,0,7
26,3,2015,6,396486,2,2,2,2.45454545454545,3,0,0,11
26,3,2015,7,396487,7,1,4,5.09090909090909,9,0,0,11
26,3,2015,8,396488,11,2,16,15.9333333333333,20,0,0,15
26,3,2015,9,396489,7,6,19,18.8888888888889,21,0,0,18
26,3,2015,10,396490,3,3,21,21,22,0,0,12
26,3,2015,11,396491,4,5,21,20.8125,21,0,0,16
26,3,2015,12,396492,6,4,23,23.2,24,0,0.4,15
26,3,2015,13,396493,4,18,15,15.4230769230769,10,0,0.0384615384615385,26
26,3,2015,14,396494,5,3,10,9.61538461538461,11,0,0,13
26,3,2015,15,396495,13,6,16.5,16.4166666666667,19,0,0,24
26,3,2015,16,396496,6,8,19,18.7619047619048,18,0,0,21
26,3,2015,17,396497,7,4,20.5,20.1875,21,0,0,16
26,3,2015,18,396498,7,7,23,22.8260869565217,22,0,0.130434782608696,23
26,3,2015,19,396499,3,9,20.5,20.1666666666667,17,0,0,18
26,3,2015,20,396500,2,7,15.5,15.4375,13,0,0,16
26,3,2015,21,396501,1,5,11,10.6923076923077,9,0,0,13
26,3,2015,22,396502,1,3,8.5,8.375,7,0,0,8
26,3,2015,23,396503,1,1,7,6.77777777777778,7,0,0,9
27,3,2015,0,396504,0,1,6,6.42857142857143,6,0,0,7
27,3,2015,1,396505,0,0,6,6,6,0,0,6
27,3,2015,2,396506,0,0,6,6,6,0,0,6
27,3,2015,3,396507,0,0,6,6,6,0,0,6
27,3,2015,4,396508,0,0,6,6,6,0,0,8
27,3,2015,5,396509,3,1,7,7.2,8,0,0,10
27,3,2015,6,396510,3,0,9,9.375,11,0,0,8
27,3,2015,7,396511,7,1,14,14.5454545454545,18,0,0,11
27,3,2015,8,396512,7,3,23,23,23,0,0.466666666666667,15
27,3,2015,9,396513,26,27,21,20.1481481481481,23,0,0.148148148148148,27
27,3,2015,10,396514,2,1,23.5,23.5,24,0,0.5,8
27,3,2015,11,396515,2,2,24,23.5833333333333,24,0,0.583333333333333,12
27,3,2015,12,396516,3,11,20.5,20.5454545454545,16,0,0.136363636363636,22
27,3,2015,13,396517,2,10,12,11.4090909090909,7,0,0,22
27,3,2015,14,396518,7,5,9,8.61538461538461,9,0,0,13
27,3,2015,15,396519,9,6,12,11.7391304347826,12,0,0,23
27,3,2015,16,396520,2,6,9,9.38461538461539,8,0,0,13
27,3,2015,17,396521,9,7,9,8.94444444444444,11,0,0,18
27,3,2015,18,396522,4,11,10,9.7,5,0,0,20
27,3,2015,19,396523,6,11,4,3.52380952380952,0,0.0476190476190476,0,21
27,3,2015,20,396524,4,3,3,3.08333333333333,3,0,0,12
27,3,2015,21,396525,2,4,0.5,0.833333333333333,1,0.5,0,12
27,3,2015,22,396526,0,1,0,0.285714285714286,0,0.714285714285714,0,7
27,3,2015,23,396527,3,0,1,1.14285714285714,3,0.285714285714286,0,7
28,3,2015,0,396528,0,4,1,1.45454545454545,0,0.363636363636364,0,11
28,3,2015,1,396529,0,0,0,0,0,1,0,6
28,3,2015,2,396530,0,0,0,0,0,1,0,6
28,3,2015,3,396531,0,0,0,0,0,1,0,6
28,3,2015,4,396532,0,0,0,0,0,1,0,7
28,3,2015,5,396533,2,0,2,1.5,2,0.125,0,8
28,3,2015,6,396534,1,1,2,2.16666666666667,2,0,0,6
28,3,2015,7,396535,1,2,1,1.25,1,0,0,8
28,3,2015,8,396536,4,2,3,3,3,0,0,9
28,3,2015,9,396537,5,0,7,6.77777777777778,9,0,0,9
28,3,2015,10,396538,6,2,13,12.8571428571429,14,0,0,14
28,3,2015,11,396539,4,5,13,12.5333333333333,13,0,0,15
28,3,2015,12,396540,2,3,12,11.8461538461538,11,0,0,13
28,3,2015,13,396541,2,5,7,7.28571428571429,7,0,0,14
28,3,2015,14,396542,2,5,6,5.76923076923077,5,0,0,13
28,3,2015,15,396543,6,7,5,4.68421052631579,4,0,0,19
28,3,2015,16,396544,7,3,8,7.85714285714286,9,0,0,14
28,3,2015,17,396545,2,6,6,6.4,5,0,0,15
28,3,2015,18,396546,8,5,8,7.72222222222222,8,0,0,18
28,3,2015,19,396547,2,6,6.5,6.35714285714286,5,0,0,14
28,3,2015,20,396548,2,3,5,5,5,0,0,11
28,3,2015,21,396549,4,9,4,3.6,0,0.0666666666666667,0,15
28,3,2015,22,396550,2,2,1,0.9,0,0.3,0,10
28,3,2015,23,396551,1,0,0,0.285714285714286,1,0.714285714285714,0,7
29,3,2015,0,396552,2,3,1,0.75,0,0.416666666666667,0,12
29,3,2015,2,396553,0,0,0,0,0,1,0,6
29,3,2015,3,396554,0,0,0,0,0,1,0,6
29,3,2015,4,396555,0,0,0,0,0,1,0,6
29,3,2015,5,396556,0,0,0,0,0,1,0,6
29,3,2015,6,396557,0,0,0,0,0,1,0,8
29,3,2015,7,396558,1,0,0,0.333333333333333,1,0.666666666666667,0,6
29,3,2015,8,396559,2,0,2,1.71428571428571,3,0,0,7
29,3,2015,9,396560,4,3,3,3.18181818181818,4,0,0,11
29,3,2015,10,396561,5,1,5.5,6.1,9,0,0,10
29,3,2015,11,396562,3,0,9,9.28571428571429,11,0,0,7
29,3,2015,12,396563,1,7,9,8.875,5,0,0,16
29,3,2015,13,396564,2,3,3,3.22222222222222,4,0,0,9
29,3,2015,14,396565,1,1,4,3.75,4,0,0,8
29,3,2015,15,396566,0,3,3,2.625,1,0,0,8
29,3,2015,16,396567,0,1,0,0.375,0,0.625,0,8
29,3,2015,17,396568,5,3,3,3,3,0,0,11
29,3,2015,18,396569,2,2,4,4.22222222222222,5,0,0,9
29,3,2015,19,396570,3,5,3,3.38461538461538,3,0,0,13
29,3,2015,20,396571,3,5,1,1.38461538461538,1,0.0769230769230769,0,13
29,3,2015,21,396572,0,1,1,0.714285714285714,0,0.285714285714286,0,7
29,3,2015,22,396573,1,1,0,0.142857142857143,0,0.857142857142857,0,7
29,3,2015,23,396574,0,0,0,0,0,1,0,6
30,3,2015,0,396575,0,0,0,0,0,1,0,7
30,3,2015,1,396576,1,0,0,0.142857142857143,1,0.857142857142857,0,7
30,3,2015,2,396577,0,0,1,1,1,0,0,6
30,3,2015,3,396578,0,0,1,1,1,0,0,5
30,3,2015,4,396579,0,0,1,1,1,0,0,9
30,3,2015,5,396580,3,1,1,1.55555555555556,3,0.111111111111111,0,9
30,3,2015,6,396581,3,1,4.5,4.7,6,0,0,10
30,3,2015,7,396582,5,0,7,8,11,0,0,11
30,3,2015,8,396583,13,2,21,20,23,0,0.263157894736842,19
30,3,2015,9,396584,4,3,23.5,23.1428571428571,23,0,0.5,14
30,3,2015,10,396585,3,3,24,23.5833333333333,24,0,0.666666666666667,12
30,3,2015,11,396586,1,4,23.5,23,21,0,0.5,12
30,3,2015,12,396587,4,9,21,20.2857142857143,16,0,0,21
30,3,2015,13,396588,8,13,11,11.4583333333333,10,0,0,24
30,3,2015,14,396589,10,11,8.5,8.65384615384615,8,0,0,26
30,3,2015,15,396590,4,5,7,7.27777777777778,7,0,0,18
30,3,2015,16,396591,1,4,5,5.22222222222222,4,0,0,9
30,3,2015,17,396592,4,5,3,3.0625,3,0,0,16
30,3,2015,18,396593,2,5,1,1.25,0,0.25,0,12
30,3,2015,19,396594,3,3,1,0.588235294117647,1,0.411764705882353,0,17
30,3,2015,20,396595,2,3,0,0.555555555555556,0,0.666666666666667,0,9
30,3,2015,21,396596,1,2,1,0.636363636363636,0,0.363636363636364,0,11
30,3,2015,22,396597,1,1,0,0.142857142857143,0,0.857142857142857,0,7
30,3,2015,23,396598,0,0,0,0,0,1,0,6
31,3,2015,0,396599,0,0,0,0,0,1,0,5
31,3,2015,1,396600,0,0,0,0,0,1,0,6
31,3,2015,2,396601,0,0,0,0,0,1,0,6
31,3,2015,3,396602,0,0,0,0,0,1,0,6
31,3,2015,4,396603,0,0,0,0,0,1,0,8
31,3,2015,5,396604,1,1,0,0.25,0,0.75,0,8
31,3,2015,6,396605,6,1,1,1.18181818181818,5,0.454545454545455,0,11
31,3,2015,7,396606,13,7,6,5.45,11,0.05,0,20
31,3,2015,8,396607,10,1,18,16.8571428571429,20,0,0,14
31,3,2015,9,396608,4,1,22,21.5,23,0,0,10
31,3,2015,10,396609,0,0,23,23,23,0,0,6
31,3,2015,11,396610,7,13,20,20.4074074074074,17,0,0,27
31,3,2015,12,396611,1,8,16,15.4117647058824,10,0,0,17
31,3,2015,13,396612,3,13,4,4.11111111111111,0,0.037037037037037,0,27
31,3,2015,14,396613,6,4,1.5,1.4375,2,0.3125,0,16
31,3,2015,15,396614,9,3,5,4.88235294117647,7,0,0,17
31,3,2015,16,396615,3,8,2.5,2.75,1,0.1,0,20
31,3,2015,17,396616,5,7,1,0.818181818181818,0,0.318181818181818,0,22
31,3,2015,18,396617,11,11,3,3.17857142857143,1,0.0714285714285714,0,28
31,3,2015,19,396618,4,5,1,1,1,0.263157894736842,0,19
31,3,2015,20,396619,2,3,0,0.454545454545455,0,0.636363636363636,0,11
31,3,2015,21,396620,1,1,0,0.142857142857143,0,0.857142857142857,0,7
31,3,2015,22,396621,0,0,0,0,0,1,0,9
31,3,2015,23,396622,0,0,0,0,0,1,0,7
1,4,2015,0,396623,0,0,0,0,0,1,0,8
1,4,2015,1,396624,1,0,0,0.428571428571429,1,0.571428571428571,0,7
1,4,2015,2,396625,0,0,1,1,1,0,0,6
1,4,2015,3,396626,0,0,1,1,1,0,0,6
1,4,2015,4,396627,0,0,1,1,1,0,0,7
1,4,2015,5,396628,1,1,1,1.25,1,0,0,8
1,4,2015,6,396629,6,0,3,3.55555555555556,7,0,0,9
1,4,2015,7,396630,4,3,7,6.8,8,0,0,10
1,4,2015,8,396631,12,2,15,14.8333333333333,19,0,0,18
1,4,2015,9,396632,2,1,21,21.125,21,0,0,8
1,4,2015,10,396633,0,2,24,23.4444444444444,22,0,0.555555555555556,9
1,4,2015,11,396634,5,7,21,21,20,0,0,19
1,4,2015,12,396635,5,7,19,19.2222222222222,18,0,0,18
1,4,2015,13,396636,2,16,12,11.5555555555556,5,0,0,27
1,4,2015,14,396637,2,5,2,1.8,1,0.333333333333333,0,15
1,4,2015,15,396638,10,4,4.5,4.9375,8,0,0,16
1,4,2015,16,396639,8,7,9.5,9.55,9,0,0,20
1,4,2015,17,396640,6,7,10,9.77272727272727,9,0,0,22
1,4,2015,18,396641,3,10,6,5.09523809523809,1,0.0952380952380952,0,21
1,4,2015,19,396642,3,3,1,1.36363636363636,0,0.272727272727273,0,11
1,4,2015,20,396643,3,2,0,0.461538461538462,1,0.615384615384615,0,13
1,4,2015,21,396644,3,2,1,0.8,2,0.3,0,10
1,4,2015,22,396645,0,1,0.5,0.5,0,0.5,0,8
1,4,2015,23,396646,1,2,0,0.222222222222222,0,0.777777777777778,0,9
2,4,2015,0,396647,0,0,1,1,1,0,0,6
2,4,2015,1,396648,0,1,0,0.428571428571429,0,0.571428571428571,0,7
2,4,2015,2,396649,0,0,0,0,0,1,0,6
2,4,2015,3,396650,0,0,0,0,0,1,0,6
2,4,2015,4,396651,0,0,0,0,0,1,0,9
2,4,2015,5,396652,1,0,1,1.125,2,0,0,8
2,4,2015,6,396653,6,3,2,2.08333333333333,5,0,0,12
2,4,2015,7,396654,8,1,10,9.76923076923077,12,0,0,13
2,4,2015,8,396655,6,2,15,15,17,0,0,14
2,4,2015,9,396656,6,0,22,21.1111111111111,24,0,0.111111111111111,9
2,4,2015,10,396657,4,6,23,23.0625,22,0,0.4375,16
2,4,2015,11,396658,7,8,23,22.6,20,0,0.35,20
2,4,2015,12,396659,3,5,21,20.7333333333333,19,0,0,15
2,4,2015,13,396660,3,8,16.5,16.7272727272727,14,0,0,22
2,4,2015,14,396661,4,3,13,13.0833333333333,14,0,0,12
2,4,2015,15,396662,3,6,14.5,14.1666666666667,12,0,0,18
2,4,2015,16,396663,8,7,14,14.3684210526316,14,0,0,19
2,4,2015,17,396664,7,10,14,13.44,11,0,0,25
2,4,2015,18,396665,9,7,11,10.8888888888889,13,0,0,18
2,4,2015,19,396666,3,4,13,13.0833333333333,12,0,0,12
2,4,2015,20,396667,1,6,11,11.2941176470588,9,0,0,17
2,4,2015,21,396668,0,2,8,7.88888888888889,7,0,0,9
2,4,2015,22,396669,0,1,6,6.33333333333333,6,0,0,6
2,4,2015,23,396670,3,0,8,7.77777777777778,9,0,0,9
3,4,2015,0,396671,1,3,7.5,7.7,7,0,0,10
3,4,2015,1,396672,0,0,7,7,7,0,0,6
3,4,2015,2,396673,0,0,7,7,7,0,0,6
3,4,2015,3,396674,1,1,7,7.14285714285714,7,0,0,7
3,4,2015,4,396675,0,0,7,7,7,0,0,7
3,4,2015,5,396676,0,0,7,7,7,0,0,6
3,4,2015,6,396677,1,1,6,6.33333333333333,7,0,0,9
3,4,2015,7,396678,0,0,7,7,7,0,0,6
3,4,2015,8,396679,2,0,7,7.57142857142857,9,0,0,7
3,4,2015,9,396680,7,0,12.5,12.6,16,0,0,10
3,4,2015,10,396681,7,1,23,22,23,0,0.25,12
3,4,2015,11,396682,0,1,24,23.7142857142857,23,0,0.714285714285714,7
3,4,2015,12,396683,2,4,23,23.0666666666667,21,0,0.333333333333333,15
3,4,2015,13,396684,3,2,21,21.6666666666667,22,0,0,9
3,4,2015,14,396685,2,3,22,21.875,21,0,0,8
3,4,2015,15,396686,1,2,21.5,21.4,20,0,0,10
3,4,2015,16,396687,1,2,20,19.8888888888889,19,0,0,9
3,4,2015,17,396688,3,4,20,19.6428571428571,19,0,0,14
3,4,2015,18,396689,6,0,22.5,21.7,24,0,0.2,10
3,4,2015,19,396690,1,1,24,23.875,24,0,0.875,8
3,4,2015,20,396691,0,2,21,21.5555555555556,21,0,0,9
3,4,2015,21,396692,0,1,21,20.6666666666667,20,0,0,6
3,4,2015,22,396693,3,0,21,21.2857142857143,23,0,0,7
3,4,2015,23,396694,0,2,21,21.4285714285714,21,0,0,7
4,4,2015,0,396695,0,1,20,20.375,20,0,0,8
4,4,2015,1,396696,1,0,20.5,20.5,21,0,0,6
4,4,2015,2,396697,0,0,21,21,21,0,0,6
4,4,2015,3,396698,0,0,21,21,21,0,0,6
4,4,2015,4,396699,0,0,21,21,21,0,0,7
4,4,2015,5,396700,0,1,20,20.1428571428571,20,0,0,7
4,4,2015,6,396701,1,0,20.5,20.5,21,0,0,6
4,4,2015,7,396702,0,0,21,21,21,0,0,6
4,4,2015,8,396703,3,0,21.5,22,24,0,0.125,8
4,4,2015,9,396704,0,0,24,24,24,0,1,7
4,4,2015,10,396705,0,2,23.5,23.3,22,0,0.5,10
4,4,2015,11,396706,4,2,23,23.1,24,0,0.3,10
4,4,2015,12,396707,0,4,22,22,20,0,0.111111111111111,9
4,4,2015,13,396708,3,6,20,19.625,17,0,0,16
4,4,2015,14,396709,3,1,18,18.0909090909091,19,0,0,11
4,4,2015,15,396710,1,5,16,17,15,0,0,13
4,4,2015,16,396711,5,2,17.5,17.2,18,0,0,10
4,4,2015,17,396712,5,1,21,21.1111111111111,23,0,0,9
4,4,2015,18,396713,2,1,23,23.3333333333333,24,0,0.444444444444444,9
4,4,2015,19,396714,1,4,22,22.0769230769231,21,0,0.153846153846154,13
4,4,2015,20,396715,1,5,19,19.3076923076923,17,0,0,13
4,4,2015,21,396716,3,6,17,17,15,0,0,13
4,4,2015,22,396717,0,3,14,13.6666666666667,12,0,0,9
4,4,2015,23,396718,0,2,11.5,11.375,10,0,0,8
5,4,2015,0,396719,0,0,11,11,11,0,0,6
5,4,2015,1,396720,0,0,11,11,11,0,0,6
5,4,2015,2,396721,0,0,11,11,11,0,0,6
5,4,2015,3,396722,0,0,11,11,11,0,0,5
5,4,2015,4,396723,1,1,11,11.125,11,0,0,8
5,4,2015,5,396724,0,0,11,11,11,0,0,6
5,4,2015,6,396725,0,0,11,11,11,0,0,6
5,4,2015,7,396726,0,0,11,11,11,0,0,7
5,4,2015,8,396727,2,1,11,11.25,12,0,0,8
5,4,2015,9,396728,5,0,14,14.125,17,0,0,8
5,4,2015,10,396729,4,6,14,14.6,15,0,0,15
5,4,2015,11,396730,4,2,16.5,16.5833333333333,18,0,0,12
5,4,2015,12,396731,2,3,17,16.9090909090909,17,0,0,11
5,4,2015,13,396732,1,3,17,16.3333333333333,15,0,0,9
5,4,2015,14,396733,1,3,14,14.125,13,0,0,8
5,4,2015,15,396734,1,1,13,12.75,13,0,0,8
5,4,2015,16,396735,3,0,16,15.2857142857143,16,0,0,7
5,4,2015,17,396736,4,6,13,13.5333333333333,14,0,0,15
5,4,2015,18,396737,7,2,15.5,15.8,19,0,0,10
5,4,2015,19,396738,2,2,19.5,19.8,19,0,0,10
5,4,2015,20,396739,1,4,16,15.9090909090909,15,0,0,11
5,4,2015,21,396740,0,1,14,14.3333333333333,14,0,0,6
5,4,2015,22,396741,0,2,14,13.5555555555556,12,0,0,9
5,4,2015,23,396742,0,1,12,11.6666666666667,11,0,0,6
6,4,2015,0,396743,0,0,11,11,11,0,0,6
6,4,2015,1,396744,0,0,11,11,11,0,0,6
6,4,2015,2,396745,0,0,11,11,11,0,0,6
6,4,2015,3,396746,0,0,11,11,11,0,0,6
6,4,2015,4,396747,0,0,11,11,11,0,0,7
6,4,2015,5,396748,0,0,11,11,11,0,0,6
6,4,2015,6,396749,1,0,12,11.6666666666667,12,0,0,6
6,4,2015,7,396750,2,1,12,12,13,0,0,9
6,4,2015,8,396751,0,1,13,12.875,12,0,0,8
6,4,2015,9,396752,4,0,15,15.1111111111111,17,0,0,9
6,4,2015,10,396753,4,2,19.5,19.5,20,0,0,14
6,4,2015,11,396754,2,1,21.5,21.25,21,0,0,8
6,4,2015,12,396755,4,1,22,22.0833333333333,24,0,0.25,12
6,4,2015,13,396756,0,1,23.5,23.5,23,0,0.5,8
6,4,2015,14,396757,1,0,24,23.6666666666667,24,0,0.666666666666667,6
6,4,2015,15,396758,2,2,24,23.8181818181818,24,0,0.818181818181818,11
6,4,2015,16,396759,0,0,24,24,24,0,1,7
6,4,2015,17,396760,2,3,23.5,23.5,23,0,0.5,12
6,4,2015,18,396761,3,4,24,23.5,22,0,0.583333333333333,12
6,4,2015,19,396762,6,7,22,22.05,21,0,0.05,20
6,4,2015,20,396763,2,2,18,18.0909090909091,19,0,0,11
6,4,2015,21,396764,0,2,19,18.375,17,0,0,8
6,4,2015,22,396765,0,1,16,16.3333333333333,16,0,0,6
6,4,2015,23,396766,0,0,16,16,16,0,0,6
7,4,2015,0,396767,0,0,16,16,16,0,0,6
7,4,2015,1,396768,0,0,16,16,16,0,0,6
7,4,2015,2,396769,0,0,16,16,16,0,0,7
7,4,2015,3,396770,0,0,16,16,16,0,0,6
7,4,2015,4,396771,0,0,16,16,16,0,0,7
7,4,2015,5,396772,2,1,17,17,17,0,0,9
7,4,2015,6,396773,4,0,17.5,18.25,21,0,0,8
7,4,2015,7,396774,3,1,24,23.7,24,0,0.8,10
7,4,2015,8,396775,1,1,24,23.8888888888889,24,0,0.888888888888889,9
7,4,2015,9,396776,2,2,24,23.75,24,0,0.75,8
7,4,2015,10,396777,2,3,24,23.6666666666667,23,0,0.666666666666667,12
7,4,2015,11,396778,3,4,24,23.6666666666667,23,0,0.666666666666667,15
7,4,2015,12,396779,10,11,21,21.2,21,0,0.04,25
7,4,2015,13,396780,6,13,17,16.3928571428571,13,0,0,28
7,4,2015,14,396781,3,5,13,12.2857142857143,11,0,0,14
7,4,2015,15,396782,10,7,12,12.6521739130435,15,0,0,23
7,4,2015,16,396783,6,4,18,18.1666666666667,18,0,0,18
7,4,2015,17,396784,6,5,20,19.9444444444444,20,0,0,18
7,4,2015,18,396785,4,14,15,14.304347826087,9,0,0,23
7,4,2015,19,396786,2,10,6,5.5,1,0,0,22
7,4,2015,20,396787,0,0,0,0,0,1,0,7
7,4,2015,21,396788,1,1,0,0.375,0,0.625,0,8
7,4,2015,22,396789,0,0,0,0,0,1,0,6
7,4,2015,23,396790,0,0,0,0,0,1,0,6
8,4,2015,0,396791,0,0,0,0,0,1,0,6
8,4,2015,1,396792,0,0,0,0,0,1,0,6
8,4,2015,2,396793,0,0,0,0,0,1,0,6
8,4,2015,3,396794,0,0,0,0,0,1,0,6
8,4,2015,4,396795,0,0,0,0,0,1,0,7
8,4,2015,5,396796,1,0,0,0.166666666666667,1,0.833333333333333,0,6
8,4,2015,6,396797,4,1,1,1.6,4,0.1,0,10
8,4,2015,7,396798,8,0,8.5,8.66666666666667,13,0,0,12
8,4,2015,8,396799,4,2,14,14.5,16,0,0,12
8,4,2015,9,396800,6,4,17,16.9285714285714,18,0,0,14
8,4,2015,10,396801,7,2,18,18.7857142857143,23,0,0,14
8,4,2015,11,396802,5,5,21,21.5294117647059,23,0,0,17
8,4,2015,12,396803,5,6,23,22.952380952381,22,0,0.285714285714286,21
8,4,2015,13,396804,2,11,14,14.95,12,0,0,20
8,4,2015,14,396805,3,3,12,11.7777777777778,12,0,0,9
8,4,2015,15,396806,8,8,14,14.1,13,0,0,20
8,4,2015,16,396807,3,6,13,13.4666666666667,11,0,0,15
8,4,2015,17,396808,3,9,7,6.95,4,0,0,20
8,4,2015,18,396809,5,3,6.5,6.92857142857143,8,0,0,14
8,4,2015,19,396810,1,9,1,2.6,0,0.333333333333333,0,15
8,4,2015,20,396811,2,0,0,0.5,2,0.666666666666667,0,6
8,4,2015,21,396812,1,2,0.5,0.625,1,0.5,0,8
8,4,2015,22,396813,0,1,0,0.375,0,0.625,0,8
8,4,2015,23,396814,0,0,0,0,0,1,0,6
9,4,2015,0,396815,1,1,0,0.25,0,0.75,0,8
9,4,2015,1,396816,0,0,0,0,0,1,0,6
9,4,2015,2,396817,0,0,0,0,0,1,0,6
9,4,2015,3,396818,0,0,0,0,0,1,0,6
9,4,2015,4,396819,0,0,0,0,0,1,0,9
9,4,2015,5,396820,1,0,0,0.166666666666667,1,0.833333333333333,0,6
9,4,2015,6,396821,2,1,0.5,0.75,2,0.5,0,8
9,4,2015,7,396822,7,0,6,5.90909090909091,10,0,0,11
9,4,2015,8,396823,9,2,15.5,15.25,18,0,0,16
9,4,2015,9,396824,3,1,18,18,20,0,0,8
9,4,2015,10,396825,3,3,23,22.8571428571429,22,0,0.214285714285714,14
9,4,2015,11,396826,6,4,23,22.6,24,0,0.133333333333333,15
9,4,2015,12,396827,2,5,21.5,21.7142857142857,21,0,0.214285714285714,14
9,4,2015,13,396828,2,11,17,16.68,12,0,0,25
9,4,2015,14,396829,5,5,13,13.2222222222222,13,0,0,18
9,4,2015,15,396830,6,4,16,15.8,15,0,0,15
9,4,2015,16,396831,5,7,12,12.2142857142857,12,0,0,14
9,4,2015,17,396832,3,2,11,11.0909090909091,13,0,0,11
9,4,2015,18,396833,7,9,13,12.5833333333333,11,0,0,24
9,4,2015,19,396834,3,12,4,4.25,1,0.05,0,20
9,4,2015,20,396835,3,3,1,0.666666666666667,1,0.333333333333333,0,12
9,4,2015,21,396836,1,2,0,0.25,0,0.75,0,8
9,4,2015,22,396837,1,1,0,0.125,0,0.875,0,8
9,4,2015,23,396838,1,1,0,0.125,0,0.875,0,8
10,4,2015,0,396839,0,0,0,0,0,1,0,6
10,4,2015,1,396840,0,0,0,0,0,1,0,6
10,4,2015,2,396841,0,0,0,0,0,1,0,6
10,4,2015,3,396842,0,0,0,0,0,1,0,6
10,4,2015,4,396843,0,0,0,0,0,1,0,7
10,4,2015,5,396844,1,0,0,0.166666666666667,1,0.833333333333333,0,6
10,4,2015,6,396845,3,0,1,1.75,4,0,0,8
10,4,2015,7,396846,7,0,9,8.72727272727273,12,0,0,11
10,4,2015,8,396847,5,3,15,15.1666666666667,15,0,0,12
10,4,2015,9,396848,3,2,15,14.7777777777778,16,0,0,9
10,4,2015,10,396849,1,4,13,13.3636363636364,13,0,0,11
10,4,2015,11,396850,7,6,14,13.6111111111111,15,0,0,18
10,4,2015,12,396851,4,14,11,11.0384615384615,6,0,0,26
10,4,2015,13,396852,4,9,2,2.05263157894737,1,0.157894736842105,0,19
10,4,2015,14,396853,1,2,0,0.3,0,0.7,0,10
10,4,2015,15,396854,11,6,4,3.47619047619048,5,0.0952380952380952,0,21
10,4,2015,16,396855,3,4,6,6.33333333333333,5,0,0,12
10,4,2015,17,396856,4,2,6,6.54545454545455,8,0,0,11
10,4,2015,18,396857,7,7,7,6.52631578947368,7,0,0,19
10,4,2015,19,396858,3,4,8,7.66666666666667,7,0,0,12
10,4,2015,20,396859,1,7,4,4.38461538461539,1,0,0,13
10,4,2015,21,396860,1,2,0.5,0.5,0,0.5,0,8
10,4,2015,22,396861,1,1,0,0.25,0,0.75,0,8
10,4,2015,23,396862,1,1,0,0.125,0,0.875,0,8
11,4,2015,0,396863,0,0,0,0,0,1,0,6
11,4,2015,1,396864,0,0,0,0,0,1,0,6
11,4,2015,2,396865,0,0,0,0,0,1,0,6
11,4,2015,3,396866,3,0,0,0.5,3,0.833333333333333,0,6
11,4,2015,4,396867,0,0,3,3,3,0,0,7
11,4,2015,5,396868,0,0,3,3,3,0,0,6
11,4,2015,6,396869,2,0,4,3.71428571428571,5,0,0,7
11,4,2015,7,396870,1,0,6,5.83333333333333,6,0,0,6
11,4,2015,8,396871,2,2,6,6.1,6,0,0,10
11,4,2015,9,396872,5,0,9.5,9.625,12,0,0,8
11,4,2015,10,396873,3,2,12.5,12.7,13,0,0,10
11,4,2015,11,396874,4,2,15,15.3333333333333,17,0,0,12
11,4,2015,12,396875,6,1,22,21.5555555555556,23,0,0,9
11,4,2015,13,396876,2,1,23,22.7777777777778,24,0,0.111111111111111,9
11,4,2015,14,396877,0,1,24,23.6666666666667,23,0,0.666666666666667,6
11,4,2015,15,396878,2,3,22.5,22.4166666666667,22,0,0,12
11,4,2015,16,396879,3,3,23,23.2,23,0,0.4,10
11,4,2015,17,396880,2,1,23,23.3,24,0,0.3,10
11,4,2015,18,396881,6,8,23,22.25,22,0,0.3,20
11,4,2015,19,396882,3,4,23,23.3076923076923,23,0,0.461538461538462,13
11,4,2015,20,396883,2,6,20.5,20.9285714285714,19,0,0.142857142857143,14
11,4,2015,21,396884,1,5,15.5,15.5,14,0,0,10
11,4,2015,22,396885,0,1,14,13.75,13,0,0,8
11,4,2015,23,396886,0,3,12,11.8888888888889,10,0,0,9
12,4,2015,0,396887,1,2,8,8.4,8,0,0,10
12,4,2015,1,396888,0,1,7,7.33333333333333,7,0,0,6
12,4,2015,2,396889,0,1,7,6.85714285714286,6,0,0,7
12,4,2015,3,396890,1,0,7,6.57142857142857,7,0,0,7
12,4,2015,4,396891,0,0,7,7,7,0,0,7
12,4,2015,5,396892,0,0,7,7,7,0,0,6
12,4,2015,6,396893,1,0,7.5,7.5,8,0,0,6
12,4,2015,7,396894,0,0,9,9,9,0,0,6
12,4,2015,8,396895,0,0,10,10,10,0,0,6
12,4,2015,9,396896,3,0,10,10.7142857142857,13,0,0,7
12,4,2015,10,396897,4,2,15,14.5,15,0,0,10
12,4,2015,11,396898,5,2,18,17.3636363636364,18,0,0,11
12,4,2015,12,396899,3,2,19,18.6,19,0,0,10
12,4,2015,13,396900,1,1,19,18.625,19,0,0,8
12,4,2015,14,396901,3,4,19,18.6363636363636,18,0,0,11
12,4,2015,15,396902,2,1,19,19.125,19,0,0,8
12,4,2015,16,396903,2,4,19,18.5555555555556,18,0,0,9
12,4,2015,17,396904,7,3,21,20.6923076923077,22,0,0,13
12,4,2015,18,396905,4,2,23,23.25,24,0,0.4375,16
12,4,2015,19,396906,3,6,22,21.8571428571429,20,0,0.142857142857143,14
12,4,2015,20,396907,2,1,20,20.375,21,0,0,8
12,4,2015,21,396908,2,3,20,20.6666666666667,20,0,0,9
12,4,2015,22,396909,2,1,20,20.375,21,0,0,8
12,4,2015,23,396910,0,2,19,19.7142857142857,19,0,0,7
13,4,2015,0,396911,0,4,17.5,17,15,0,0,10
13,4,2015,1,396912,1,1,15,15.125,15,0,0,8
13,4,2015,2,396913,1,1,15,15.4285714285714,15,0,0,7
13,4,2015,3,396914,0,0,15,15,15,0,0,6
13,4,2015,4,396915,0,0,15,15,15,0,0,7
13,4,2015,5,396916,0,0,15,15,15,0,0,6
13,4,2015,6,396917,2,0,15,15.5,17,0,0,6
13,4,2015,7,396918,0,0,17,17,17,0,0,6
13,4,2015,8,396919,1,3,18,17.8,16,0,0,10
13,4,2015,9,396920,3,0,18,17.5,19,0,0,6
13,4,2015,10,396921,6,3,21,21.4285714285714,23,0,0,14
13,4,2015,11,396922,4,5,22,22.4666666666667,22,0,0.133333333333333,15
13,4,2015,12,396923,2,2,23,23.4,23,0,0.4,10
13,4,2015,13,396924,2,3,22,22.4166666666667,22,0,0.0833333333333333,12
13,4,2015,14,396925,2,3,23,22.8666666666667,22,0,0.133333333333333,15
13,4,2015,15,396926,3,1,23,22.7,24,0,0.1,10
13,4,2015,16,396927,1,2,23,23.3333333333333,23,0,0.333333333333333,9
13,4,2015,17,396928,5,3,22.5,22.75,24,0,0.333333333333333,12
13,4,2015,18,396929,6,6,22,22.6315789473684,23,0,0.210526315789474,19
13,4,2015,19,396930,4,4,22,22.2857142857143,23,0,0.0714285714285714,14
13,4,2015,20,396931,1,3,23,23.0909090909091,22,0,0.272727272727273,11
13,4,2015,21,396932,0,8,19,18.625,14,0,0,16
13,4,2015,22,396933,0,2,13,13,12,0,0,7
13,4,2015,23,396934,0,0,12,12,12,0,0,6
14,4,2015,0,396935,0,2,10,10.4444444444444,10,0,0,9
14,4,2015,1,396936,0,0,10,10,10,0,0,6
14,4,2015,2,396937,0,0,10,10,10,0,0,6
14,4,2015,3,396938,0,0,10,10,10,0,0,6
14,4,2015,4,396939,0,0,10,10,10,0,0,8
14,4,2015,5,396940,12,11,11,9.5,12,0,0,16
14,4,2015,6,396941,9,1,14,15.3846153846154,20,0,0,13
14,4,2015,7,396942,4,2,23,22.8181818181818,23,0,0.272727272727273,11
14,4,2015,8,396943,1,1,24,23.9,24,0,0.9,10
14,4,2015,9,396944,2,2,24,23.8461538461538,24,0,0.846153846153846,13
14,4,2015,10,396945,3,4,24,23.7647058823529,23,0,0.764705882352941,17
14,4,2015,11,396946,5,5,23,22.7333333333333,23,0,0.2,15
14,4,2015,12,396947,4,9,23,22.3913043478261,19,0,0.391304347826087,23
14,4,2015,13,396948,4,18,9,9.89285714285714,5,0,0,28
14,4,2015,14,396949,7,5,4.5,4.55555555555556,7,0,0,18
14,4,2015,15,396950,7,6,8,8.38888888888889,9,0,0,18
14,4,2015,16,396951,4,7,9,8.76470588235294,6,0,0,17
14,4,2015,17,396952,3,5,5.5,5.375,4,0,0,16
14,4,2015,18,396953,5,10,5,4,0,0.157894736842105,0,19
14,4,2015,19,396954,2,3,1,0.909090909090909,0,0.272727272727273,0,11
14,4,2015,20,396955,0,0,0,0,0,1,0,6
14,4,2015,21,396956,1,1,0,0.428571428571429,0,0.571428571428571,0,7
14,4,2015,22,396957,1,1,0,0.25,0,0.75,0,8
14,4,2015,23,396958,0,0,0,0,0,1,0,6
15,4,2015,0,396959,0,0,0,0,0,1,0,6
15,4,2015,1,396960,0,0,0,0,0,1,0,6
15,4,2015,2,396961,0,0,0,0,0,1,0,6
15,4,2015,3,396962,0,0,0,0,0,1,0,6
15,4,2015,4,396963,0,0,0,0,0,1,0,7
15,4,2015,5,396964,3,0,2,1.42857142857143,3,0.285714285714286,0,7
15,4,2015,6,396965,5,1,4.5,4.9,8,0,0,10
15,4,2015,7,396966,6,2,11,10.9090909090909,13,0,0,11
15,4,2015,8,396967,5,0,17,16.9,19,0,0,10
15,4,2015,9,396968,3,2,19,19.4444444444444,20,0,0,9
15,4,2015,10,396969,4,1,22.5,22.375,23,0,0.25,8
15,4,2015,11,396970,3,5,21.5,21.6428571428571,21,0,0,14
15,4,2015,12,396971,1,7,21,20.6842105263158,17,0,0.105263157894737,19
15,4,2015,13,396972,3,8,11,11.3157894736842,11,0,0,19
15,4,2015,14,396973,3,1,12,12,13,0,0,9
15,4,2015,15,396974,5,4,15,14.6666666666667,14,0,0,12
15,4,2015,16,396975,8,3,18,17.6153846153846,20,0,0,13
15,4,2015,17,396976,5,9,16,16.55,16,0,0,20
15,4,2015,18,396977,5,12,15,13.1785714285714,9,0,0,28
15,4,2015,19,396978,2,11,4,4.43478260869565,0,0.0434782608695652,0,23
15,4,2015,20,396979,3,2,1,1.28571428571429,1,0.285714285714286,0,7
15,4,2015,21,396980,3,3,2,2.22222222222222,1,0,0,9
15,4,2015,22,396981,2,2,1,0.666666666666667,1,0.333333333333333,0,9
15,4,2015,23,396982,0,1,0,0.142857142857143,0,0.857142857142857,0,7
16,4,2015,0,396983,0,0,0,0,0,1,0,6
16,4,2015,1,396984,0,0,0,0,0,1,0,6
16,4,2015,2,396985,0,0,0,0,0,1,0,6
16,4,2015,3,396986,0,0,0,0,0,1,0,6
16,4,2015,4,396987,0,0,0,0,0,1,0,7
16,4,2015,5,396988,2,0,1,1,2,0.142857142857143,0,7
16,4,2015,6,396989,4,0,2,3,6,0,0,10
16,4,2015,7,396990,10,0,10,11,17,0,0,14
16,4,2015,8,396991,6,0,22,21.5833333333333,24,0,0.166666666666667,12
16,4,2015,9,396992,2,3,23,22.6363636363636,23,0,0.0909090909090909,11
16,4,2015,10,396993,2,2,24,23.5384615384615,24,0,0.538461538461538,13
16,4,2015,11,396994,3,5,23,23.1538461538462,22,0,0.384615384615385,13
16,4,2015,12,396995,5,12,20,20.3478260869565,16,0,0.0434782608695652,23
16,4,2015,13,396996,3,12,10,10.3461538461538,7,0,0,26
16,4,2015,14,396997,10,8,9,9.09090909090909,10,0,0,22
16,4,2015,15,396998,11,5,10.5,11.9545454545455,16,0,0,22
16,4,2015,16,396999,4,9,14,13.2105263157895,11,0,0,19
16,4,2015,17,397000,6,13,10,9,5,0,0,22
16,4,2015,18,397001,7,9,4,3.85,3,0,0,20
16,4,2015,19,397002,3,7,2,1.70588235294118,0,0.117647058823529,0,17
16,4,2015,20,397003,4,1,1.5,1.5,3,0.125,0,8
16,4,2015,21,397004,1,4,1,1.16666666666667,0,0.333333333333333,0,12
16,4,2015,22,397005,1,1,1,0.571428571428571,0,0.428571428571429,0,7
16,4,2015,23,397006,0,0,0,0,0,1,0,6
17,4,2015,0,397007,0,0,0,0,0,1,0,6
17,4,2015,1,397008,0,0,0,0,0,1,0,6
17,4,2015,2,397009,0,0,0,0,0,1,0,6
17,4,2015,3,397010,0,0,0,0,0,1,0,6
17,4,2015,4,397011,0,0,0,0,0,1,0,8
17,4,2015,5,397012,4,0,2,1.88888888888889,4,0.111111111111111,0,9
17,4,2015,6,397013,6,2,4,4.81818181818182,8,0,0,11
17,4,2015,7,397014,11,1,12.5,12.875,18,0,0,16
17,4,2015,8,397015,2,1,18,18,19,0,0,4
18,4,2015,3,397034,0,1,0,0.428571428571429,0,0.571428571428571,0,7
18,4,2015,4,397035,1,0,1,0.8,1,0.2,0,10
18,4,2015,5,397036,1,0,3,2.66666666666667,3,0,0,6
18,4,2015,6,397037,1,0,4,3.71428571428571,4,0,0,7
18,4,2015,7,397038,2,0,5,5.125,6,0,0,8
18,4,2015,8,397039,6,0,9,9.4,13,0,0,10
18,4,2015,9,397040,4,2,14.5,14.5,16,0,0,10
18,4,2015,10,397041,0,4,14.5,14.3,12,0,0,10
18,4,2015,11,397042,3,2,14,13.7272727272727,13,0,0,11
18,4,2015,12,397043,5,5,15,15.1666666666667,14,0,0,18
18,4,2015,13,397044,2,3,14,13.9166666666667,13,0,0,12
18,4,2015,14,397045,6,0,16,16.3333333333333,19,0,0,9
18,4,2015,15,397046,4,2,18.5,18.6,21,0,0,10
18,4,2015,16,397047,4,6,21,21.2222222222222,19,0,0,18
18,4,2015,17,397048,8,5,23,22.3529411764706,22,0,0.176470588235294,17
18,4,2015,18,397049,7,12,17.5,17.5769230769231,16,0,0,26
18,4,2015,19,397050,9,6,18,18.8125,19,0,0,16
18,4,2015,20,397051,6,3,21,21.3157894736842,22,0,0,19
18,4,2015,21,397052,1,6,21,21.4375,19,0,0.125,16
18,4,2015,22,397053,1,0,19,19.3333333333333,20,0,0,6
18,4,2015,23,397054,0,3,18,17.7777777777778,17,0,0,9
19,4,2015,0,397055,0,2,16,15.8571428571429,15,0,0,7
19,4,2015,1,397056,0,1,15,14.6666666666667,14,0,0,6
19,4,2015,2,397057,0,3,14,13.2222222222222,11,0,0,9
19,4,2015,3,397058,1,4,9,9.55555555555556,8,0,0,9
19,4,2015,4,397059,0,0,7,7,7,0,0,8
19,4,2015,5,397060,1,0,8,7.83333333333333,8,0,0,6
19,4,2015,6,397061,0,1,8,7.71428571428571,7,0,0,7
19,4,2015,7,397062,1,0,7,7.14285714285714,8,0,0,7
19,4,2015,8,397063,3,1,9,9,10,0,0,9
19,4,2015,9,397064,0,3,9,8.9,7,0,0,10
19,4,2015,10,397065,4,3,8,8.36363636363636,8,0,0,11
19,4,2015,11,397066,3,3,9,8.9,9,0,0,10
19,4,2015,12,397067,2,6,8.5,8.28571428571429,6,0,0,14
19,4,2015,13,397068,0,4,5,4.2,2,0,0,10
19,4,2015,14,397069,2,4,0.5,0.666666666666667,0,0.5,0,12
19,4,2015,15,397070,1,1,0,0.285714285714286,0,0.714285714285714,0,7
19,4,2015,16,397071,2,1,2,2,2,0,0,8
19,4,2015,17,397072,1,1,3,2.75,3,0,0,8
19,4,2015,18,397073,8,3,7,5.86666666666667,8,0,0,15
19,4,2015,19,397074,3,2,8,8,9,0,0,12
19,4,2015,20,397075,0,7,1.5,2.57142857142857,0,0.285714285714286,0,14
19,4,2015,21,397076,4,1,3,2.14285714285714,3,0.285714285714286,0,7
19,4,2015,22,397077,1,2,2,2,2,0,0,8
19,4,2015,23,397078,0,2,0.5,0.75,0,0.5,0,8
20,4,2015,0,397079,0,0,0,0,0,1,0,6
20,4,2015,1,397080,0,0,0,0,0,1,0,5
20,4,2015,2,397081,0,0,0,0,0,1,0,6
20,4,2015,3,397082,0,0,0,0,0,1,0,6
20,4,2015,4,397083,1,0,0,0.125,1,0.875,0,8
20,4,2015,5,397084,2,0,3,2.57142857142857,3,0,0,7
20,4,2015,6,397085,3,1,3,2.88888888888889,5,0,0,9
20,4,2015,7,397086,12,0,10.5,10.7857142857143,17,0,0,14
20,4,2015,8,397087,6,0,22.5,21.9,24,0,0.4,10
20,4,2015,9,397088,4,4,23,22.9090909090909,24,0,0.272727272727273,11
20,4,2015,10,397089,12,27,16.5,17.55,9,0,0.2,20
20,4,2015,11,397090,13,3,20,19,21,0,0,17
20,4,2015,12,397091,3,7,21,20.3181818181818,17,0,0,22
20,4,2015,13,397092,4,13,11.5,11.75,7,0,0,24
20,4,2015,14,397093,9,7,7,6.75,9,0,0,20
20,4,2015,15,397094,8,8,8,8,9,0,0,21
20,4,2015,16,397095,5,13,3,3.52631578947368,1,0.0526315789473684,0,19
20,4,2015,17,397096,10,3,4,3.875,7,0.0625,0,16
20,4,2015,18,397097,2,7,2,2,0,0.294117647058824,0,17
20,4,2015,19,397098,4,5,0,0.666666666666667,0,0.571428571428571,0,21
20,4,2015,20,397099,4,1,0,0.416666666666667,3,0.75,0,12
20,4,2015,21,397100,0,3,0,0.444444444444444,0,0.777777777777778,0,9
20,4,2015,22,397101,0,0,0,0,0,1,0,8
20,4,2015,23,397102,0,0,0,0,0,1,0,6
21,4,2015,0,397103,0,0,0,0,0,1,0,8
21,4,2015,1,397104,0,0,0,0,0,1,0,6
21,4,2015,2,397105,0,0,0,0,0,1,0,6
21,4,2015,3,397106,0,0,0,0,0,1,0,6
21,4,2015,4,397107,0,0,0,0,0,1,0,8
21,4,2015,5,397108,4,0,3,2.375,4,0.125,0,8
21,4,2015,6,397109,8,3,4,4.6,9,0,0,15
21,4,2015,7,397110,9,3,13.5,14.125,17,0,0,16
21,4,2015,8,397111,6,0,24,22.5454545454545,24,0,0.545454545454545,11
21,4,2015,9,397112,3,4,22,22.1818181818182,23,0,0.181818181818182,11
21,4,2015,10,397113,1,1,24,23.7,24,0,0.7,10
21,4,2015,11,397114,3,5,23,23.2352941176471,22,0,0.470588235294118,17
21,4,2015,12,397115,4,13,18,17.3333333333333,14,0,0,27
21,4,2015,13,397116,4,10,9,10.1,8,0,0,20
21,4,2015,14,397117,10,8,6,5.95,8,0,0,20
21,4,2015,15,397118,14,5,11,11.5789473684211,19,0,0,19
21,4,2015,16,397119,6,18,13,13.1052631578947,7,0,0,38
21,4,2015,17,397120,4,7,3,3.52631578947368,3,0,0,19
21,4,2015,18,397121,7,6,3.5,3.72222222222222,4,0,0,18
21,4,2015,19,397122,4,7,1,1.21052631578947,0,0.315789473684211,0,19
21,4,2015,20,397123,2,2,0,0.333333333333333,0,0.666666666666667,0,9
21,4,2015,21,397124,2,2,0,0.4,0,0.6,0,10
21,4,2015,22,397125,0,0,0,0,0,1,0,5
21,4,2015,23,397126,0,0,0,0,0,1,0,7
22,4,2015,0,397127,0,0,0,0,0,1,0,6
22,4,2015,1,397128,0,0,0,0,0,1,0,6
22,4,2015,2,397129,0,0,0,0,0,1,0,6
22,4,2015,3,397130,0,0,0,0,0,1,0,6
22,4,2015,4,397131,0,0,0,0,0,1,0,8
22,4,2015,5,397132,2,0,2,1.28571428571429,2,0.285714285714286,0,7
22,4,2015,6,397133,5,2,2,2.6,5,0,0,10
22,4,2015,7,397134,6,4,6,6,8,0,0,12
22,4,2015,8,397135,9,2,13,12.7692307692308,15,0,0,13
22,4,2015,9,397136,3,3,16,15.5,16,0,0,12
22,4,2015,10,397137,6,1,18,17.9230769230769,21,0,0,13
22,4,2015,11,397138,3,4,20,20,20,0,0,12
22,4,2015,12,397139,5,10,16,16.25,15,0,0,20
22,4,2015,13,397140,3,15,3,5,1,0.0909090909090909,0,22
22,4,2015,14,397141,5,3,1,0.6,2,0.466666666666667,0,15
22,4,2015,15,397142,9,9,2,2.03571428571429,3,0.0357142857142857,0,28
22,4,2015,16,397143,6,7,2,2.52380952380952,2,0,0,21
22,4,2015,17,397144,9,8,2,1.69565217391304,2,0.0869565217391304,0,23
22,4,2015,18,397145,10,12,3,2.8695652173913,0,0.130434782608696,0,23
22,4,2015,19,397146,3,3,1,0.75,1,0.25,0,12
22,4,2015,20,397147,1,2,0,0.333333333333333,0,0.666666666666667,0,9
22,4,2015,21,397148,0,0,0,0,0,1,0,6
22,4,2015,22,397149,0,0,0,0,0,1,0,6
22,4,2015,23,397150,1,1,0,0.142857142857143,0,0.857142857142857,0,7
23,4,2015,0,397151,1,0,0,0.428571428571429,1,0.571428571428571,0,7
23,4,2015,1,397152,0,0,1,1,1,0,0,6
23,4,2015,2,397153,0,0,1,1,1,0,0,6
23,4,2015,3,397154,0,0,1,1,1,0,0,6
23,4,2015,4,397155,0,0,1,1,1,0,0,7
23,4,2015,5,397156,1,0,1.5,1.5,2,0,0,6
23,4,2015,6,397157,6,1,3,3.6,7,0,0,10
23,4,2015,7,397158,13,2,10,11.5,19,0,0,18
23,4,2015,8,397159,3,0,23,22.5555555555556,23,0,0,9
23,4,2015,9,397160,4,4,22.5,22.5,23,0,0,14
23,4,2015,10,397161,3,6,21,20.9473684210526,20,0,0,19
23,4,2015,11,397162,1,1,21,20.75,21,0,0,8
23,4,2015,12,397163,5,13,16,16.56,13,0,0,25
23,4,2015,13,397164,6,12,11,10.9285714285714,8,0,0,28
23,4,2015,14,397165,6,10,6,6.59259259259259,5,0,0,27
23,4,2015,15,397166,10,6,9,8.61904761904762,10,0,0,21
23,4,2015,16,397167,5,5,9,8.8125,10,0,0,16
23,4,2015,17,397168,10,7,8,7.61904761904762,12,0,0,21
23,4,2015,18,397169,5,13,11.5,11.1153846153846,6,0,0,26
23,4,2015,19,397170,5,12,5,4.48148148148148,0,0.111111111111111,0,27
23,4,2015,20,397171,2,2,0,0.444444444444444,1,0.555555555555556,0,9
23,4,2015,21,397172,2,2,1,0.666666666666667,1,0.333333333333333,0,9
23,4,2015,22,397173,0,0,0,0,0,1,0,6
23,4,2015,23,397174,0,0,0,0,0,1,0,6
24,4,2015,0,397175,0,0,0,0,0,1,0,6
24,4,2015,1,397176,0,0,0,0,0,1,0,6
24,4,2015,2,397177,0,0,0,0,0,1,0,6
24,4,2015,3,397178,0,0,0,0,0,1,0,6
24,4,2015,4,397179,0,0,0,0,0,1,0,9
24,4,2015,5,397180,2,0,1,0.833333333333333,2,0.333333333333333,0,6
24,4,2015,6,397181,6,2,1,1.83333333333333,6,0.333333333333333,0,12
24,4,2015,7,397182,12,4,7.5,7.9,14,0,0,20
24,4,2015,8,397183,9,2,23,21.75,22,0,0.3125,16
24,4,2015,9,397184,5,7,21,20.9473684210526,20,0,0,19
24,4,2015,10,397185,2,4,20,19.8125,19,0,0,16
24,4,2015,11,397186,8,9,19,18.5789473684211,18,0,0,19
24,4,2015,12,397187,7,11,17,16.5217391304348,14,0,0,23
24,4,2015,13,397188,11,15,11,10.3461538461538,10,0,0,26
24,4,2015,14,397189,3,13,5,5.91304347826087,1,0,0,23
24,4,2015,15,397190,9,8,3,3.62068965517241,4,0,0,29
24,4,2015,16,397191,6,7,3,2.29411764705882,2,0.117647058823529,0,17
24,4,2015,17,397192,3,4,1,1.33333333333333,1,0.0833333333333333,0,12
24,4,2015,18,397193,6,6,1,1.38888888888889,1,0.111111111111111,0,18
24,4,2015,19,397194,6,4,1.5,1.57142857142857,2,0.214285714285714,0,14
24,4,2015,20,397195,4,4,2,2,2,0.166666666666667,0,12
24,4,2015,21,397196,5,3,1,1.23076923076923,4,0.384615384615385,0,13
24,4,2015,22,397197,2,5,1.5,1.42857142857143,0,0.214285714285714,0,14
24,4,2015,23,397198,0,0,0,0,0,1,0,6
25,4,2015,0,397199,0,0,0,0,0,1,0,6
25,4,2015,1,397200,0,0,0,0,0,1,0,6
25,4,2015,2,397201,0,0,0,0,0,1,0,6
25,4,2015,3,397202,0,0,0,0,0,1,0,6
25,4,2015,4,397203,0,0,0,0,0,1,0,7
25,4,2015,5,397204,3,1,2,1.88888888888889,2,0.111111111111111,0,9
25,4,2015,6,397205,2,0,2,2.375,4,0,0,8
25,4,2015,7,397206,2,0,4,4.57142857142857,6,0,0,7
25,4,2015,8,397207,6,1,8,8.36363636363636,12,0,0,11
25,4,2015,9,397208,8,0,17.5,17.4166666666667,21,0,0,12
25,4,2015,10,397209,5,8,19,19.5238095238095,18,0,0,21
25,4,2015,11,397210,6,4,19,18.9375,20,0,0,16
25,4,2015,12,397211,4,11,14.5,15.0454545454545,13,0,0,22
25,4,2015,13,397212,4,3,13,12.9166666666667,14,0,0,12
25,4,2015,14,397213,4,4,13,13,14,0,0,13
25,4,2015,15,397214,1,3,12,12.2,12,0,0,10
25,4,2015,16,397215,10,5,14,14.95,18,0,0,20
25,4,2015,17,397216,7,6,20,20.1,20,0,0,20
25,4,2015,18,397217,6,5,22,21.5555555555556,22,0,0,18
25,4,2015,19,397218,6,6,22,21.7368421052632,23,0,0,19
25,4,2015,20,397219,8,8,23,22.48,23,0,0.12,25
25,4,2015,21,397220,0,7,17,17.5384615384615,15,0,0,13
25,4,2015,22,397221,2,4,14,13.9090909090909,13,0,0,11
25,4,2015,23,397222,1,1,14,13.5714285714286,13,0,0,7
26,4,2015,0,397223,0,3,11,10.7,9,0,0,10
26,4,2015,1,397224,0,0,9,9,9,0,0,6
26,4,2015,2,397225,0,1,9,8.71428571428571,8,0,0,7
26,4,2015,3,397226,1,2,7,7.66666666666667,7,0,0,9
26,4,2015,4,397227,2,0,7.5,7.625,9,0,0,8
26,4,2015,5,397228,2,1,9.5,9.16666666666667,10,0,0,6
26,4,2015,6,397229,1,1,10,9.66666666666667,10,0,0,9
26,4,2015,7,397230,0,1,10,9.71428571428571,9,0,0,7
26,4,2015,8,397231,3,5,8,8.07142857142857,7,0,0,14
26,4,2015,9,397232,3,1,8,8.375,9,0,0,8
26,4,2015,10,397233,4,1,10,10.4,12,0,0,10
26,4,2015,11,397234,4,0,16.5,15.75,17,0,0,8
26,4,2015,12,397235,2,8,12,12.5294117647059,10,0,0,17
26,4,2015,13,397236,4,3,10,9.83333333333333,11,0,0,12
26,4,2015,14,397237,1,7,8,8.63157894736842,5,0,0,19
26,4,2015,15,397238,0,1,4,4.25,4,0,0,8
26,4,2015,16,397239,3,5,3,2.84615384615385,2,0,0,13
26,4,2015,17,397240,9,3,3,3.8125,8,0,0,16
26,4,2015,18,397241,1,4,7.5,7.4,6,0,0,10
26,4,2015,19,397242,2,2,6,5.8,6,0,0,10
26,4,2015,20,397243,3,4,5,5.25,5,0,0,12
26,4,2015,21,397244,1,6,2,2.15384615384615,0,0.384615384615385,0,13
26,4,2015,22,397245,0,0,0,0,0,1,0,6
26,4,2015,23,397246,0,0,0,0,0,1,0,6
27,4,2015,0,397247,0,0,0,0,0,1,0,5
27,4,2015,1,397248,0,0,0,0,0,1,0,6
27,4,2015,2,397249,0,0,0,0,0,1,0,6
27,4,2015,3,397250,0,0,0,0,0,1,0,6
27,4,2015,4,397251,0,0,0,0,0,1,0,8
27,4,2015,5,397252,1,0,0,0.166666666666667,1,0.833333333333333,0,6
27,4,2015,6,397253,4,1,1,1.2,4,0.4,0,10
27,4,2015,7,397254,12,3,6.5,7.61111111111111,13,0,0,18
27,4,2015,8,397255,9,2,19,18.5625,21,0,0,16
27,4,2015,9,397256,1,4,20,19.9,19,0,0,10
27,4,2015,10,397257,3,2,23,22.5454545454545,22,0,0.181818181818182,11
27,4,2015,11,397258,4,3,23.5,23.4166666666667,24,0,0.5,12
27,4,2015,12,397259,3,10,20,20.65,17,0,0.2,20
27,4,2015,13,397260,4,14,11.5,11.8846153846154,7,0,0,26
27,4,2015,14,397261,10,5,7,7.16666666666667,12,0,0,18
27,4,2015,15,397262,8,8,11,10.8636363636364,12,0,0,22
27,4,2015,16,397263,7,3,14,13.8333333333333,16,0,0,12
27,4,2015,17,397264,8,11,16.5,15.6428571428571,13,0,0,28
27,4,2015,18,397265,4,16,6,6.03030303030303,1,0.0606060606060606,0,33
27,4,2015,19,397266,5,4,1.5,1.5,3,0.0625,0,16
27,4,2015,20,397267,1,4,1.5,1.75,0,0.25,0,12
27,4,2015,21,397268,1,0,0,0.142857142857143,1,0.857142857142857,0,7
27,4,2015,22,397269,0,1,0,0.428571428571429,0,0.571428571428571,0,7
27,4,2015,23,397270,0,0,0,0,0,1,0,6
28,4,2015,0,397271,0,0,0,0,0,1,0,6
28,4,2015,1,397272,0,0,0,0,0,1,0,6
28,4,2015,2,397273,0,0,0,0,0,1,0,6
28,4,2015,3,397274,0,0,0,0,0,1,0,6
28,4,2015,4,397275,0,0,0,0,0,1,0,7
28,4,2015,5,397276,1,1,1,0.571428571428571,0,0.428571428571429,0,7
28,4,2015,6,397277,7,2,2,2.16666666666667,5,0.166666666666667,0,12
28,4,2015,7,397278,12,2,8,9.11764705882353,15,0,0,17
28,4,2015,8,397279,9,1,19,19.7692307692308,24,0,0.307692307692308,13
28,4,2015,9,397280,0,1,24,23.6666666666667,23,0,0.666666666666667,3
28,4,2015,10,397281,2,5,23,22.4615384615385,20,0,0.153846153846154,13
28,4,2015,11,397282,6,5,22,21.75,22,0,0,20
28,4,2015,12,397283,5,9,21.5,21.15,19,0,0.2,20
28,4,2015,13,397284,4,12,12,12.28,10,0,0,25
28,4,2015,14,397285,5,6,10,10.3529411764706,9,0,0,17
28,4,2015,15,397286,7,8,8.5,8.63636363636364,8,0,0,22
28,4,2015,16,397287,3,6,8.5,8.3125,6,0,0,16
28,4,2015,17,397288,8,5,7,7.55555555555556,10,0,0,18
28,4,2015,18,397289,5,4,10,10.3333333333333,11,0,0,12
28,4,2015,19,397290,3,10,9,7.92307692307692,4,0,0,26
28,4,2015,20,397291,2,6,1,1,0,0.454545454545455,0,11
28,4,2015,21,397292,0,0,0,0,0,1,0,6
28,4,2015,22,397293,0,0,0,0,0,1,0,6
28,4,2015,23,397294,0,0,0,0,0,1,0,6
29,4,2015,0,397295,0,0,0,0,0,1,0,6
29,4,2015,1,397296,0,0,0,0,0,1,0,6
29,4,2015,2,397297,0,0,0,0,0,1,0,6
29,4,2015,3,397298,0,0,0,0,0,1,0,6
29,4,2015,4,397299,0,0,0,0,0,1,0,7
29,4,2015,5,397300,2,0,1.5,1.125,2,0.375,0,8
29,4,2015,6,397301,5,1,4,4.33333333333333,7,0,0,12
29,4,2015,7,397302,10,2,9,10.1428571428571,16,0,0,14
29,4,2015,8,397303,8,2,22,21.8,24,0,0.266666666666667,15
29,4,2015,9,397304,2,2,24,23.6,24,0,0.6,10
29,4,2015,10,397305,1,2,24,23.8181818181818,23,0,0.818181818181818,11
29,4,2015,11,397306,5,7,19,19.9,21,0,0,20
29,4,2015,12,397307,9,8,23,22.7727272727273,22,0,0.181818181818182,22
29,4,2015,13,397308,6,12,19,18.2068965517241,16,0,0,29
29,4,2015,14,397309,9,6,18,18,19,0,0,19
29,4,2015,15,397310,4,2,24,23.2666666666667,23,0,0.6,15
29,4,2015,16,397311,5,8,23,22.55,21,0,0.25,20
29,4,2015,17,397312,3,10,17,17.9545454545455,15,0,0,22
29,4,2015,18,397313,7,10,16,16,12,0,0,22
29,4,2015,19,397314,2,10,5,6.4,4,0,0,20
29,4,2015,20,397315,2,6,1,1.35714285714286,0,0.285714285714286,0,14
29,4,2015,21,397316,0,0,0,0,0,1,0,7
29,4,2015,22,397317,2,1,0.5,0.75,1,0.5,0,8
29,4,2015,23,397318,0,1,0,0.142857142857143,0,0.857142857142857,0,7
30,4,2015,0,397319,1,1,0,0.142857142857143,0,0.857142857142857,0,7
30,4,2015,1,397320,0,0,0,0,0,1,0,6
30,4,2015,2,397321,0,0,0,0,0,1,0,6
30,4,2015,3,397322,0,0,0,0,0,1,0,6
30,4,2015,4,397323,0,0,0,0,0,1,0,9
30,4,2015,5,397324,3,2,1,0.666666666666667,1,0.333333333333333,0,12
30,4,2015,6,397325,5,1,1,1.09090909090909,4,0.454545454545455,0,11
30,4,2015,7,397326,10,3,7,7,12,0,0,15
30,4,2015,8,397327,8,1,16,15.6153846153846,20,0,0,13
30,4,2015,9,397328,1,2,20,19.5555555555556,19,0,0,9
30,4,2015,10,397329,2,1,21,21,21,0,0,10
30,4,2015,11,397330,3,3,21,21.1111111111111,21,0,0,9
30,4,2015,12,397331,8,7,22,21.9047619047619,22,0,0,21
30,4,2015,13,397332,5,15,21.5,20,12,0,0.153846153846154,26
30,4,2015,14,397333,5,11,10,9.28571428571429,6,0,0,21
30,4,2015,15,397334,7,9,6,5.69230769230769,5,0,0,26
30,4,2015,16,397335,3,6,3,2.90909090909091,2,0,0,11
30,4,2015,17,397336,10,6,2,2.04545454545455,6,0.136363636363636,0,22
30,4,2015,18,397337,8,10,5.5,5.83333333333333,6,0,0,24
30,4,2015,19,397338,3,8,5,4.06666666666667,1,0,0,15
30,4,2015,20,397339,4,2,3,3.45454545454545,4,0,0,11
30,4,2015,21,397340,0,3,1,1.3,0,0.3,0,10
30,4,2015,22,397341,1,0,0,0.333333333333333,1,0.666666666666667,0,6
30,4,2015,23,397342,1,0,1,1.33333333333333,2,0,0,6
1,5,2015,0,397343,0,0,2,2,2,0,0,6
1,5,2015,1,397344,0,1,1,1.33333333333333,1,0,0,6
1,5,2015,2,397345,1,0,1,1.16666666666667,2,0,0,6
1,5,2015,3,397346,0,0,2,2,2,0,0,6
1,5,2015,4,397347,1,0,2.5,2.5,3,0,0,8
1,5,2015,5,397348,0,0,3,3,3,0,0,6
1,5,2015,6,397349,1,0,3.5,3.5,4,0,0,6
1,5,2015,7,397350,0,0,4,4,4,0,0,6
1,5,2015,8,397351,3,0,7,6.66666666666667,8,0,0,9
1,5,2015,9,397352,2,1,9,9.125,9,0,0,8
1,5,2015,10,397353,1,6,10,9.08333333333333,5,0,0,12
1,5,2015,11,397354,0,4,2,2,1,0,0,10
1,5,2015,12,397355,2,2,2,1.75,1,0,0,8
1,5,2015,13,397356,1,1,1,0.625,1,0.375,0,8
1,5,2015,14,397357,2,3,1,1.27272727272727,0,0.0909090909090909,0,11
1,5,2015,15,397358,3,0,2,1.28571428571429,3,0.428571428571429,0,7
1,5,2015,16,397359,2,5,1,1.28571428571429,0,0.214285714285714,0,14
1,5,2015,17,397360,4,1,1,0.777777777777778,3,0.444444444444444,0,9
1,5,2015,18,397361,6,1,3,4.11111111111111,8,0,0,9
1,5,2015,19,397362,9,1,12,12.2,16,0,0,10
1,5,2015,20,397363,0,6,10.5,11.3333333333333,9,0,0,12
1,5,2015,21,397364,0,2,8,8.125,7,0,0,8
1,5,2015,22,397365,2,2,8,8.09090909090909,7,0,0,11
1,5,2015,23,397366,0,3,6,5.77777777777778,4,0,0,9
2,5,2015,0,397367,1,2,3.5,3.5,3,0,0,10
2,5,2015,1,397368,1,0,2,1.83333333333333,2,0,0,6
2,5,2015,2,397369,1,1,2,1.875,2,0,0,8
2,5,2015,3,397370,0,0,2,2,2,0,0,6
2,5,2015,4,397371,0,0,2,2,2,0,0,7
2,5,2015,5,397372,2,0,4,3.5,4,0,0,6
2,5,2015,6,397373,2,0,5,5,6,0,0,8
2,5,2015,7,397374,1,0,6.5,6.5,7,0,0,6
2,5,2015,8,397375,2,2,7,7.1,7,0,0,10
2,5,2015,9,397376,5,8,6,5.64705882352941,5,0,0,17
2,5,2015,10,397377,6,7,3,3.66666666666667,5,0,0,21
2,5,2015,11,397378,2,3,5.5,5.41666666666667,4,0,0,12
2,5,2015,12,397379,9,2,10.5,10.2857142857143,12,0,0,14
2,5,2015,13,397380,2,6,10,10.0769230769231,8,0,0,13
2,5,2015,14,397381,3,2,9,8.8,10,0,0,10
2,5,2015,15,397382,2,1,11,11.375,12,0,0,8
2,5,2015,16,397383,3,5,12,11.9230769230769,11,0,0,13
2,5,2015,17,397384,13,2,16,16.5882352941176,23,0,0,17
2,5,2015,18,397385,5,4,23,23.0526315789474,24,0,0.315789473684211,19
2,5,2015,19,397386,3,4,24,23.6428571428571,23,0,0.714285714285714,14
2,5,2015,20,397387,8,11,16,17.2105263157895,20,0,0,19
2,5,2015,21,397388,0,6,16,16.5,14,0,0,14
2,5,2015,22,397389,0,1,13,13.1666666666667,13,0,0,6
2,5,2015,23,397390,0,2,13,12.7142857142857,11,0,0,7
3,5,2015,0,397391,0,2,10.5,10.375,9,0,0,8
3,5,2015,1,397392,1,0,10,9.71428571428571,10,0,0,7
3,5,2015,2,397393,0,0,10,10,10,0,0,6
3,5,2015,3,397394,0,0,10,10,10,0,0,6
3,5,2015,4,397395,0,0,10,10,10,0,0,7
3,5,2015,5,397396,0,0,10,10,10,0,0,6
3,5,2015,6,397397,1,0,11,10.7142857142857,11,0,0,7
3,5,2015,7,397398,2,1,11,11.375,12,0,0,8
3,5,2015,8,397399,2,1,12,12.375,13,0,0,8
3,5,2015,9,397400,2,0,15,15,16,0,0,7
3,5,2015,10,397401,4,7,14,14.2352941176471,13,0,0,17
3,5,2015,11,397402,5,3,13,13.5,15,0,0,12
3,5,2015,12,397403,1,2,15,14.75,14,0,0,8
3,5,2015,13,397404,5,2,17,16.5833333333333,17,0,0,12
3,5,2015,14,397405,2,1,18,18,18,0,0,7
3,5,2015,15,397406,4,4,18,18.3846153846154,18,0,0,13
3,5,2015,16,397407,1,2,17,17.2222222222222,17,0,0,9
3,5,2015,17,397408,4,3,18,17.6923076923077,17,0,0,13
3,5,2015,18,397409,3,2,19,19.3333333333333,19,0,0,9
3,5,2015,19,397410,6,3,19,19.6,22,0,0,15
3,5,2015,20,397411,5,4,22,22,23,0,0.133333333333333,15
3,5,2015,21,397412,0,3,22,22.5,21,0,0.2,10
3,5,2015,22,397413,0,3,20,20.125,18,0,0,8
3,5,2015,23,397414,0,0,18,18,18,0,0,6
4,5,2015,0,397415,1,1,18,18.125,18,0,0,8
4,5,2015,1,397416,0,0,18,18,18,0,0,6
4,5,2015,2,397417,0,0,18,18,18,0,0,6
4,5,2015,3,397418,1,0,18,18.3333333333333,19,0,0,6
4,5,2015,4,397419,0,0,19,19,19,0,0,8
4,5,2015,5,397420,2,1,19,19.125,20,0,0,8
4,5,2015,6,397421,5,1,21.5,21.4166666666667,24,0,0.0833333333333333,12
4,5,2015,7,397422,2,2,24,23.4545454545455,24,0,0.545454545454545,11
4,5,2015,8,397423,0,0,24,24,24,0,1,6
4,5,2015,9,397424,1,2,24,23.7272727272727,23,0,0.727272727272727,11
4,5,2015,10,397425,0,0,24,24,24,0,1,8
4,5,2015,11,397426,4,4,23.5,23.2777777777778,24,0,0.5,18
4,5,2015,12,397427,0,3,23,22.7692307692308,21,0,0.384615384615385,13
4,5,2015,13,397428,1,13,11,12.0740740740741,8,0,0,27
4,5,2015,14,397429,4,10,6,6.12,4,0,0,25
4,5,2015,15,397430,9,3,9,9.31578947368421,12,0,0,19
4,5,2015,16,397431,4,7,14,13.5263157894737,10,0,0,19
4,5,2015,17,397432,6,8,8,8.1304347826087,8,0,0,23
4,5,2015,18,397433,2,10,4,3.94736842105263,0,0.0526315789473684,0,19
4,5,2015,19,397434,1,2,0,0.222222222222222,0,0.777777777777778,0,9
4,5,2015,20,397435,1,1,0,0.125,0,0.875,0,8
4,5,2015,21,397436,2,0,0,0.375,2,0.75,0,8
4,5,2015,22,397437,0,1,1,1.14285714285714,1,0,0,7
4,5,2015,23,397438,0,1,0,0.166666666666667,0,0.833333333333333,0,6
5,5,2015,0,397439,0,0,0,0,0,1,0,6
5,5,2015,1,397440,0,0,0,0,0,1,0,6
5,5,2015,2,397441,0,0,0,0,0,1,0,6
5,5,2015,3,397442,0,0,0,0,0,1,0,6
5,5,2015,4,397443,0,0,0,0,0,1,0,8
5,5,2015,5,397444,2,2,0.5,0.625,0,0.5,0,8
5,5,2015,6,397445,8,0,2,2.81818181818182,8,0.272727272727273,0,11
5,5,2015,7,397446,12,2,12,12.25,18,0,0,16
5,5,2015,8,397447,5,1,23,22.8,24,0,0.4,10
5,5,2015,9,397448,3,3,24,23.7272727272727,24,0,0.727272727272727,11
5,5,2015,10,397449,2,3,23,23,23,0,0.363636363636364,11
5,5,2015,11,397450,5,10,20,20,18,0,0,23
5,5,2015,12,397451,4,8,16,16.2631578947368,14,0,0,19
5,5,2015,13,397452,3,11,6,6.95238095238095,6,0,0,21
5,5,2015,14,397453,6,3,6,6.375,8,0,0,16
5,5,2015,15,397454,11,7,13,12.28,13,0,0,25
5,5,2015,16,397455,9,7,16.5,17.1071428571429,16,0,0,28
5,5,2015,17,397456,5,14,12.5,12.1153846153846,8,0,0,26
5,5,2015,18,397457,5,14,4,4.20689655172414,0,0.103448275862069,0,29
5,5,2015,19,397458,3,3,0,0.333333333333333,0,0.666666666666667,0,12
5,5,2015,20,397459,2,1,1,0.625,1,0.375,0,8
5,5,2015,21,397460,0,0,0,0,0,1,0,6
5,5,2015,22,397461,0,0,0,0,0,1,0,6
5,5,2015,23,397462,0,0,0,0,0,1,0,6
6,5,2015,0,397463,0,0,0,0,0,1,0,6
6,5,2015,1,397464,0,0,0,0,0,1,0,6
6,5,2015,2,397465,0,0,0,0,0,1,0,6
6,5,2015,3,397466,0,0,0,0,0,1,0,6
6,5,2015,4,397467,0,0,0,0,0,1,0,7
6,5,2015,5,397468,2,0,2,2,3,0,0,8
6,5,2015,6,397469,6,1,3,3.7,8,0,0,10
6,5,2015,7,397470,14,1,10,12.5625,21,0,0,16
6,5,2015,8,397471,6,2,23,22.4545454545455,24,0,0.363636363636364,11
6,5,2015,9,397472,0,2,24,23.5,22,0,0.625,8
6,5,2015,10,397473,4,6,20,19.8235294117647,20,0,0,17
6,5,2015,11,397474,6,5,22,21.8823529411765,22,0,0,17
6,5,2015,12,397475,2,6,19.5,19.625,17,0,0,16
6,5,2015,13,397476,3,11,15,14.6086956521739,10,0,0,23
6,5,2015,14,397477,4,5,9,9.07692307692308,9,0,0,13
6,5,2015,15,397478,10,3,10,11.2631578947368,15,0,0,19
6,5,2015,16,397479,4,10,10.5,11.2727272727273,9,0,0,22
6,5,2015,17,397480,8,10,8.5,8.63636363636364,7,0,0,22
6,5,2015,18,397481,11,18,8,7.5625,0,0.03125,0,32
6,5,2015,19,397482,7,11,2,2.16666666666667,0,0.0833333333333333,0,24
6,5,2015,20,397483,1,1,0,0.125,0,0.875,0,8
6,5,2015,21,397484,1,1,0,0.25,0,0.75,0,8
6,5,2015,22,397485,2,2,0,0.222222222222222,0,0.777777777777778,0,9
6,5,2015,23,397486,0,0,0,0,0,1,0,6
7,5,2015,0,397487,0,0,0,0,0,1,0,6
7,5,2015,1,397488,0,0,0,0,0,1,0,6
7,5,2015,2,397489,0,0,0,0,0,1,0,6
7,5,2015,3,397490,0,0,0,0,0,1,0,6
7,5,2015,4,397491,0,0,0,0,0,1,0,9
7,5,2015,5,397492,1,0,0,0.166666666666667,1,0.833333333333333,0,6
7,5,2015,6,397493,5,1,2,2.36363636363636,5,0,0,11
7,5,2015,7,397494,8,0,9,9,13,0,0,13
7,5,2015,8,397495,7,1,18,17.6666666666667,20,0,0,12
7,5,2015,9,397496,2,4,20,19.9333333333333,18,0,0,15
7,5,2015,10,397497,6,1,23,22.7692307692308,24,0,0.461538461538462,13
7,5,2015,11,397498,2,4,23,23.0714285714286,22,0,0.428571428571429,14
7,5,2015,12,397499,8,9,21,21.1,21,0,0,20
7,5,2015,13,397500,4,12,16,15.952380952381,12,0,0,21
7,5,2015,14,397501,2,9,8,8.17647058823529,5,0,0,17
7,5,2015,15,397502,11,11,6,5.86666666666667,5,0,0,30
7,5,2015,16,397503,10,9,2,2.52173913043478,5,0.0434782608695652,0,23
7,5,2015,17,397504,6,2,7,7.21428571428571,10,0,0,14
7,5,2015,18,397505,6,14,7,7.08,3,0,0,25
7,5,2015,19,397506,10,10,2,2.04166666666667,3,0.125,0,24
7,5,2015,20,397507,2,5,2,1.91666666666667,0,0.166666666666667,0,12
7,5,2015,21,397508,3,3,0.5,0.5,1,0.5,0,10
7,5,2015,22,397509,0,2,0,0.625,0,0.625,0,8
7,5,2015,23,397510,0,0,0,0,0,1,0,7
8,5,2015,0,397511,0,0,0,0,0,1,0,6
8,5,2015,1,397512,0,0,0,0,0,1,0,6
8,5,2015,2,397513,0,0,0,0,0,1,0,6
8,5,2015,3,397514,0,0,0,0,0,1,0,6
8,5,2015,4,397515,0,0,0,0,0,1,0,8
8,5,2015,5,397516,6,3,1.5,1.5,3,0.25,0,12
8,5,2015,6,397517,6,0,4,4.6,9,0,0,10
8,5,2015,7,397518,8,3,14,12.9230769230769,14,0,0,13
8,5,2015,8,397519,8,1,17,16.9230769230769,21,0,0,13
8,5,2015,9,397520,2,3,21,21.4,21,0,0,10
8,5,2015,10,397521,4,2,24,23.3333333333333,23,0,0.583333333333333,12
8,5,2015,11,397522,5,8,23,22.8461538461538,21,0,0.230769230769231,26
8,5,2015,12,397523,5,5,23,22.7142857142857,22,0,0.214285714285714,14
8,5,2015,13,397524,5,11,19,18.8636363636364,16,0,0,22
8,5,2015,14,397525,2,6,14,13.9230769230769,12,0,0,13
8,5,2015,15,397526,5,2,13.5,13.4,15,0,0,10
8,5,2015,16,397527,4,7,14,14.1875,12,0,0,16
8,5,2015,17,397528,2,5,13,12.3076923076923,10,0,0,13
8,5,2015,18,397529,5,11,6,5.76190476190476,3,0,0,21
8,5,2015,19,397530,9,9,4,3.33333333333333,3,0.0952380952380952,0,21
8,5,2015,20,397531,2,4,1.5,1.66666666666667,1,0,0,12
8,5,2015,21,397532,4,4,1,0.5625,0,0.4375,0,16
8,5,2015,22,397533,4,1,2,2.125,3,0.125,0,8
8,5,2015,23,397534,2,5,1,1.4,0,0.2,0,15
9,5,2015,0,397535,0,0,1,1,1,0,0,6
9,5,2015,1,397536,0,1,0,0.142857142857143,0,0.857142857142857,0,7
9,5,2015,2,397537,0,0,0,0,0,1,0,6
9,5,2015,3,397538,0,0,0,0,0,1,0,6
9,5,2015,4,397539,2,0,1,0.8,2,0.4,0,10
9,5,2015,5,397540,1,0,2.5,2.5,3,0,0,6
9,5,2015,6,397541,2,1,3,3.28571428571429,4,0,0,7
9,5,2015,7,397542,2,0,5,4.71428571428571,6,0,0,7
9,5,2015,8,397543,1,2,6,5.71428571428571,5,0,0,7
9,5,2015,9,397544,3,2,6,6.3,6,0,0,10
9,5,2015,10,397545,3,1,7,6.66666666666667,8,0,0,9
9,5,2015,11,397546,3,3,10,10.5,9,0,0,12
9,5,2015,12,397547,3,3,10,9.75,9,0,0,12
9,5,2015,13,397548,1,7,4,4.53846153846154,3,0,0,13
9,5,2015,14,397549,1,3,1.5,1.6,1,0,0,10
9,5,2015,15,397550,4,1,1,1.22222222222222,4,0.444444444444444,0,9
9,5,2015,16,397551,1,3,2,2.25,2,0,0,8
9,5,2015,17,397552,2,1,3,3.25,3,0,0,8
9,5,2015,18,397553,8,3,4,3.69230769230769,7,0,0,13
9,5,2015,19,397554,6,7,10,9.52380952380952,7,0,0,21
9,5,2015,20,397555,2,1,7,7.33333333333333,8,0,0,9
9,5,2015,21,397556,0,6,4.5,4.66666666666667,2,0,0,12
9,5,2015,22,397557,1,0,2,2.28571428571429,3,0,0,7
9,5,2015,23,397558,0,3,0,0.75,0,0.625,0,8
10,5,2015,0,397559,0,0,0,0,0,1,0,6
10,5,2015,1,397560,0,0,0,0,0,1,0,6
10,5,2015,2,397561,0,0,0,0,0,1,0,6
10,5,2015,3,397562,1,0,1,0.625,1,0.375,0,8
10,5,2015,4,397563,0,0,1,1,1,0,0,7
10,5,2015,5,397564,0,0,1,1,1,0,0,6
10,5,2015,6,397565,3,0,1.5,1.83333333333333,4,0,0,6
10,5,2015,7,397566,1,0,4,4.14285714285714,5,0,0,7
10,5,2015,8,397567,2,0,5,5.57142857142857,7,0,0,7
10,5,2015,9,397568,1,2,8,8,7,0,0,8
10,5,2015,10,397569,5,0,10.5,10.25,13,0,0,8
10,5,2015,11,397570,2,3,12,12.4444444444444,13,0,0,9
10,5,2015,12,397571,7,6,15,15.5882352941176,16,0,0,17
10,5,2015,13,397572,1,6,13,13.4,11,0,0,15
10,5,2015,14,397573,1,2,9.5,9.625,10,0,0,8
10,5,2015,15,397574,0,2,10,9.22222222222222,8,0,0,9
10,5,2015,16,397575,5,3,8,8.72727272727273,10,0,0,11
10,5,2015,17,397576,5,5,9,9.11764705882353,9,0,0,17
10,5,2015,18,397577,11,8,11,11.2857142857143,12,0,0,21
10,5,2015,19,397578,4,5,10,10.1428571428571,11,0,0,14
10,5,2015,20,397579,2,5,11,10.8,9,0,0,15
10,5,2015,21,397580,0,1,10,9.66666666666667,9,0,0,6
10,5,2015,22,397581,0,2,8,8,7,0,0,7
10,5,2015,23,397582,0,4,6,5.77777777777778,3,0,0,9
11,5,2015,0,397583,0,1,2,2.2,2,0,0,5
11,5,2015,1,397584,0,1,1.5,1.5,1,0,0,6
11,5,2015,2,397585,0,0,1,1,1,0,0,6
11,5,2015,3,397586,0,0,1,1,1,0,0,8
11,5,2015,4,397587,0,0,1,1,1,0,0,7
11,5,2015,5,397588,2,0,2,2.16666666666667,3,0,0,6
11,5,2015,6,397589,8,1,5.5,6,10,0,0,14
11,5,2015,7,397590,5,0,15,14.2307692307692,16,0,0,13
11,5,2015,8,397591,9,1,20.5,20.2142857142857,24,0,0.285714285714286,14
11,5,2015,9,397592,4,3,22,22.5,24,0,0.25,12
11,5,2015,10,397593,1,1,24,23.9,24,0,0.9,10
11,5,2015,11,397594,6,5,23,23.3888888888889,24,0,0.444444444444444,18
11,5,2015,12,397595,2,8,20,20.2941176470588,18,0,0.0588235294117647,17
11,5,2015,13,397596,5,15,10,10.4230769230769,7,0,0,26
11,5,2015,14,397597,7,11,3,3.10344827586207,2,0,0,29
11,5,2015,15,397598,11,8,3,3.66666666666667,6,0,0,21
11,5,2015,16,397599,8,8,5,4.31578947368421,5,0,0,19
11,5,2015,17,397600,9,8,7,7.21052631578947,9,0,0,19
11,5,2015,18,397601,5,13,2,3.03125,0,0.0625,0,32
11,5,2015,19,397602,8,9,1,0.96,1,0.2,0,25
11,5,2015,20,397603,3,5,1,1,0,0.375,0,16
11,5,2015,21,397604,1,0,0,0.285714285714286,1,0.714285714285714,0,7
11,5,2015,22,397605,0,1,0,0.166666666666667,0,0.833333333333333,0,6
11,5,2015,23,397606,0,0,0,0,0,1,0,6
12,5,2015,0,397607,0,0,0,0,0,1,0,6
12,5,2015,1,397608,0,0,0,0,0,1,0,6
12,5,2015,2,397609,0,0,0,0,0,1,0,6
12,5,2015,3,397610,0,0,0,0,0,1,0,6
12,5,2015,4,397611,0,0,0,0,0,1,0,8
12,5,2015,5,397612,1,1,0,0.142857142857143,0,0.857142857142857,0,7
12,5,2015,6,397613,8,3,1,1.84615384615385,5,0.307692307692308,0,13
12,5,2015,7,397614,14,1,14.5,13.8125,20,0,0,16
12,5,2015,8,397615,3,0,24,23.4,24,0,0.7,10
12,5,2015,9,397616,4,4,23.5,23.1875,24,0,0.5,16
12,5,2015,10,397617,2,2,24,23.7,24,0,0.7,10
12,5,2015,11,397618,2,3,24,23.6363636363636,23,0,0.636363636363636,11
12,5,2015,12,397619,6,6,22.5,22.45,23,0,0.2,20
12,5,2015,13,397620,2,22,11,11.0666666666667,2,0,0,30
12,5,2015,14,397621,7,5,2,2.38888888888889,3,0,0,18
12,5,2015,15,397622,10,7,2.5,2.8,5,0.05,0,20
12,5,2015,16,397623,6,11,2,2.36842105263158,0,0.157894736842105,0,19
12,5,2015,17,397624,6,4,2,2.52941176470588,3,0.0588235294117647,0,17
12,5,2015,18,397625,3,4,1,1.2,1,0.133333333333333,0,15
12,5,2015,19,397626,4,2,1,0.666666666666667,2,0.444444444444444,0,9
12,5,2015,20,397627,6,8,1,1.2,1,0.25,0,20
12,5,2015,21,397628,1,1,0,0.111111111111111,0,0.888888888888889,0,9
12,5,2015,22,397629,1,1,0,0.25,0,0.75,0,8
12,5,2015,23,397630,1,0,1,0.857142857142857,1,0.142857142857143,0,7
13,5,2015,0,397631,0,1,0,0.166666666666667,0,0.833333333333333,0,6
13,5,2015,1,397632,0,0,0,0,0,1,0,7
13,5,2015,2,397633,0,0,0,0,0,1,0,6
13,5,2015,3,397634,0,0,0,0,0,1,0,6
13,5,2015,4,397635,0,0,0,0,0,1,0,7
13,5,2015,5,397636,2,0,1,1.28571428571429,2,0.142857142857143,0,7
13,5,2015,6,397637,7,2,2,2.61538461538462,7,0.0769230769230769,0,13
13,5,2015,7,397638,8,3,10,10.0769230769231,14,0,0,13
13,5,2015,8,397639,13,5,20,19.4444444444444,23,0,0,18
13,5,2015,9,397640,2,1,24,23.625,24,0,0.625,8
13,5,2015,10,397641,2,3,24,23.5454545454545,23,0,0.545454545454545,11
13,5,2015,11,397642,1,2,23,22.7142857142857,22,0,0,7
13,5,2015,12,397643,3,0,23,22.8333333333333,24,0,0.333333333333333,6
13,5,2015,13,397644,2,12,14.5,15.3888888888889,12,0,0,18
13,5,2015,14,397645,2,5,9,9.5,8,0,0,12
13,5,2015,15,397646,9,5,7,6.92307692307692,12,0,0,13
13,5,2015,16,397647,0,2,10,9.2,8,0,0,5
13,5,2015,17,397648,1,3,7.5,7.625,7,0,0,8
13,5,2015,18,397649,3,7,8,7.4,3,0,0,10
13,5,2015,19,397650,2,2,1,1,1,0.125,0,8
13,5,2015,20,397651,0,0,0,0,0,1,0,6
13,5,2015,21,397652,1,1,0,0.166666666666667,0,0.833333333333333,0,6
13,5,2015,22,397653,0,1,0,0.125,0,0.875,0,8
13,5,2015,23,397654,0,0,0,0,0,1,0,5
14,5,2015,0,397655,0,0,0,0,0,1,0,6
14,5,2015,1,397656,0,0,0,0,0,1,0,6
14,5,2015,2,397657,0,0,0,0,0,1,0,6
14,5,2015,3,397658,0,0,0,0,0,1,0,6
14,5,2015,4,397659,0,0,0,0,0,1,0,7
14,5,2015,5,397660,2,1,1,1.28571428571429,1,0.142857142857143,0,7
14,5,2015,6,397661,6,1,1,1.875,6,0.125,0,8
14,5,2015,7,397662,9,0,11,11.3333333333333,17,0,0,6
14,5,2015,8,397663,5,1,21,21.6666666666667,23,0,0.333333333333333,9
14,5,2015,9,397664,1,0,23,23.1666666666667,24,0,0.166666666666667,6
14,5,2015,10,397665,1,2,24,23.625,23,0,0.625,8
14,5,2015,11,397666,3,3,23,23,23,0,0.25,8
14,5,2015,12,397667,0,1,24,23.8333333333333,23,0,0.833333333333333,6
14,5,2015,13,397668,0,8,16,16.7777777777778,14,0,0,9
14,5,2015,14,397669,3,2,16,15.875,16,0,0,8
14,5,2015,15,397670,2,5,15,14.9,14,0,0,10
14,5,2015,16,397671,1,3,14,13.5,12,0,0,6
14,5,2015,17,397672,3,3,11,10.5714285714286,12,0,0,7
14,5,2015,18,397673,2,9,9,9.1,5,0,0,10
14,5,2015,19,397674,1,3,5,4.42857142857143,3,0,0,7
14,5,2015,20,397675,3,1,3,3.28571428571429,4,0,0,7
14,5,2015,21,397676,1,5,1,1.28571428571429,0,0.285714285714286,0,7
14,5,2015,22,397677,1,1,1,0.571428571428571,0,0.428571428571429,0,7
14,5,2015,23,397678,1,1,0,0.142857142857143,0,0.857142857142857,0,7
15,5,2015,0,397679,1,0,0,0.428571428571429,1,0.571428571428571,0,7
15,5,2015,1,397680,0,0,1,1,1,0,0,6
15,5,2015,2,397681,0,1,0,0.285714285714286,0,0.714285714285714,0,7
15,5,2015,3,397682,0,0,0,0,0,1,0,6
15,5,2015,4,397683,1,1,0.5,0.5,0,0.5,0,8
15,5,2015,5,397684,1,0,1,0.833333333333333,1,0.166666666666667,0,6
15,5,2015,6,397685,8,1,1.5,2.75,8,0.25,0,8
15,5,2015,7,397686,9,1,12,12.2222222222222,17,0,0,9
15,5,2015,8,397687,7,1,20,20.7777777777778,24,0,0.111111111111111,9
15,5,2015,9,397688,1,0,23,23.3333333333333,24,0,0.333333333333333,6
15,5,2015,10,397689,2,8,21,20.8888888888889,18,0,0.111111111111111,9
15,5,2015,11,397690,3,4,22,22.1111111111111,21,0,0.111111111111111,9
15,5,2015,12,397691,2,2,20,20,19,0,0,8
15,5,2015,13,397692,2,4,14.5,14.75,15,0,0,8
15,5,2015,14,397693,2,7,11,11.5,11,0,0,8
15,5,2015,15,397694,7,4,12.5,12.125,14,0,0,8
15,5,2015,16,397695,3,7,12,12,11,0,0,9
15,5,2015,17,397696,3,1,12,11.875,13,0,0,8
15,5,2015,18,397697,5,3,21,20.2222222222222,21,0,0,9
15,5,2015,19,397698,1,10,15.5,15.5,11,0,0,8
15,5,2015,20,397699,0,3,8,8.57142857142857,8,0,0,7
15,5,2015,21,397700,0,6,1,1.42857142857143,0,0.428571428571429,0,7
15,5,2015,22,397701,0,0,0,0,0,1,0,5
15,5,2015,23,397702,0,0,0,0,0,1,0,6
16,5,2015,0,397703,0,0,0,0,0,1,0,6
16,5,2015,1,397704,1,0,1,0.714285714285714,1,0.285714285714286,0,7
16,5,2015,2,397705,0,1,1,0.6,0,0.4,0,5
16,5,2015,3,397706,0,0,0,0,0,1,0,6
16,5,2015,4,397707,0,0,0,0,0,1,0,7
16,5,2015,5,397708,2,0,2,1.66666666666667,2,0.166666666666667,0,6
16,5,2015,6,397709,2,1,2,1.71428571428571,2,0,0,7
16,5,2015,7,397710,3,0,3,3.42857142857143,5,0,0,7
16,5,2015,8,397711,1,3,5.5,5.25,4,0,0,8
16,5,2015,9,397712,3,4,4,4.42857142857143,3,0,0,7
16,5,2015,10,397713,3,0,6,5.85714285714286,7,0,0,7
16,5,2015,11,397714,2,1,8,8,8,0,0,7
16,5,2015,12,397715,0,3,8,7.5,6,0,0,8
16,5,2015,13,397716,2,5,1.5,1.625,2,0.375,0,8
16,5,2015,14,397717,3,1,2,2.42857142857143,4,0,0,7
16,5,2015,15,397718,1,4,2,2.11111111111111,1,0.222222222222222,0,9
16,5,2015,16,397719,5,4,1.5,1.5,2,0.1,0,10
16,5,2015,17,397720,4,2,2.5,2.75,4,0,0,8
16,5,2015,18,397721,7,2,5.5,6.625,10,0,0,8
16,5,2015,19,397722,3,4,12,12,10,0,0,8
16,5,2015,20,397723,2,5,7.5,7.375,6,0,0,8
16,5,2015,21,397724,0,2,5,4.28571428571429,3,0,0,7
16,5,2015,22,397725,0,3,3,2,0,0.333333333333333,0,6
16,5,2015,23,397726,1,1,1,0.833333333333333,1,0.166666666666667,0,6
17,5,2015,0,397727,0,1,0,0.166666666666667,0,0.833333333333333,0,6
17,5,2015,1,397728,1,0,0,0.166666666666667,1,0.833333333333333,0,6
17,5,2015,2,397729,1,0,1,1.16666666666667,2,0,0,6
17,5,2015,3,397730,0,0,2,2,2,0,0,6
17,5,2015,4,397731,1,0,2,2.28571428571429,3,0,0,7
17,5,2015,5,397732,1,0,4,3.83333333333333,4,0,0,6
17,5,2015,6,397733,2,0,4,4.5,6,0,0,6
17,5,2015,7,397734,0,0,6,6,6,0,0,6
17,5,2015,8,397735,5,2,7.5,7.625,9,0,0,8
17,5,2015,9,397736,3,0,10,10.3333333333333,12,0,0,6
17,5,2015,10,397737,5,3,14,13.6,14,0,0,10
17,5,2015,11,397738,6,5,14,14,15,0,0,10
17,5,2015,12,397739,0,2,14,14.1428571428571,13,0,0,7
17,5,2015,13,397740,0,2,13,12.6666666666667,11,0,0,6
17,5,2015,14,397741,1,2,8,8.14285714285714,8,0,0,7
17,5,2015,15,397742,1,0,7.5,7.5,8,0,0,6
17,5,2015,16,397743,0,2,5.5,5.66666666666667,5,0,0,6
17,5,2015,17,397744,1,4,2,2.71428571428571,2,0,0,7
17,5,2015,18,397745,6,2,3,4.14285714285714,6,0,0,7
17,5,2015,19,397746,0,2,5,5.71428571428571,5,0,0,7
17,5,2015,20,397747,3,5,4,4,1,0,0,7
17,5,2015,21,397748,0,1,0,0.166666666666667,0,0.833333333333333,0,6
17,5,2015,22,397749,0,0,0,0,0,1,0,6
17,5,2015,23,397750,0,0,0,0,0,1,0,6
18,5,2015,0,397751,0,0,0,0,0,1,0,7
18,5,2015,1,397752,0,0,0,0,0,1,0,6
18,5,2015,2,397753,0,0,0,0,0,1,0,6
18,5,2015,3,397754,0,0,0,0,0,1,0,5
18,5,2015,4,397755,0,0,0,0,0,1,0,7
18,5,2015,5,397756,0,0,1,1,1,0,0,6
18,5,2015,6,397757,6,0,2.5,3,7,0,0,6
18,5,2015,7,397758,5,2,11,10.875,13,0,0,8
18,5,2015,8,397759,7,0,24,22.5555555555556,24,0,0.666666666666667,9
18,5,2015,9,397760,1,1,24,23.8571428571429,24,0,0.857142857142857,7
18,5,2015,10,397761,2,2,24,23.625,24,0,0.75,8
18,5,2015,11,397762,2,8,20.5,20.75,18,0,0.25,8
18,5,2015,12,397763,1,4,18,17.7142857142857,15,0,0,7
18,5,2015,13,397764,0,12,2.5,4.3,0,0.1,0,10
18,5,2015,14,397765,7,7,2,2.18181818181818,2,0,0,11
18,5,2015,15,397766,2,2,4,3.85714285714286,3,0,0,7
18,5,2015,16,397767,7,5,4,3.66666666666667,6,0,0,9
18,5,2015,17,397768,0,4,2,2.42857142857143,1,0,0,7
18,5,2015,18,397769,6,7,2,1.9,0,0.2,0,10
18,5,2015,19,397770,0,0,0,0,0,1,0,7
18,5,2015,20,397771,3,0,0,1.14285714285714,3,0.571428571428571,0,7
18,5,2015,21,397772,1,3,1,1.125,1,0.375,0,8
18,5,2015,22,397773,3,2,1.5,1.25,2,0.25,0,8
18,5,2015,23,397774,0,1,0.5,0.5,0,0.5,0,6
19,5,2015,0,397775,0,0,0,0,0,1,0,6
19,5,2015,1,397776,0,0,0,0,0,1,0,6
19,5,2015,2,397777,0,0,0,0,0,1,0,6
19,5,2015,3,397778,0,0,0,0,0,1,0,6
19,5,2015,4,397779,0,0,0,0,0,1,0,7
19,5,2015,5,397780,1,0,1,0.833333333333333,1,0.166666666666667,0,6
19,5,2015,6,397781,4,0,2.5,2.625,5,0,0,8
19,5,2015,7,397782,11,0,9,10.3,17,0,0,10
19,5,2015,8,397783,4,5,21,21.4444444444444,19,0,0.222222222222222,9
19,5,2015,9,397784,5,3,22,22.1111111111111,22,0,0.111111111111111,9
19,5,2015,10,397785,0,3,21,20.8571428571429,19,0,0,7
19,5,2015,11,397786,1,3,19,19.125,18,0,0,8
19,5,2015,12,397787,4,10,18,17.8,14,0,0,10
19,5,2015,13,397788,0,10,7,7.66666666666667,4,0,0,9
19,5,2015,14,397789,4,4,1.5,1.625,4,0.375,0,8
19,5,2015,15,397790,5,3,5,5,6,0,0,9
19,5,2015,16,397791,2,5,7.5,7.25,5,0,0,8
19,5,2015,17,397792,1,1,3,2.625,3,0,0,8
19,5,2015,18,397793,1,1,3,3.16666666666667,3,0,0,6
19,5,2015,19,397794,0,1,3,3.14285714285714,3,0,0,7
19,5,2015,20,397795,0,1,2,2.16666666666667,2,0,0,6
19,5,2015,21,397796,1,1,2.5,2.5,2,0,0,6
19,5,2015,22,397797,0,0,2,2,2,0,0,6
19,5,2015,23,397798,0,0,2,2,2,0,0,6
20,5,2015,0,397799,0,0,2,2,2,0,0,6
20,5,2015,1,397800,0,0,2,2,2,0,0,6
20,5,2015,2,397801,0,0,2,2,2,0,0,5
20,5,2015,3,397802,0,0,2,2,2,0,0,6
20,5,2015,4,397803,0,0,2,2,2,0,0,7
20,5,2015,5,397804,1,0,3,2.83333333333333,3,0,0,6
20,5,2015,6,397805,4,0,3,3.5,6,0,0,8
20,5,2015,7,397806,10,0,13,12.75,17,0,0,8
20,5,2015,8,397807,6,0,23.5,22.1666666666667,24,0,0.5,6
20,5,2015,9,397808,1,1,24,23.75,23,0,0.75,8
20,5,2015,10,397809,1,7,20,20.125,18,0,0.125,8
20,5,2015,11,397810,2,5,19,19.2857142857143,17,0,0,7
20,5,2015,12,397811,3,8,17,15.9,12,0,0,10
20,5,2015,13,397812,1,8,6,6.625,4,0,0,8
20,5,2015,14,397813,1,2,0.5,0.625,1,0.5,0,8
20,5,2015,15,397814,3,2,2,1.42857142857143,3,0.285714285714286,0,7
20,5,2015,16,397815,5,6,6,6.2,4,0,0,10
20,5,2015,17,397816,1,5,3.5,2.875,1,0.25,0,8
20,5,2015,18,397817,3,4,1,1.85714285714286,0,0.142857142857143,0,7
20,5,2015,19,397818,2,2,0,0.25,0,0.75,0,8
20,5,2015,20,397819,0,3,0,0.833333333333333,0,0.666666666666667,0,6
20,5,2015,21,397820,1,0,0,0.142857142857143,1,0.857142857142857,0,7
20,5,2015,22,397821,0,0,0,0,0,1,0,6
20,5,2015,23,397822,1,1,0,0.428571428571429,0,0.571428571428571,0,7
21,5,2015,0,397823,0,0,0,0,0,1,0,5
21,5,2015,1,397824,0,0,0,0,0,1,0,6
21,5,2015,2,397825,0,0,0,0,0,1,0,6
21,5,2015,3,397826,0,0,0,0,0,1,0,6
21,5,2015,4,397827,0,0,0,0,0,1,0,7
21,5,2015,5,397828,2,0,1,1.71428571428571,3,0,0,7
21,5,2015,6,397829,8,1,4,5,10,0,0,9
21,5,2015,7,397830,8,1,13,13.75,18,0,0,8
21,5,2015,8,397831,6,1,24,23.1428571428571,24,0,0.714285714285714,7
21,5,2015,9,397832,3,2,23,23,24,0,0.285714285714286,7
21,5,2015,10,397833,1,2,23,23.1428571428571,23,0,0.285714285714286,7
21,5,2015,11,397834,3,4,21.5,21.625,21,0,0,8
21,5,2015,12,397835,3,9,18,18.5,16,0,0,8
21,5,2015,13,397836,4,6,12,11.75,12,0,0,8
21,5,2015,14,397837,1,8,7,6.875,3,0,0,8
21,5,2015,15,397838,4,1,1,1.5,4,0.375,0,8
21,5,2015,16,397839,5,2,10.5,9.75,10,0,0,8
21,5,2015,17,397840,5,6,8,8.2,8,0,0,10
21,5,2015,18,397841,3,2,5,5.14285714285714,7,0,0,7
21,5,2015,19,397842,7,9,2,2,3,0.222222222222222,0,9
21,5,2015,20,397843,0,2,1,1,0,0.166666666666667,0,6
21,5,2015,21,397844,0,0,0,0,0,1,0,6
21,5,2015,22,397845,1,0,0.5,0.5,1,0.5,0,6
21,5,2015,23,397846,0,1,0,0.125,0,0.875,0,8
22,5,2015,0,397847,0,0,0,0,0,1,0,6
22,5,2015,1,397848,0,0,0,0,0,1,0,6
22,5,2015,2,397849,0,0,0,0,0,1,0,6
22,5,2015,3,397850,0,0,0,0,0,1,0,6
22,5,2015,4,397851,0,0,0,0,0,1,0,5
22,5,2015,5,397852,0,0,0,0,0,1,0,6
22,5,2015,6,397853,6,0,1,1.85714285714286,6,0.428571428571429,0,7
22,5,2015,7,397854,8,1,11.5,11,14,0,0,8
22,5,2015,8,397855,10,0,21.5,20.25,24,0,0.375,8
22,5,2015,9,397856,17,17,24,21.875,24,0,0.75,8
22,5,2015,10,397857,2,4,22.5,22.625,22,0,0.375,8
22,5,2015,11,397858,3,5,23,22.7777777777778,21,0,0.333333333333333,9
22,5,2015,12,397859,1,4,22,21,19,0,0,7
22,5,2015,13,397860,5,12,11,12.6,11,0,0,10
22,5,2015,14,397861,2,8,3,3.55555555555556,1,0,0,9
22,5,2015,15,397862,6,5,1.5,1.875,1,0.375,0,8
22,5,2015,16,397863,0,1,0,0.142857142857143,0,0.857142857142857,0,7
22,5,2015,17,397864,4,3,1,1.25,2,0.25,0,8
22,5,2015,18,397865,9,3,7,6.5,9,0,0,8
22,5,2015,19,397866,1,10,3,3.75,0,0.25,0,8
22,5,2015,20,397867,2,2,0,0.571428571428571,0,0.714285714285714,0,7
22,5,2015,21,397868,1,0,0,0.142857142857143,1,0.857142857142857,0,7
22,5,2015,22,397869,1,1,1,0.571428571428571,1,0.428571428571429,0,7
22,5,2015,23,397870,0,1,1,0.666666666666667,0,0.333333333333333,0,6
23,5,2015,0,397871,1,1,0,0.428571428571429,0,0.571428571428571,0,7
23,5,2015,1,397872,0,0,0,0,0,1,0,6
23,5,2015,2,397873,0,0,0,0,0,1,0,6
23,5,2015,3,397874,0,0,0,0,0,1,0,6
23,5,2015,4,397875,0,0,0,0,0,1,0,7
23,5,2015,5,397876,2,0,0.5,0.833333333333333,2,0.5,0,6
23,5,2015,6,397877,2,0,2,2.5,4,0,0,6
23,5,2015,7,397878,1,1,4,3.71428571428571,4,0,0,7
23,5,2015,8,397879,4,2,5.5,5.375,6,0,0,8
23,5,2015,9,397880,3,3,10,9.71428571428571,8,0,0,7
23,5,2015,10,397881,7,1,10,10.75,15,0,0,8
23,5,2015,11,397882,5,1,14.5,14.875,18,0,0,8
23,5,2015,12,397883,3,2,19,18.8571428571429,19,0,0,7
23,5,2015,13,397884,3,2,18,17.875,18,0,0,8
23,5,2015,14,397885,1,3,17,17.4285714285714,17,0,0,7
23,5,2015,15,397886,8,2,20,19.7142857142857,23,0,0,7
23,5,2015,16,397887,2,2,21,21.7142857142857,23,0,0,7
23,5,2015,17,397888,3,5,18.5,19.5,21,0,0,6
23,5,2015,18,397889,5,1,22.5,22.375,24,0,0.375,8
23,5,2015,19,397890,2,1,24,23.6666666666667,24,0,0.666666666666667,6
23,5,2015,20,397891,1,7,19.5,20.2,18,0,0.1,10
23,5,2015,21,397892,1,6,13,13.1428571428571,11,0,0,7
23,5,2015,22,397893,2,3,11,10.8571428571429,10,0,0,7
23,5,2015,23,397894,1,10,5,4.875,0,0.125,0,8
24,5,2015,0,397895,1,0,0,0.285714285714286,1,0.714285714285714,0,7
24,5,2015,1,397896,0,0,0,0,0,1,0,6
24,5,2015,2,397897,0,0,0,0,0,1,0,6
24,5,2015,3,397898,0,0,0,0,0,1,0,5
24,5,2015,4,397899,0,0,0,0,0,1,0,7
24,5,2015,5,397900,0,0,0,0,0,1,0,6
24,5,2015,6,397901,1,0,0,0.333333333333333,1,0.666666666666667,0,6
24,5,2015,7,397902,1,0,1,1.2,2,0,0,5
24,5,2015,8,397903,3,1,3.5,3.16666666666667,4,0,0,6
24,5,2015,9,397904,2,0,7,7.28571428571429,9,0,0,7
24,5,2015,10,397905,5,0,11,10.7142857142857,13,0,0,7
24,5,2015,11,397906,7,4,15,14.8571428571429,16,0,0,7
24,5,2015,12,397907,1,4,15,14.2857142857143,13,0,0,7
24,5,2015,13,397908,2,0,14,14.625,16,0,0,8
24,5,2015,14,397909,1,5,15,15.1428571428571,13,0,0,7
24,5,2015,15,397910,3,2,11,11.2222222222222,12,0,0,9
24,5,2015,16,397911,1,3,11,10.4285714285714,9,0,0,7
24,5,2015,17,397912,7,2,13,13.125,16,0,0,8
24,5,2015,18,397913,3,6,14,14,12,0,0,9
24,5,2015,19,397914,2,3,14,13.5555555555556,13,0,0,9
24,5,2015,20,397915,1,8,8,8.66666666666667,6,0,0,9
24,5,2015,21,397916,0,5,2.5,2.33333333333333,0,0.333333333333333,0,6
24,5,2015,22,397917,2,0,0,0.857142857142857,2,0.571428571428571,0,7
24,5,2015,23,397918,1,2,2,1.85714285714286,1,0,0,7
25,5,2015,0,397919,1,2,0,0.428571428571429,0,0.571428571428571,0,7
25,5,2015,1,397920,0,0,0,0,0,1,0,6
25,5,2015,2,397921,0,0,0,0,0,1,0,6
25,5,2015,3,397922,0,0,0,0,0,1,0,6
25,5,2015,4,397923,1,0,0,0.142857142857143,1,0.857142857142857,0,7
25,5,2015,5,397924,0,0,1,1,1,0,0,6
25,5,2015,6,397925,2,1,0,0.428571428571429,2,0.714285714285714,0,7
25,5,2015,7,397926,12,0,9,9.375,16,0,0,8
25,5,2015,8,397927,7,0,21,20.7777777777778,24,0,0.222222222222222,9
25,5,2015,9,397928,1,1,24,23.7142857142857,24,0,0.714285714285714,7
25,5,2015,10,397929,2,3,23,23.25,23,0,0.375,8
25,5,2015,11,397930,2,4,21,21.4285714285714,21,0,0,7
25,5,2015,12,397931,5,3,21,20.8888888888889,22,0,0,9
25,5,2015,13,397932,1,10,10.5,12,10,0,0,8
25,5,2015,14,397933,1,7,7,6.66666666666667,3,0,0,9
25,5,2015,15,397934,5,4,4,4,4,0,0,10
25,5,2015,16,397935,4,0,7,7,9,0,0,9
25,5,2015,17,397936,4,9,3,3.1,2,0.1,0,10
25,5,2015,18,397937,2,2,0.5,0.5,1,0.5,0,8
25,5,2015,19,397938,1,2,0,0.375,0,0.625,0,8
25,5,2015,20,397939,1,1,0,0.142857142857143,0,0.857142857142857,0,7
25,5,2015,21,397940,0,0,0,0,0,1,0,5
25,5,2015,22,397941,0,0,0,0,0,1,0,6
25,5,2015,23,397942,0,0,0,0,0,1,0,6
26,5,2015,0,397943,2,0,0,0.4,2,0.8,0,5
26,5,2015,1,397944,0,1,1,1.33333333333333,1,0,0,6
26,5,2015,2,397945,0,0,1,1,1,0,0,6
26,5,2015,3,397946,0,0,1,1,1,0,0,6
26,5,2015,4,397947,0,0,1,1,1,0,0,7
26,5,2015,5,397948,0,1,2,1.85714285714286,1,0,0,7
26,5,2015,6,397949,4,0,0,1,4,0.571428571428571,0,7
26,5,2015,7,397950,7,0,11,10.1428571428571,13,0,0,7
26,5,2015,8,397951,7,2,23,21.6666666666667,23,0,0.222222222222222,9
26,5,2015,9,397952,3,2,23,22.4285714285714,23,0,0.142857142857143,7
26,5,2015,10,397953,1,4,19,19.8571428571429,18,0,0,7
26,5,2015,11,397954,1,7,16,15.1428571428571,11,0,0,7
26,5,2015,12,397955,2,12,7.5,6.75,0,0.125,0,8
26,5,2015,13,397956,1,2,0,0.428571428571429,0,0.714285714285714,0,7
26,5,2015,14,397957,5,6,1,1.14285714285714,0,0.428571428571429,0,7
26,5,2015,15,397958,4,2,1,1,2,0.25,0,8
26,5,2015,16,397959,4,7,3,2.25,1,0.25,0,8
26,5,2015,17,397960,6,3,2,2.11111111111111,4,0.222222222222222,0,9
26,5,2015,18,397961,3,3,2,2.42857142857143,2,0,0,7
26,5,2015,19,397962,2,4,1,0.888888888888889,0,0.444444444444444,0,9
26,5,2015,20,397963,1,1,0,0.142857142857143,0,0.857142857142857,0,7
26,5,2015,21,397964,2,1,0,0.428571428571429,1,0.571428571428571,0,7
26,5,2015,22,397965,1,1,0,0.166666666666667,0,0.833333333333333,0,6
26,5,2015,23,397966,0,0,0,0,0,1,0,6
27,5,2015,0,397967,0,0,0,0,0,1,0,6
27,5,2015,1,397968,0,0,0,0,0,1,0,6
27,5,2015,2,397969,0,0,0,0,0,1,0,6
27,5,2015,3,397970,0,0,0,0,0,1,0,6
27,5,2015,4,397971,0,0,0,0,0,1,0,7
27,5,2015,5,397972,0,0,0,0,0,1,0,6
27,5,2015,6,397973,5,0,0.5,1.375,5,0.5,0,8
27,5,2015,7,397974,6,1,9,8.75,11,0,0,8
27,5,2015,8,397975,8,0,20,18.7777777777778,22,0,0,9
27,5,2015,9,397976,1,4,22.5,22.5,21,0,0.375,8
27,5,2015,10,397977,6,1,19,19.7142857142857,23,0,0,7
27,5,2015,11,397978,5,3,22,22.25,24,0,0.375,8
27,5,2015,12,397979,0,7,22,21.5,17,0,0.25,8
27,5,2015,13,397980,1,11,7,7.75,4,0,0,8
27,5,2015,14,397981,4,4,3,2.71428571428571,4,0.142857142857143,0,7
27,5,2015,15,397982,3,2,3.5,4,6,0,0,8
27,5,2015,16,397983,2,2,8,7.33333333333333,6,0,0,6
27,5,2015,17,397984,4,3,6,5.88888888888889,7,0,0,9
27,5,2015,18,397985,0,8,3.5,3.625,0,0.125,0,8
27,5,2015,19,397986,4,4,2,1.44444444444444,0,0.333333333333333,0,9
27,5,2015,20,397987,3,3,2,1.57142857142857,0,0.285714285714286,0,7
27,5,2015,21,397988,0,0,1,1,1,0,0,7
27,5,2015,22,397989,0,1,1,0.833333333333333,0,0.166666666666667,0,6
27,5,2015,23,397990,0,0,0,0,0,1,0,6
28,5,2015,0,397991,0,0,0,0,0,1,0,6
28,5,2015,1,397992,1,0,1,0.666666666666667,1,0.333333333333333,0,6
28,5,2015,2,397993,0,0,1,1,1,0,0,6
28,5,2015,3,397994,0,0,1,1,1,0,0,6
28,5,2015,4,397995,0,0,1,1,1,0,0,7
28,5,2015,5,397996,0,1,2,1.66666666666667,1,0,0,6
28,5,2015,6,397997,4,0,2,2.42857142857143,5,0,0,7
28,5,2015,7,397998,12,0,12.5,13,20,0,0,8
28,5,2015,8,397999,0,0,24,24,24,0,1,7
28,5,2015,9,398000,2,3,23,23.1428571428571,22,0,0.285714285714286,7
28,5,2015,10,398001,1,2,23,23,22,0,0.285714285714286,7
28,5,2015,11,398002,2,1,21,21,22,0,0,3
28,5,2015,12,398003,1,7,21.5,20.875,17,0,0.25,8
28,5,2015,13,398004,1,8,7,8,7,0,0,9
28,5,2015,14,398005,1,3,2,2,1,0,0,8
28,5,2015,15,398006,9,7,1.5,1.7,2,0.2,0,10
28,5,2015,16,398007,2,2,1,0.714285714285714,0,0.428571428571429,0,7
28,5,2015,17,398008,3,2,1,1,2,0.25,0,8
28,5,2015,18,398009,2,4,0,0.5,0,0.625,0,8
28,5,2015,19,398010,3,4,1,0.727272727272727,0,0.363636363636364,0,11
28,5,2015,20,398011,2,1,0,0.714285714285714,2,0.571428571428571,0,7
28,5,2015,21,398012,2,1,2,1.85714285714286,2,0,0,7
28,5,2015,22,398013,0,1,0,0.166666666666667,0,0.833333333333333,0,6
28,5,2015,23,398014,0,0,0,0,0,1,0,6
29,5,2015,0,398015,0,0,0,0,0,1,0,6
29,5,2015,1,398016,0,0,0,0,0,1,0,6
29,5,2015,2,398017,0,0,0,0,0,1,0,6
29,5,2015,3,398018,0,0,0,0,0,1,0,6
29,5,2015,4,398019,0,0,0,0,0,1,0,7
29,5,2015,5,398020,0,0,1,1,1,0,0,6
29,5,2015,6,398021,8,1,1,2.375,8,0.25,0,8
29,5,2015,7,398022,1,0,11,11.3333333333333,12,0,0,6
29,5,2015,8,398023,8,1,19,18.5,21,0,0,8
29,5,2015,9,398024,5,2,21,21.4444444444444,24,0,0.111111111111111,9
29,5,2015,10,398025,0,0,24,24,24,0,1,7
29,5,2015,11,398026,4,5,23,22.875,23,0,0.375,8
29,5,2015,12,398027,2,5,20,20.5555555555556,20,0,0,9
29,5,2015,13,398028,5,10,11.5,12.125,11,0,0,8
29,5,2015,14,398029,3,6,4,4.375,5,0,0,8
29,5,2015,15,398030,3,4,5,5.4,5,0,0,10
29,5,2015,16,398031,4,5,3.5,3.875,4,0,0,8
29,5,2015,17,398032,0,2,0,0.571428571428571,0,0.571428571428571,0,7
29,5,2015,18,398033,4,2,0,0.857142857142857,2,0.571428571428571,0,7
29,5,2015,19,398034,1,3,0,0.555555555555556,0,0.555555555555556,0,9
29,5,2015,20,398035,2,2,0.5,0.5,0,0.5,0,8
29,5,2015,21,398036,1,1,0,0.166666666666667,0,0.833333333333333,0,6
29,5,2015,22,398037,1,0,0.5,0.5,1,0.5,0,6
29,5,2015,23,398038,0,0,0,0,0,1,0,6
30,5,2015,0,398039,0,0,0,0,0,1,0,6
30,5,2015,1,398040,0,0,1,1,1,0,0,6
30,5,2015,2,398041,1,0,1,0.571428571428571,1,0.428571428571429,0,7
30,5,2015,3,398042,0,1,0,0.2,0,0.8,0,5
30,5,2015,4,398043,0,0,0,0,0,1,0,7
30,5,2015,5,398044,1,0,0,0.333333333333333,1,0.666666666666667,0,6
30,5,2015,6,398045,2,0,1,1.42857142857143,3,0,0,7
30,5,2015,7,398046,4,0,5,5.14285714285714,7,0,0,7
30,5,2015,8,398047,4,1,9,9.14285714285714,11,0,0,7
30,5,2015,9,398048,1,1,12,12.1428571428571,12,0,0,7
30,5,2015,10,398049,2,1,13,12.5714285714286,13,0,0,7
30,5,2015,11,398050,4,2,15.5,15.375,16,0,0,8
30,5,2015,12,398051,3,3,17,16.9,16,0,0,10
30,5,2015,13,398052,1,4,11.5,11.75,11,0,0,8
30,5,2015,14,398053,0,6,9,7.42857142857143,4,0,0,7
30,5,2015,15,398054,4,1,5,5.57142857142857,8,0,0,7
30,5,2015,16,398055,0,5,6,5.6,3,0,0,5
30,5,2015,17,398056,2,0,4,4.14285714285714,5,0,0,7
30,5,2015,18,398057,1,7,5.5,5.125,2,0,0,8
30,5,2015,19,398058,1,0,6,6.16666666666667,7,0,0,6
30,5,2015,20,398059,3,0,10,9.28571428571429,10,0,0,7
30,5,2015,21,398060,0,3,11,10,8,0,0,6
30,5,2015,22,398061,1,0,8,8.28571428571429,9,0,0,7
30,5,2015,23,398062,1,4,6,6.85714285714286,6,0,0,7
31,5,2015,0,398063,1,2,5.5,5.33333333333333,5,0,0,6
31,5,2015,1,398064,0,3,5,3.85714285714286,2,0,0,7
31,5,2015,2,398065,0,0,2,2,2,0,0,6
31,5,2015,3,398066,1,3,0,0.571428571428571,0,0.571428571428571,0,7
31,5,2015,4,398067,2,0,1,0.857142857142857,2,0.285714285714286,0,7
31,5,2015,5,398068,0,1,2,1.8,1,0,0,5
31,5,2015,6,398069,1,0,1,1.16666666666667,2,0,0,6
31,5,2015,7,398070,5,2,2,1.875,5,0.125,0,8
31,5,2015,8,398071,0,1,5,4.66666666666667,4,0,0,6
31,5,2015,9,398072,2,0,4,4.42857142857143,6,0,0,7
31,5,2015,10,398073,3,3,7,6.28571428571429,5,0,0,7
31,5,2015,11,398074,5,1,5,4.71428571428571,7,0,0,7
31,5,2015,12,398075,2,1,8.5,8.375,8,0,0,8
31,5,2015,13,398076,1,3,7,7.125,6,0,0,8
31,5,2015,14,398077,0,6,1,2,0,0.142857142857143,0,7
31,5,2015,15,398078,0,1,1,0.714285714285714,0,0.285714285714286,0,7
31,5,2015,16,398079,5,2,3.5,3,3,0.125,0,8
31,5,2015,17,398080,1,0,2,2.28571428571429,3,0,0,7
31,5,2015,18,398081,3,4,4,3.11111111111111,2,0.111111111111111,0,9
31,5,2015,19,398082,2,1,2,1.85714285714286,2,0,0,7
31,5,2015,20,398083,1,3,1,1,0,0.285714285714286,0,7
31,5,2015,21,398084,1,0,1,0.8,1,0.2,0,5
31,5,2015,22,398085,0,1,1,0.571428571428571,0,0.428571428571429,0,7
31,5,2015,23,398086,0,0,0,0,0,1,0,6
1,6,2015,0,398087,0,0,0,0,0,1,0,6
1,6,2015,1,398088,0,0,0,0,0,1,0,6
1,6,2015,2,398089,0,0,0,0,0,1,0,5
1,6,2015,3,398090,0,0,0,0,0,1,0,6
1,6,2015,4,398091,0,0,0,0,0,1,0,7
1,6,2015,5,398092,0,0,0,0,0,1,0,6
1,6,2015,6,398093,6,0,1,2,6,0.142857142857143,0,7
1,6,2015,7,398094,12,0,10.5,11.625,19,0,0,8
1,6,2015,8,398095,4,1,23.5,23.125,24,0,0.5,8
1,6,2015,9,398096,0,1,23,23.3333333333333,23,0,0.333333333333333,6
1,6,2015,10,398097,3,1,24,23.4444444444444,24,0,0.555555555555556,9
1,6,2015,11,398098,1,5,20,21.1111111111111,20,0,0.111111111111111,9
1,6,2015,12,398099,1,9,19,17.875,12,0,0,8
1,6,2015,13,398100,1,10,1,2.25,0,0.375,0,8
1,6,2015,14,398101,5,2,0,0.777777777777778,4,0.555555555555556,0,9
1,6,2015,15,398102,6,1,7,6.66666666666667,8,0,0,9
1,6,2015,16,398103,1,6,7,6.11111111111111,3,0,0,9
1,6,2015,17,398104,3,2,2,1.875,3,0.125,0,8
1,6,2015,18,398105,2,7,2,2.44444444444444,0,0.111111111111111,0,9
1,6,2015,19,398106,0,1,0,0.166666666666667,0,0.833333333333333,0,6
1,6,2015,20,398107,3,1,2,1.5,2,0.333333333333333,0,6
1,6,2015,21,398108,0,0,0,0,0,1,0,6
1,6,2015,22,398109,1,1,0,0.285714285714286,0,0.714285714285714,0,7
1,6,2015,23,398110,0,0,0,0,0,1,0,6
2,6,2015,0,398111,0,0,0,0,0,1,0,6
2,6,2015,1,398112,0,0,0,0,0,1,0,6
2,6,2015,2,398113,0,0,0,0,0,1,0,6
2,6,2015,3,398114,0,0,0,0,0,1,0,6
2,6,2015,4,398115,0,0,0,0,0,1,0,7
2,6,2015,5,398116,0,0,0,0,0,1,0,6
2,6,2015,6,398117,4,1,1,1,3,0.285714285714286,0,7
2,6,2015,7,398118,7,1,7,7.88888888888889,12,0,0,9
2,6,2015,8,398119,8,1,20,19.25,21,0,0,8
2,6,2015,9,398120,2,2,24,23.7,23,0,0.7,10
2,6,2015,10,398121,1,0,21,21.1666666666667,22,0,0,6
2,6,2015,11,398122,2,3,24,23.625,23,0,0.625,8
2,6,2015,12,398123,2,7,22,20.5555555555556,18,0,0,9
2,6,2015,13,398124,2,13,8,8.44444444444444,5,0,0,9
2,6,2015,14,398125,6,3,4,4.55555555555556,8,0,0,9
2,6,2015,15,398126,2,3,7,6.625,7,0,0,8
2,6,2015,16,398127,3,2,5,5.11111111111111,6,0,0,9
2,6,2015,17,398128,3,4,7,7.22222222222222,7,0,0,9
2,6,2015,18,398129,6,7,6,5.8,6,0,0,10
2,6,2015,19,398130,1,3,0,0.5,0,0.625,0,8
2,6,2015,20,398131,0,1,0,0.166666666666667,0,0.833333333333333,0,6
2,6,2015,21,398132,0,0,0,0,0,1,0,6
2,6,2015,22,398133,1,0,0,0.333333333333333,1,0.666666666666667,0,6
2,6,2015,23,398134,0,0,1,1,1,0,0,6
3,6,2015,0,398135,0,1,0.5,0.5,0,0.5,0,6
3,6,2015,1,398136,0,0,0,0,0,1,0,6
3,6,2015,2,398137,0,0,0,0,0,1,0,6
3,6,2015,3,398138,0,0,0,0,0,1,0,6
3,6,2015,4,398139,0,0,0,0,0,1,0,7
3,6,2015,5,398140,1,0,1,0.833333333333333,1,0.166666666666667,0,6
3,6,2015,6,398141,5,0,1,1.83333333333333,6,0,0,6
3,6,2015,7,398142,8,0,13,12,16,0,0,9
3,6,2015,8,398143,9,3,22,21.6,22,0,0.3,10
3,6,2015,9,398144,2,1,24,23.5714285714286,24,0,0.571428571428571,7
3,6,2015,10,398145,0,0,24,24,24,0,1,7
3,6,2015,11,398146,2,5,22,22.25,21,0,0.25,8
3,6,2015,12,398147,1,5,20,19.2857142857143,17,0,0,7
3,6,2015,13,398148,1,11,8.5,8.1,4,0,0,10
3,6,2015,14,398149,3,3,2.5,2.125,3,0.125,0,8
3,6,2015,15,398150,3,6,5,4.55555555555556,2,0,0,9
3,6,2015,16,398151,3,3,2,1.88888888888889,2,0,0,9
3,6,2015,17,398152,6,4,2,2.1,5,0.1,0,10
3,6,2015,18,398153,3,3,6,5.77777777777778,6,0,0,9
3,6,2015,19,398154,1,6,2,2,0,0.222222222222222,0,9
3,6,2015,20,398155,0,1,0,0.166666666666667,0,0.833333333333333,0,6
3,6,2015,21,398156,0,0,0,0,0,1,0,6
3,6,2015,22,398157,1,1,0,0.142857142857143,0,0.857142857142857,0,7
3,6,2015,23,398158,0,0,0,0,0,1,0,6
4,6,2015,0,398159,0,0,0,0,0,1,0,6
4,6,2015,1,398160,0,0,0,0,0,1,0,6
4,6,2015,2,398161,0,0,0,0,0,1,0,6
4,6,2015,3,398162,0,0,0,0,0,1,0,6
4,6,2015,4,398163,0,0,0,0,0,1,0,7
4,6,2015,5,398164,0,0,0,0,0,1,0,6
4,6,2015,6,398165,4,1,0,0.8,3,0.6,0,5
4,6,2015,7,398166,6,1,6,6.28571428571429,9,0,0,7
4,6,2015,8,398167,14,2,18.5,18.1,23,0,0.1,10
4,6,2015,9,398168,2,1,23,23.2857142857143,23,0,0.428571428571429,7
4,6,2015,10,398169,2,5,23,22.7777777777778,21,0,0.222222222222222,9
4,6,2015,11,398170,1,0,21,21.2857142857143,22,0,0,7
4,6,2015,12,398171,1,5,19.5,19.625,17,0,0,8
4,6,2015,13,398172,2,5,13,12.6666666666667,12,0,0,9
4,6,2015,14,398173,1,5,7,7.77777777777778,7,0,0,9
4,6,2015,15,398174,5,4,12,11.9,12,0,0,10
4,6,2015,16,398175,2,6,11,10.75,9,0,0,8
4,6,2015,17,398176,3,5,6,6.44444444444444,5,0,0,9
4,6,2015,18,398177,3,4,6,6.22222222222222,6,0,0,9
4,6,2015,19,398178,5,5,6,6.1,6,0,0,10
4,6,2015,20,398179,3,6,2,2.33333333333333,2,0,0,9
4,6,2015,21,398180,0,1,0,0.142857142857143,0,0.857142857142857,0,7
4,6,2015,22,398181,1,1,1,0.666666666666667,0,0.333333333333333,0,6
4,6,2015,23,398182,0,0,0,0,0,1,0,6
5,6,2015,0,398183,0,0,0,0,0,1,0,6
5,6,2015,1,398184,0,0,0,0,0,1,0,6
5,6,2015,2,398185,0,0,0,0,0,1,0,6
5,6,2015,3,398186,0,0,0,0,0,1,0,6
5,6,2015,4,398187,3,0,0,1.28571428571429,3,0.571428571428571,0,7
5,6,2015,5,398188,1,1,3,3.16666666666667,3,0,0,6
5,6,2015,6,398189,7,2,4,4.5,8,0,0,8
5,6,2015,7,398190,12,0,16.5,15.75,22,0,0,8
5,6,2015,8,398191,0,0,24,24,24,0,1,6
5,6,2015,9,398192,1,2,24,23.75,23,0,0.75,8
5,6,2015,10,398193,1,3,22,22.5714285714286,22,0,0.285714285714286,7
5,6,2015,11,398194,2,2,22.5,22.875,22,0,0.375,8
5,6,2015,12,398195,2,4,22.5,22,20,0,0.125,8
5,6,2015,13,398196,5,8,17.5,17.4,16,0,0,10
5,6,2015,14,398197,1,5,10.5,10.875,10,0,0,8
5,6,2015,15,398198,7,1,14,14.3333333333333,17,0,0,9
5,6,2015,16,398199,1,12,13,12.5,6,0,0,8
5,6,2015,17,398200,0,3,5,5.71428571428571,4,0,0,7
5,6,2015,18,398201,1,4,3,1.85714285714286,0,0.285714285714286,0,7
5,6,2015,19,398202,2,0,0,0.5,2,0.625,0,8
5,6,2015,20,398203,3,3,1,0.75,0,0.375,0,8
5,6,2015,21,398204,2,0,0.5,0.666666666666667,2,0.5,0,6
5,6,2015,22,398205,0,1,2,1.57142857142857,1,0,0,7
5,6,2015,23,398206,0,1,0,0.428571428571429,0,0.571428571428571,0,7
6,6,2015,0,398207,0,0,0,0,0,1,0,6
6,6,2015,1,398208,0,0,0,0,0,1,0,6
6,6,2015,2,398209,0,0,0,0,0,1,0,6
6,6,2015,3,398210,0,0,0,0,0,1,0,6
6,6,2015,4,398211,1,0,0,0.142857142857143,1,0.857142857142857,0,7
6,6,2015,5,398212,1,0,2,1.83333333333333,2,0,0,6
6,6,2015,6,398213,1,0,2,2.14285714285714,3,0,0,7
6,6,2015,7,398214,2,0,4,4,5,0,0,6
6,6,2015,8,398215,0,3,4,3.85714285714286,2,0,0,7
6,6,2015,9,398216,3,0,3.5,3.625,5,0,0,8
6,6,2015,10,398217,2,2,4.5,4.66666666666667,5,0,0,6
6,6,2015,11,398218,4,2,7,7.3,8,0,0,10
6,6,2015,12,398219,4,3,10,10.1428571428571,9,0,0,7
6,6,2015,13,398220,1,3,7.5,7.75,7,0,0,8
6,6,2015,14,398221,1,2,7,6.66666666666667,6,0,0,6
6,6,2015,15,398222,1,0,7,6.8,7,0,0,5
6,6,2015,16,398223,1,2,6,5.875,6,0,0,8
6,6,2015,17,398224,6,0,7.5,8.33333333333333,12,0,0,6
6,6,2015,18,398225,2,2,12,12,13,0,0,8
6,6,2015,19,398226,3,5,12.5,12.7,12,0,0,10
6,6,2015,20,398227,1,3,9,8.71428571428571,8,0,0,7
6,6,2015,21,398228,4,1,6,6.77777777777778,9,0,0,9
6,6,2015,22,398229,0,1,6,6.16666666666667,6,0,0,6
6,6,2015,23,398230,0,6,5,4,0,0.125,0,8
7,6,2015,0,398231,0,0,0,0,0,1,0,6
7,6,2015,1,398232,0,0,0,0,0,1,0,6
7,6,2015,2,398233,0,0,0,0,0,1,0,6
7,6,2015,3,398234,0,0,0,0,0,1,0,6
7,6,2015,4,398235,0,3,1.5,1.625,0,0.125,0,8
7,6,2015,5,398236,0,0,0,0,0,1,0,6
7,6,2015,6,398237,2,0,0.5,0.666666666666667,2,0.5,0,6
7,6,2015,7,398238,0,1,2,1.71428571428571,1,0,0,7
7,6,2015,8,398239,0,0,1,1,1,0,0,6
7,6,2015,9,398240,1,0,1.5,1.5,2,0,0,6
7,6,2015,10,398241,4,0,5,5.57142857142857,8,0,0,7
7,6,2015,11,398242,4,0,9,8.85714285714286,11,0,0,7
7,6,2015,12,398243,4,1,12,11.8333333333333,13,0,0,6
7,6,2015,13,398244,2,4,12,12,12,0,0,9
7,6,2015,14,398245,0,6,5,6.14285714285714,4,0,0,7
7,6,2015,15,398246,0,4,2,1.57142857142857,0,0.285714285714286,0,7
7,6,2015,16,398247,3,0,0.5,1,3,0.5,0,6
7,6,2015,17,398248,6,1,3.5,4.5,8,0,0,8
7,6,2015,18,398249,0,5,5,5.71428571428571,4,0,0,7
7,6,2015,19,398250,5,0,6,6.71428571428571,9,0,0,7
7,6,2015,20,398251,4,11,3,3.5,1,0,0,10
7,6,2015,21,398252,1,2,1,1.42857142857143,1,0,0,7
7,6,2015,22,398253,0,0,1,1,1,0,0,6
7,6,2015,23,398254,0,0,1,1,1,0,0,7
8,6,2015,0,398255,0,0,1,1,1,0,0,6
8,6,2015,1,398256,0,0,1,1,1,0,0,6
8,6,2015,2,398257,0,0,1,1,1,0,0,6
8,6,2015,3,398258,0,0,1,1,1,0,0,6
8,6,2015,4,398259,1,0,1,1.14285714285714,2,0,0,7
8,6,2015,5,398260,2,0,2,2.33333333333333,4,0,0,6
8,6,2015,6,398261,5,0,4.5,5.5,9,0,0,8
8,6,2015,7,398262,9,0,12,13.5714285714286,19,0,0,7
8,6,2015,8,398263,5,1,23.5,22.875,24,0,0.5,8
8,6,2015,9,398264,3,4,23,23,23,0,0.444444444444444,9
8,6,2015,10,398265,1,0,24,23.6666666666667,24,0,0.666666666666667,6
8,6,2015,11,398266,2,2,22,22.5714285714286,22,0,0.285714285714286,7
8,6,2015,12,398267,2,13,23,20.8888888888889,11,0,0.222222222222222,9
8,6,2015,13,398268,4,9,3.5,3.75,5,0,0,8
8,6,2015,14,398269,2,6,2,2.1,1,0.1,0,10
8,6,2015,15,398270,9,2,7,6.66666666666667,9,0,0,9
8,6,2015,16,398271,2,4,8,7.875,6,0,0,8
8,6,2015,17,398272,3,6,5,5,3,0,0,9
8,6,2015,18,398273,2,5,6,6,5,0,0,8
8,6,2015,19,398274,3,5,4,4,2,0,0,8
8,6,2015,20,398275,0,4,1,1.85714285714286,0,0.285714285714286,0,7
8,6,2015,21,398276,0,1,1,0.625,0,0.375,0,8
8,6,2015,22,398277,0,0,0,0,0,1,0,6
8,6,2015,23,398278,0,0,0,0,0,1,0,6
9,6,2015,0,398279,0,0,0,0,0,1,0,6
9,6,2015,1,398280,0,0,0,0,0,1,0,6
9,6,2015,2,398281,0,0,0,0,0,1,0,6
9,6,2015,3,398282,0,0,0,0,0,1,0,6
9,6,2015,4,398283,0,0,0,0,0,1,0,7
9,6,2015,5,398284,0,0,0,0,0,1,0,6
9,6,2015,6,398285,4,0,1,1.14285714285714,4,0.428571428571429,0,7
9,6,2015,7,398286,10,1,10,10.5555555555556,16,0,0,9
9,6,2015,8,398287,10,1,20,20,24,0,0.222222222222222,9
9,6,2015,9,398288,0,0,24,24,24,0,1,7
9,6,2015,10,398289,0,2,23,23.1666666666667,22,0,0.333333333333333,6
9,6,2015,11,398290,1,5,20,21.1428571428571,20,0,0.285714285714286,7
9,6,2015,12,398291,2,6,18,18.6666666666667,17,0,0,9
9,6,2015,13,398292,4,6,14,13.1111111111111,14,0,0,9
9,6,2015,14,398293,3,8,10,10,9,0,0,9
9,6,2015,15,398294,2,6,6,6.33333333333333,4,0,0,9
9,6,2015,16,398295,4,3,3,3.11111111111111,4,0,0,9
9,6,2015,17,398296,1,4,3,2.625,1,0,0,8
9,6,2015,18,398297,1,3,1,1.33333333333333,1,0.222222222222222,0,9
9,6,2015,19,398298,1,3,1,0.888888888888889,0,0.333333333333333,0,9
9,6,2015,20,398299,3,1,1,1,2,0.333333333333333,0,6
9,6,2015,21,398300,0,1,0,0.142857142857143,0,0.857142857142857,0,7
9,6,2015,22,398301,0,0,0,0,0,1,0,6
9,6,2015,23,398302,1,0,1,0.666666666666667,1,0.333333333333333,0,6
10,6,2015,0,398303,0,1,0,0.166666666666667,0,0.833333333333333,0,6
10,6,2015,1,398304,1,0,0,0.285714285714286,1,0.714285714285714,0,7
10,6,2015,2,398305,0,1,0,0.2,0,0.8,0,5
10,6,2015,3,398306,0,0,0,0,0,1,0,6
10,6,2015,4,398307,0,0,0,0,0,1,0,6
10,6,2015,5,398308,0,0,1,1,1,0,0,5
10,6,2015,6,398309,5,0,4,4.25,7,0,0,8
10,6,2015,7,398310,8,1,10.5,10.375,14,0,0,8
10,6,2015,8,398311,7,0,24,22.375,24,0,0.625,8
10,6,2015,9,398312,2,2,24,23.5714285714286,24,0,0.571428571428571,7
10,6,2015,10,398313,15,23,17,18.125,16,0,0.25,8
10,6,2015,11,398314,4,4,20,20.5,20,0,0,8
10,6,2015,12,398315,1,6,19.5,19.625,17,0,0,8
10,6,2015,13,398316,0,8,12,12.375,9,0,0,8
10,6,2015,14,398317,2,9,4,5.11111111111111,2,0,0,9
10,6,2015,15,398318,8,3,6,6.18181818181818,9,0,0,11
10,6,2015,16,398319,1,5,4.5,5.25,4,0,0,8
10,6,2015,17,398320,1,4,0,0.833333333333333,1,0.666666666666667,0,6
10,6,2015,18,398321,3,3,4,4,3,0,0,9
10,6,2015,19,398322,2,6,0,1,0,0.555555555555556,0,9
10,6,2015,20,398323,1,1,1,0.857142857142857,1,0.142857142857143,0,7
10,6,2015,21,398324,1,0,0,0.166666666666667,1,0.833333333333333,0,6
10,6,2015,22,398325,2,3,0.5,0.5,0,0.5,0,6
10,6,2015,23,398326,0,0,0,0,0,1,0,6
11,6,2015,0,398327,0,0,0,0,0,1,0,6
11,6,2015,1,398328,0,0,0,0,0,1,0,6
11,6,2015,2,398329,0,0,0,0,0,1,0,6
11,6,2015,3,398330,0,0,0,0,0,1,0,6
11,6,2015,4,398331,0,0,0,0,0,1,0,7
11,6,2015,5,398332,1,0,0,0.285714285714286,1,0.714285714285714,0,7
11,6,2015,6,398333,3,1,1,1.16666666666667,3,0.166666666666667,0,6
11,6,2015,7,398334,9,1,5,6.11111111111111,11,0,0,9
11,6,2015,8,398335,9,0,19,19.4444444444444,24,0,0.222222222222222,9
11,6,2015,9,398336,1,2,24,23.8,23,0,0.8,10
11,6,2015,10,398337,1,1,24,23.8333333333333,24,0,0.833333333333333,6
11,6,2015,11,398338,2,1,24,23.625,23,0,0.75,8
11,6,2015,12,398339,2,8,19.5,20,17,0,0.25,8
11,6,2015,13,398340,5,5,14,14,16,0,0,8
11,6,2015,14,398341,8,3,16,16.7,21,0,0,10
11,6,2015,15,398342,4,0,23,22.4444444444444,24,0,0.333333333333333,9
11,6,2015,16,398343,1,10,23,20.4444444444444,14,0,0.333333333333333,9
11,6,2015,17,398344,7,6,16,16.6,17,0,0,10
11,6,2015,18,398345,2,6,17,16.8571428571429,14,0,0,7
11,6,2015,19,398346,2,14,4,5.44444444444444,0,0.222222222222222,0,9
11,6,2015,20,398347,3,5,1,0.888888888888889,0,0.333333333333333,0,9
11,6,2015,21,398348,0,0,0,0,0,1,0,6
11,6,2015,22,398349,0,0,0,0,0,1,0,6
11,6,2015,23,398350,0,0,0,0,0,1,0,6
12,6,2015,0,398351,1,0,0,0.142857142857143,1,0.857142857142857,0,7
12,6,2015,1,398352,0,0,1,1,1,0,0,6
12,6,2015,2,398353,0,1,0,0.2,0,0.8,0,5
12,6,2015,3,398354,0,0,0,0,0,1,0,6
12,6,2015,4,398355,0,0,0,0,0,1,0,7
12,6,2015,5,398356,2,0,1,1,2,0.142857142857143,0,7
12,6,2015,6,398357,3,1,2,2.28571428571429,4,0,0,7
12,6,2015,7,398358,4,1,7,7.28571428571429,9,0,0,7
12,6,2015,8,398359,13,0,16,17.7777777777778,24,0,0.333333333333333,9
12,6,2015,9,398360,0,4,21,21.5714285714286,20,0,0.285714285714286,7
12,6,2015,10,398361,3,5,21,20.7777777777778,18,0,0,9
12,6,2015,11,398362,6,3,19.5,20.125,22,0,0,8
12,6,2015,12,398363,3,11,22.5,21.4,15,0,0.2,10
12,6,2015,13,398364,2,13,7,6.66666666666667,1,0,0,9
12,6,2015,14,398365,5,4,1,1,2,0.4,0,10
12,6,2015,15,398366,6,3,2,2.125,4,0.125,0,8
12,6,2015,16,398367,3,4,2,1.77777777777778,2,0.222222222222222,0,9
12,6,2015,17,398368,3,2,2,1.5,3,0.333333333333333,0,6
12,6,2015,18,398369,7,4,8,7.3,7,0,0,10
12,6,2015,19,398370,2,7,8,6.71428571428571,3,0,0,7
12,6,2015,20,398371,1,4,2,1.66666666666667,0,0.111111111111111,0,9
12,6,2015,21,398372,4,3,2,1.875,2,0.125,0,8
12,6,2015,22,398373,0,0,0,0,0,1,0,6
12,6,2015,23,398374,4,3,1,1.25,1,0.125,0,8
13,6,2015,0,398375,1,0,0.5,0.5,1,0.5,0,6
13,6,2015,1,398376,0,1,0,0.428571428571429,0,0.571428571428571,0,7
13,6,2015,2,398377,0,0,0,0,0,1,0,6
13,6,2015,3,398378,0,0,0,0,0,1,0,5
13,6,2015,4,398379,0,0,0,0,0,1,0,7
13,6,2015,5,398380,1,0,0,0.333333333333333,1,0.666666666666667,0,6
13,6,2015,6,398381,1,1,1,0.833333333333333,1,0.166666666666667,0,6
13,6,2015,7,398382,1,1,1,0.714285714285714,1,0.285714285714286,0,7
13,6,2015,8,398383,5,0,4,3.33333333333333,6,0,0,6
13,6,2015,9,398384,4,4,9,8.66666666666667,7,0,0,9
13,6,2015,10,398385,4,0,11,10.2857142857143,12,0,0,7
13,6,2015,11,398386,7,0,14,14.1111111111111,18,0,0,9
13,6,2015,12,398387,1,1,18,18.1666666666667,18,0,0,6
13,6,2015,13,398388,2,0,18.5,18.3333333333333,19,0,0,6
13,6,2015,14,398389,3,1,20,20.5714285714286,22,0,0,7
13,6,2015,15,398390,3,2,23,23.125,23,0,0.375,8
13,6,2015,16,398391,3,1,22,22.7142857142857,24,0,0.285714285714286,7
13,6,2015,17,398392,0,1,24,23.8333333333333,23,0,0.833333333333333,6
13,6,2015,18,398393,1,1,23,22.8333333333333,23,0,0,6
13,6,2015,19,398394,0,3,22,21.8333333333333,20,0,0,6
13,6,2015,20,398395,0,3,18,18,16,0,0,6
13,6,2015,21,398396,0,0,16,16,16,0,0,6
13,6,2015,22,398397,0,0,16,16,16,0,0,6
13,6,2015,23,398398,0,1,16,15.8333333333333,15,0,0,6
14,6,2015,0,398399,0,4,14,13.1428571428571,11,0,0,7
14,6,2015,1,398400,1,2,11,11.2857142857143,10,0,0,7
14,6,2015,2,398401,0,2,9,8.85714285714286,8,0,0,7
14,6,2015,3,398402,0,0,8,8,8,0,0,6
14,6,2015,4,398403,0,0,9,9,9,0,0,7
14,6,2015,5,398404,0,0,9,9,9,0,0,6
14,6,2015,6,398405,1,1,9,8.6,9,0,0,5
14,6,2015,7,398406,0,0,9,9,9,0,0,6
14,6,2015,8,398407,2,0,12,11.6666666666667,12,0,0,6
14,6,2015,9,398408,2,0,13,13.6666666666667,15,0,0,6
14,6,2015,10,398409,5,0,18,17.8333333333333,20,0,0,6
14,6,2015,11,398410,2,3,18,18,19,0,0,7
14,6,2015,12,398411,3,1,20,19.8888888888889,21,0,0,9
14,6,2015,13,398412,3,1,24,23.5714285714286,24,0,0.714285714285714,7
14,6,2015,14,398413,0,1,24,23.8571428571429,23,0,0.857142857142857,7
14,6,2015,15,398414,1,3,23,22.75,21,0,0.25,8
14,6,2015,16,398415,3,1,23.5,23.375,24,0,0.5,8
14,6,2015,17,398416,0,0,24,24,24,0,1,6
14,6,2015,18,398417,1,1,24,23.8571428571429,24,0,0.857142857142857,7
14,6,2015,19,398418,1,1,24,23.75,24,0,0.75,8
14,6,2015,20,398419,0,10,13,15.7142857142857,13,0,0,7
14,6,2015,21,398420,0,3,12.5,12.3333333333333,11,0,0,6
14,6,2015,22,398421,2,4,9,9.5,9,0,0,8
14,6,2015,23,398422,0,1,8,8.14285714285714,8,0,0,7
15,6,2015,0,398423,0,0,7,7,7,0,0,6
15,6,2015,1,398424,0,0,7,7,7,0,0,6
15,6,2015,2,398425,0,0,7,7,7,0,0,6
15,6,2015,3,398426,0,2,5,5.66666666666667,5,0,0,6
15,6,2015,4,398427,0,0,5,5,5,0,0,7
15,6,2015,5,398428,1,0,5,5.33333333333333,6,0,0,6
15,6,2015,6,398429,4,1,7,6.71428571428571,9,0,0,7
15,6,2015,7,398430,5,0,10,11,14,0,0,5
15,6,2015,8,398431,7,1,21,21.375,24,0,0.375,8
15,6,2015,9,398432,0,1,23,23.4285714285714,23,0,0.428571428571429,7
15,6,2015,10,398433,2,1,24,23.375,24,0,0.625,8
15,6,2015,11,398434,1,1,24,23.8888888888889,24,0,0.888888888888889,9
15,6,2015,12,398435,0,7,22.5,20.875,17,0,0.25,8
15,6,2015,13,398436,2,8,13,13,11,0,0,9
15,6,2015,14,398437,6,4,11,11.5555555555556,13,0,0,9
15,6,2015,15,398438,8,1,18.5,18.1,21,0,0,10
15,6,2015,16,398439,2,2,22,21.8571428571429,21,0,0,7
15,6,2015,17,398440,4,9,17,17.2,17,0,0,10
15,6,2015,18,398441,0,0,19,19,19,0,0,6
15,6,2015,19,398442,0,1,17.5,17.5,17,0,0,6
15,6,2015,20,398443,0,1,17,16.6666666666667,16,0,0,6
15,6,2015,21,398444,0,0,16,16,16,0,0,5
15,6,2015,22,398445,0,0,17,17,17,0,0,6
15,6,2015,23,398446,0,0,17,17,17,0,0,6
16,6,2015,0,398447,0,0,17,17,17,0,0,6
16,6,2015,1,398448,0,0,17,17,17,0,0,6
16,6,2015,2,398449,0,0,17,17,17,0,0,6
16,6,2015,3,398450,0,0,17,17,17,0,0,6
16,6,2015,4,398451,0,0,17,17,17,0,0,7
16,6,2015,5,398452,0,0,17,17,17,0,0,6
16,6,2015,6,398453,1,0,17.5,17.5,18,0,0,6
16,6,2015,7,398454,5,0,19.5,20.25,23,0,0,8
16,6,2015,8,398455,0,0,24,24,24,0,1,7
16,6,2015,9,398456,0,0,24,24,24,0,1,6
16,6,2015,10,398457,2,1,24,23.5714285714286,24,0,0.571428571428571,7
16,6,2015,11,398458,1,2,22,21.6666666666667,21,0,0,6
16,6,2015,12,398459,1,10,21,20.3333333333333,15,0,0.111111111111111,9
16,6,2015,13,398460,4,7,11,10.7777777777778,11,0,0,9
16,6,2015,14,398461,4,3,12,12.3,13,0,0,10
16,6,2015,15,398462,10,2,12.5,13.3,18,0,0,10
16,6,2015,16,398463,3,3,18,18.1,19,0,0,10
16,6,2015,17,398464,2,8,15.5,15.25,12,0,0,8
16,6,2015,18,398465,3,5,11,10.7,9,0,0,10
16,6,2015,19,398466,6,5,8,8.44444444444444,8,0,0,9
16,6,2015,20,398467,2,4,0,0.555555555555556,0,0.666666666666667,0,9
16,6,2015,21,398468,2,2,0,0.333333333333333,0,0.666666666666667,0,6
16,6,2015,22,398469,0,0,0,0,0,1,0,6
16,6,2015,23,398470,0,1,0,0.285714285714286,0,0.714285714285714,0,7
17,6,2015,0,398471,0,0,0,0,0,1,0,6
17,6,2015,1,398472,0,0,0,0,0,1,0,6
17,6,2015,2,398473,0,0,0,0,0,1,0,6
17,6,2015,3,398474,0,0,0,0,0,1,0,6
17,6,2015,4,398475,0,0,0,0,0,1,0,7
17,6,2015,5,398476,1,0,0,0.333333333333333,1,0.666666666666667,0,6
17,6,2015,6,398477,4,2,1,1.5,3,0.25,0,8
17,6,2015,7,398478,5,0,7,6.42857142857143,9,0,0,7
17,6,2015,8,398479,10,0,16.5,16.125,21,0,0,8
17,6,2015,9,398480,1,1,21,21.3333333333333,21,0,0,6
17,6,2015,10,398481,2,2,24,23.4285714285714,23,0,0.571428571428571,7
17,6,2015,11,398482,2,2,22,22,23,0,0,8
17,6,2015,12,398483,2,8,21,20.125,16,0,0.125,8
17,6,2015,13,398484,3,10,6,6.4,5,0,0,10
17,6,2015,14,398485,3,5,2.5,2.5,3,0,0,8
17,6,2015,15,398486,5,2,3,3.625,6,0,0,8
17,6,2015,16,398487,1,2,6.5,6.33333333333333,5,0,0,6
17,6,2015,17,398488,9,4,7,7.8,12,0,0,10
17,6,2015,18,398489,2,9,8.5,7.625,4,0,0,8
17,6,2015,19,398490,0,5,0,1,0,0.714285714285714,0,7
17,6,2015,20,398491,2,0,0,0.5,2,0.666666666666667,0,6
17,6,2015,21,398492,1,2,1,0.714285714285714,1,0.428571428571429,0,7
17,6,2015,22,398493,6,3,3.5,3.5,4,0,0,8
17,6,2015,23,398494,1,3,1,0.857142857142857,1,0.428571428571429,0,7
18,6,2015,0,398495,0,0,0,0,0,1,0,6
18,6,2015,1,398496,0,0,0,0,0,1,0,6
18,6,2015,2,398497,0,0,0,0,0,1,0,6
18,6,2015,3,398498,0,0,0,0,0,1,0,6
18,6,2015,4,398499,0,0,0,0,0,1,0,7
18,6,2015,5,398500,1,1,0,0.142857142857143,0,0.857142857142857,0,7
18,6,2015,6,398501,4,0,1,1.42857142857143,4,0.428571428571429,0,7
18,6,2015,7,398502,8,0,6,7.5,13,0,0,6
18,6,2015,8,398503,10,0,20,19,24,0,0.111111111111111,9
18,6,2015,9,398504,1,0,23.5,23.5,24,0,0.5,6
18,6,2015,10,398505,0,1,24,23.8888888888889,23,0,0.888888888888889,9
18,6,2015,11,398506,5,6,23,22.8,23,0,0.3,10
18,6,2015,12,398507,0,5,22,21.3333333333333,19,0,0.111111111111111,9
18,6,2015,13,398508,2,11,13,13.1111111111111,10,0,0,9
18,6,2015,14,398509,2,6,9,9.09090909090909,8,0,0,11
18,6,2015,15,398510,6,1,12,11.7777777777778,14,0,0,9
18,6,2015,16,398511,4,3,12,11.8888888888889,13,0,0,9
18,6,2015,17,398512,5,0,18,17.2857142857143,20,0,0,7
18,6,2015,18,398513,2,7,17,18.1111111111111,16,0,0,9
18,6,2015,19,398514,4,8,11,11.6,11,0,0,10
18,6,2015,20,398515,6,6,6.5,7,10,0,0,8
18,6,2015,21,398516,1,2,10,10,10,0,0,7
18,6,2015,22,398517,0,4,7,7.66666666666667,6,0,0,6
18,6,2015,23,398518,0,4,3,3.71428571428571,2,0,0,7
19,6,2015,0,398519,2,1,3,2.8,3,0,0,5
19,6,2015,1,398520,0,2,0,0.5,0,0.666666666666667,0,6
19,6,2015,2,398521,0,0,0,0,0,1,0,6
19,6,2015,3,398522,0,0,0,0,0,1,0,6
19,6,2015,4,398523,0,0,0,0,0,1,0,7
19,6,2015,5,398524,1,0,0,0.333333333333333,1,0.666666666666667,0,6
19,6,2015,6,398525,3,0,1,1.85714285714286,4,0,0,7
19,6,2015,7,398526,13,0,9,8.625,14,0,0,8
19,6,2015,8,398527,9,1,16,17,23,0,0,8
19,6,2015,9,398528,1,0,24,23.8571428571429,24,0,0.857142857142857,7
19,6,2015,10,398529,2,2,24,23.75,24,0,0.75,8
19,6,2015,11,398530,1,4,23,22.625,21,0,0.25,8
19,6,2015,12,398531,3,8,21,21.1111111111111,16,0,0.222222222222222,9
19,6,2015,13,398532,2,6,12,13.2222222222222,12,0,0,9
19,6,2015,14,398533,0,6,7,7.11111111111111,4,0,0,9
19,6,2015,15,398534,4,1,6,5.77777777777778,7,0,0,9
19,6,2015,16,398535,4,5,6,6.1,6,0,0,10
19,6,2015,17,398536,7,3,6,7.125,10,0,0,8
19,6,2015,18,398537,4,0,11.5,12.1,14,0,0,10
19,6,2015,19,398538,0,7,8,8.71428571428571,6,0,0,7
19,6,2015,20,398539,5,3,10,10.1111111111111,11,0,0,9
19,6,2015,21,398540,3,2,10,10.2857142857143,10,0,0,7
19,6,2015,22,398541,2,1,10,10.4285714285714,11,0,0,7
19,6,2015,23,398542,0,4,7.5,7.875,6,0,0,8
20,6,2015,0,398543,0,4,6,4.57142857142857,2,0,0,7
20,6,2015,1,398544,0,0,2,2,2,0,0,6
20,6,2015,2,398545,0,1,1,1.33333333333333,1,0,0,6
20,6,2015,3,398546,1,0,2,1.83333333333333,2,0,0,6
20,6,2015,4,398547,0,0,2,2,2,0,0,7
20,6,2015,5,398548,2,0,2.5,2.33333333333333,3,0,0,6
20,6,2015,6,398549,2,0,4,3.85714285714286,5,0,0,7
20,6,2015,7,398550,0,0,5,5,5,0,0,5
20,6,2015,8,398551,2,0,6,5.42857142857143,6,0,0,7
20,6,2015,9,398552,3,1,10,10,11,0,0,8
20,6,2015,10,398553,2,0,13,12.4285714285714,13,0,0,7
20,6,2015,11,398554,8,1,20,18.9,21,0,0,10
20,6,2015,12,398555,1,3,19.5,19.1666666666667,18,0,0,6
20,6,2015,13,398556,4,2,18,17.8571428571429,19,0,0,7
20,6,2015,14,398557,1,4,16,16.4285714285714,16,0,0,7
20,6,2015,15,398558,4,1,16.5,16.875,19,0,0,8
20,6,2015,16,398559,3,3,21,20.8571428571429,20,0,0,7
20,6,2015,17,398560,1,1,24,23.7142857142857,23,0,0.714285714285714,7
20,6,2015,18,398561,2,4,22,22.2857142857143,22,0,0.142857142857143,7
20,6,2015,19,398562,1,10,20,20.1111111111111,15,0,0.222222222222222,9
20,6,2015,20,398563,4,1,18.5,18,19,0,0,8
20,6,2015,21,398564,1,3,20,20,19,0,0,7
20,6,2015,22,398565,0,4,17,17,15,0,0,8
20,6,2015,23,398566,0,4,14,13.4285714285714,11,0,0,7
21,6,2015,0,398567,0,3,7,7.875,7,0,0,8
21,6,2015,1,398568,0,0,7,7,7,0,0,6
21,6,2015,2,398569,0,0,7,7,7,0,0,6
21,6,2015,3,398570,1,0,7.5,7.5,8,0,0,6
21,6,2015,4,398571,0,0,8,8,8,0,0,7
21,6,2015,5,398572,0,0,8,8,8,0,0,6
21,6,2015,6,398573,1,1,8,8.25,8,0,0,8
21,6,2015,7,398574,0,0,8,8,8,0,0,6
21,6,2015,8,398575,2,0,8.5,8.66666666666667,10,0,0,6
21,6,2015,9,398576,7,0,11,12.4285714285714,17,0,0,7
21,6,2015,10,398577,1,1,19,18.6666666666667,19,0,0,6
21,6,2015,11,398578,3,3,20,20.2857142857143,20,0,0,7
21,6,2015,12,398579,1,4,16,16.8571428571429,17,0,0,7
21,6,2015,13,398580,0,1,16,16.4285714285714,16,0,0,7
21,6,2015,14,398581,0,3,14,14.3333333333333,13,0,0,6
21,6,2015,15,398582,0,4,10,10.7142857142857,9,0,0,7
21,6,2015,16,398583,3,0,14,13.4,14,0,0,5
21,6,2015,17,398584,5,6,12,11.7777777777778,10,0,0,9
21,6,2015,18,398585,2,2,10,9.625,10,0,0,8
21,6,2015,19,398586,4,3,10,10,11,0,0,9
21,6,2015,20,398587,2,2,9,9.28571428571429,10,0,0,7
21,6,2015,21,398588,1,1,10,9.71428571428571,10,0,0,7
21,6,2015,22,398589,0,2,10,9.25,8,0,0,8
21,6,2015,23,398590,0,0,6,6,6,0,0,6
22,6,2015,0,398591,1,0,6,6.33333333333333,7,0,0,6
22,6,2015,1,398592,0,0,7,7,7,0,0,6
22,6,2015,2,398593,0,0,7,7,7,0,0,6
22,6,2015,3,398594,0,0,7,7,7,0,0,6
22,6,2015,4,398595,0,0,7,7,7,0,0,7
22,6,2015,5,398596,0,0,7,7,7,0,0,6
22,6,2015,6,398597,5,1,10.5,10.375,12,0,0,8
22,6,2015,7,398598,9,1,15,15.1428571428571,20,0,0,7
22,6,2015,8,398599,1,1,24,23.875,24,0,0.875,8
22,6,2015,9,398600,0,0,24,24,24,0,1,6
22,6,2015,10,398601,2,1,23,23,24,0,0.142857142857143,7
22,6,2015,11,398602,0,0,24,24,24,0,1,8
22,6,2015,12,398603,0,7,20,19.1428571428571,15,0,0,7
22,6,2015,13,398604,0,6,8,9.25,7,0,0,8
22,6,2015,14,398605,5,2,6,6.44444444444444,9,0,0,9
22,6,2015,15,398606,6,3,11.5,11.25,11,0,0,8
22,6,2015,16,398607,2,2,11,11.125,11,0,0,8
22,6,2015,17,398608,3,3,11,10.6666666666667,11,0,0,9
22,6,2015,18,398609,3,8,6,6.22222222222222,4,0,0,9
22,6,2015,19,398610,1,6,2,2.625,0,0.5,0,8
22,6,2015,20,398611,1,1,0,0.285714285714286,0,0.714285714285714,0,7
22,6,2015,21,398612,1,1,0,0.2,0,0.8,0,5
22,6,2015,22,398613,0,1,0,0.428571428571429,0,0.571428571428571,0,7
22,6,2015,23,398614,0,0,0,0,0,1,0,6
23,6,2015,0,398615,1,0,0.5,0.5,1,0.5,0,6
23,6,2015,1,398616,0,0,0,0,0,1,0,6
23,6,2015,2,398617,0,0,0,0,0,1,0,6
23,6,2015,3,398618,0,0,0,0,0,1,0,6
23,6,2015,4,398619,0,0,0,0,0,1,0,7
23,6,2015,5,398620,2,1,1,1,2,0.142857142857143,0,7
23,6,2015,6,398621,5,1,4,4.14285714285714,6,0,0,7
23,6,2015,7,398622,10,1,10,9.77777777777778,15,0,0,9
23,6,2015,8,398623,5,0,20,20.5714285714286,23,0,0,7
23,6,2015,9,398624,2,0,24,23.6666666666667,24,0,0.833333333333333,6
23,6,2015,10,398625,1,1,24,23.8571428571429,24,0,0.857142857142857,7
23,6,2015,11,398626,0,1,24,23.8333333333333,23,0,0.833333333333333,6
23,6,2015,12,398627,2,3,22,22.125,21,0,0,8
23,6,2015,13,398628,3,2,19,18.625,20,0,0,8
23,6,2015,14,398629,2,2,22,22.5555555555556,22,0,0.111111111111111,9
23,6,2015,15,398630,4,3,23,22.8888888888889,23,0,0.222222222222222,9
23,6,2015,16,398631,4,4,22,21.8571428571429,21,0,0.142857142857143,7
23,6,2015,17,398632,5,7,19,19.2857142857143,19,0,0,7
23,6,2015,18,398633,2,2,19,19,20,0,0,7
23,6,2015,19,398634,4,4,20.5,21,20,0,0,8
23,6,2015,20,398635,3,3,17.5,17.5,19,0,0,8
23,6,2015,21,398636,1,1,18,17.6666666666667,18,0,0,6
23,6,2015,22,398637,0,3,16,16.125,15,0,0,8
23,6,2015,23,398638,1,3,15,14.4285714285714,13,0,0,7
24,6,2015,0,398639,2,1,12,12.5,14,0,0,6
24,6,2015,1,398640,1,2,12.5,12.625,13,0,0,8
24,6,2015,2,398641,1,0,13,13.3333333333333,14,0,0,6
24,6,2015,3,398642,1,1,14,13.875,14,0,0,8
24,6,2015,4,398643,0,0,15,15,15,0,0,7
24,6,2015,5,398644,1,0,15,15.3333333333333,16,0,0,6
24,6,2015,6,398645,4,1,16,16.7777777777778,19,0,0,9
24,6,2015,7,398646,22,21,20.5,17.3,22,0,0,10
24,6,2015,8,398647,1,1,22,21.8571428571429,22,0,0,7
24,6,2015,9,398648,1,1,22,21.8571428571429,22,0,0,7
24,6,2015,10,398649,3,3,20,20.5555555555556,20,0,0,9
24,6,2015,11,398650,2,2,18,18,18,0,0,7
24,6,2015,12,398651,5,4,18,18.5555555555556,19,0,0,9
24,6,2015,13,398652,3,6,17,16.5555555555556,15,0,0,9
24,6,2015,14,398653,7,1,15.5,16,20,0,0,8
24,6,2015,15,398654,1,5,22,21.6,19,0,0.2,10
24,6,2015,16,398655,4,4,15,15.4444444444444,18,0,0,9
24,6,2015,17,398656,1,2,17,17.125,17,0,0,8
24,6,2015,18,398657,1,7,18,17.1111111111111,13,0,0,9
24,6,2015,19,398658,2,5,10,9.66666666666667,8,0,0,9
24,6,2015,20,398659,1,5,5,5.28571428571429,4,0,0,7
24,6,2015,21,398660,0,1,0,0.142857142857143,0,0.857142857142857,0,7
24,6,2015,22,398661,0,0,0,0,0,1,0,6
24,6,2015,23,398662,0,0,0,0,0,1,0,6
25,6,2015,0,398663,0,0,0,0,0,1,0,6
25,6,2015,1,398664,0,0,0,0,0,1,0,6
25,6,2015,2,398665,0,0,0,0,0,1,0,6
25,6,2015,3,398666,0,0,0,0,0,1,0,6
25,6,2015,4,398667,0,0,0,0,0,1,0,7
25,6,2015,5,398668,2,0,0,0.571428571428571,2,0.571428571428571,0,7
25,6,2015,6,398669,5,0,3.5,4,7,0,0,6
25,6,2015,7,398670,8,0,12,12.2857142857143,17,0,0,7
25,6,2015,8,398671,7,1,19,18.4285714285714,21,0,0,7
25,6,2015,9,398672,1,1,24,23.875,24,0,0.875,8
25,6,2015,10,398673,0,1,24,23.8888888888889,23,0,0.888888888888889,9
25,6,2015,11,398674,3,2,24,23.4444444444444,23,0,0.555555555555556,9
25,6,2015,12,398675,5,5,22,22,22,0,0.125,8
25,6,2015,13,398676,3,6,18,18,18,0,0,10
25,6,2015,14,398677,5,4,15,14.6666666666667,16,0,0,9
25,6,2015,15,398678,6,3,13,13.625,17,0,0,8
25,6,2015,16,398679,4,2,17,16.5,17,0,0,8
25,6,2015,17,398680,6,6,18,17.4444444444444,16,0,0,9
25,6,2015,18,398681,5,1,15,15.375,19,0,0,8
25,6,2015,19,398682,3,11,17,16.9,13,0,0,10
25,6,2015,20,398683,1,6,13,12.5714285714286,11,0,0,7
25,6,2015,21,398684,2,4,9,9.66666666666667,10,0,0,9
25,6,2015,22,398685,0,7,6,6.28571428571429,3,0,0,7
25,6,2015,23,398686,1,4,1,0.857142857142857,0,0.428571428571429,0,7
26,6,2015,0,398687,0,0,0,0,0,1,0,6
26,6,2015,1,398688,0,0,0,0,0,1,0,6
26,6,2015,2,398689,0,0,0,0,0,1,0,6
26,6,2015,3,398690,0,0,0,0,0,1,0,6
26,6,2015,4,398691,1,0,0,0.125,1,0.875,0,8
26,6,2015,5,398692,1,0,1,1.2,2,0,0,5
26,6,2015,6,398693,3,0,2,2.5,5,0,0,8
26,6,2015,7,398694,6,0,10.5,10,13,0,0,6
26,6,2015,8,398695,6,0,15,16.2222222222222,20,0,0,9
26,6,2015,9,398696,3,1,22.5,22.1666666666667,23,0,0,6
26,6,2015,10,398697,0,2,24,23.3333333333333,22,0,0.666666666666667,6
26,6,2015,11,398698,2,3,21,21,21,0,0,9
26,6,2015,12,398699,3,3,21,21.25,21,0,0,8
26,6,2015,13,398700,6,7,20,20.4444444444444,21,0,0,9
26,6,2015,14,398701,2,4,19,19.4285714285714,19,0,0,7
26,6,2015,15,398702,6,2,23,22.2222222222222,23,0,0.333333333333333,9
26,6,2015,16,398703,1,14,13,15.125,11,0,0.125,8
26,6,2015,17,398704,7,3,9,9.55555555555556,13,0,0,9
26,6,2015,18,398705,8,2,17,18,20,0,0,9
26,6,2015,19,398706,3,5,21,20.4444444444444,19,0,0,9
26,6,2015,20,398707,2,3,17,17.1111111111111,17,0,0,9
26,6,2015,21,398708,2,0,19,18.4285714285714,19,0,0,7
26,6,2015,22,398709,1,7,18,18.5,15,0,0,8
26,6,2015,23,398710,1,1,13,13.2857142857143,13,0,0,7
27,6,2015,0,398711,0,4,11.5,10.875,9,0,0,8
27,6,2015,1,398712,0,2,7,7.5,7,0,0,6
27,6,2015,2,398713,0,1,7,6.85714285714286,6,0,0,7
27,6,2015,3,398714,1,1,5,5.16666666666667,5,0,0,6
27,6,2015,4,398715,2,2,6,5.875,5,0,0,8
27,6,2015,5,398716,0,1,5,4.66666666666667,4,0,0,6
27,6,2015,6,398717,0,0,4,4,4,0,0,5
27,6,2015,7,398718,0,1,5,4.66666666666667,4,0,0,6
27,6,2015,8,398719,3,0,6,6.14285714285714,8,0,0,7
27,6,2015,9,398720,4,0,11,10.3333333333333,12,0,0,6
27,6,2015,10,398721,5,1,16,16.125,18,0,0,8
27,6,2015,11,398722,1,5,18,17.625,15,0,0,8
27,6,2015,12,398723,4,2,21,20.6666666666667,21,0,0,9
27,6,2015,13,398724,1,1,21,20.6666666666667,21,0,0,6
27,6,2015,14,398725,2,3,20,20.25,20,0,0,8
27,6,2015,15,398726,6,2,21.5,21.5,24,0,0.25,8
27,6,2015,16,398727,1,0,23,22.6666666666667,23,0,0,6
27,6,2015,17,398728,1,7,20,20.4444444444444,17,0,0,9
27,6,2015,18,398729,7,3,19,18.8571428571429,22,0,0,7
27,6,2015,19,398730,3,1,22,22,23,0,0,8
27,6,2015,20,398731,1,5,17,17.7777777777778,16,0,0,9
27,6,2015,21,398732,3,3,15,15,15,0,0,8
27,6,2015,22,398733,1,0,15.5,15.5,16,0,0,6
27,6,2015,23,398734,5,4,14,14.7142857142857,17,0,0,7
28,6,2015,0,398735,0,2,15,15.4285714285714,15,0,0,7
28,6,2015,1,398736,0,1,14.5,14.5,14,0,0,6
28,6,2015,2,398737,0,0,14,14,14,0,0,6
28,6,2015,3,398738,0,2,12,11.875,11,0,0,8
28,6,2015,4,398739,0,1,11,10.5555555555556,10,0,0,9
28,6,2015,5,398740,0,0,10,10,10,0,0,6
28,6,2015,6,398741,0,0,9,9,9,0,0,6
28,6,2015,7,398742,0,0,9,9,9,0,0,6
28,6,2015,8,398743,1,0,9,9.33333333333333,10,0,0,6
28,6,2015,9,398744,3,1,10,10.25,12,0,0,8
28,6,2015,10,398745,2,1,13,13.1666666666667,13,0,0,6
28,6,2015,11,398746,5,0,15,16,19,0,0,7
28,6,2015,12,398747,1,2,19,19,18,0,0,6
28,6,2015,13,398748,0,3,18.5,18.625,17,0,0,8
28,6,2015,14,398749,0,5,13,13.4,11,0,0,5
28,6,2015,15,398750,2,4,11,11,9,0,0,7
28,6,2015,16,398751,4,1,10,10.2222222222222,12,0,0,9
28,6,2015,17,398752,5,1,10,10.2857142857143,14,0,0,7
28,6,2015,18,398753,2,4,15,15.6666666666667,15,0,0,9
28,6,2015,19,398754,7,0,20,18.8571428571429,22,0,0,7
28,6,2015,20,398755,0,3,17,17.4285714285714,17,0,0,7
28,6,2015,21,398756,1,1,17,17.3333333333333,17,0,0,6
28,6,2015,22,398757,0,4,14,15,13,0,0,7
28,6,2015,23,398758,1,6,7,8.22222222222222,7,0,0,9
29,6,2015,0,398759,0,0,7,7,7,0,0,6
29,6,2015,1,398760,0,1,6,6.28571428571429,6,0,0,7
29,6,2015,2,398761,0,3,3,3.5,3,0,0,6
29,6,2015,3,398762,0,0,3,3,3,0,0,6
29,6,2015,4,398763,0,0,3,3,3,0,0,7
29,6,2015,5,398764,1,0,4,4.33333333333333,5,0,0,6
29,6,2015,6,398765,5,0,5.5,6.5,10,0,0,8
29,6,2015,7,398766,7,1,14,14.3333333333333,19,0,0,9
29,6,2015,8,398767,2,0,23,22.7142857142857,23,0,0,7
29,6,2015,9,398768,0,0,23,23,23,0,0,8
29,6,2015,10,398769,0,1,23,22.8571428571429,22,0,0,7
29,6,2015,11,398770,0,5,23,21.8571428571429,18,0,0,7
29,6,2015,12,398771,1,3,20,19.9,18,0,0,10
29,6,2015,13,398772,0,7,8,9.11111111111111,7,0,0,9
29,6,2015,14,398773,3,2,7,6.625,8,0,0,8
29,6,2015,15,398774,5,3,10,10.4285714285714,11,0,0,7
29,6,2015,16,398775,2,3,12,11.4285714285714,11,0,0,7
29,6,2015,17,398776,2,3,11,11.125,10,0,0,8
29,6,2015,18,398777,4,6,10.5,10.5,9,0,0,6
29,6,2015,19,398778,2,7,5,4,1,0.111111111111111,0,9
29,6,2015,20,398779,2,3,0,0.555555555555556,0,0.555555555555556,0,9
29,6,2015,21,398780,2,1,0,0.428571428571429,1,0.571428571428571,0,7
29,6,2015,22,398781,3,3,2,2.5,2,0,0,6
29,6,2015,23,398782,0,2,0,0.285714285714286,0,0.857142857142857,0,7
30,6,2015,0,398783,0,0,0,0,0,1,0,6
30,6,2015,1,398784,0,0,0,0,0,1,0,6
30,6,2015,2,398785,0,0,0,0,0,1,0,6
30,6,2015,3,398786,0,0,0,0,0,1,0,6
30,6,2015,4,398787,0,0,0,0,0,1,0,7
30,6,2015,5,398788,1,0,0,0.166666666666667,1,0.833333333333333,0,6
30,6,2015,6,398789,1,0,1,1.16666666666667,2,0,0,6
30,6,2015,7,398790,9,2,4,4.5,9,0,0,8
30,6,2015,8,398791,5,0,15,14.8571428571429,17,0,0,7
30,6,2015,9,398792,3,1,18.5,18.1666666666667,19,0,0,6
30,6,2015,10,398793,15,18,19.5,18.125,18,0,0,8
30,6,2015,11,398794,5,1,19,18.8888888888889,21,0,0,9
30,6,2015,12,398795,3,2,22,21.75,22,0,0,8
30,6,2015,13,398796,0,10,17.5,17.25,12,0,0,8
30,6,2015,14,398797,7,3,10,10,13,0,0,9
30,6,2015,15,398798,5,3,14,13.6,13,0,0,10
30,6,2015,16,398799,1,3,14,13.5714285714286,12,0,0,7
30,6,2015,17,398800,0,5,9,9.11111111111111,7,0,0,9
30,6,2015,18,398801,4,6,5,5.66666666666667,5,0,0,9
30,6,2015,19,398802,6,6,3,3.11111111111111,5,0.111111111111111,0,9
30,6,2015,20,398803,3,7,2,1.55555555555556,0,0.333333333333333,0,9
30,6,2015,21,398804,2,2,0,0.285714285714286,0,0.714285714285714,0,7
30,6,2015,22,398805,0,0,0,0,0,1,0,6
30,6,2015,23,398806,0,0,0,0,0,1,0,7
1,7,2015,0,398807,0,0,0,0,0,1,0,7
1,7,2015,1,398808,0,0,0,0,0,1,0,6
1,7,2015,2,398809,0,0,0,0,0,1,0,6
1,7,2015,3,398810,0,0,0,0,0,1,0,6
1,7,2015,4,398811,0,0,0,0,0,1,0,7
1,7,2015,5,398812,2,0,1,0.857142857142857,2,0.428571428571429,0,7
1,7,2015,6,398813,1,0,2.5,2.5,3,0,0,6
1,7,2015,7,398814,5,0,7.5,7.375,10,0,0,8
1,7,2015,8,398815,9,0,18,17.6,22,0,0,10
1,7,2015,9,398816,2,2,23,22.7142857142857,23,0,0,7
1,7,2015,10,398817,4,4,22,21.8,22,0,0,10
1,7,2015,11,398818,2,5,22,22,20,0,0,7
1,7,2015,12,398819,0,9,12.5,12.75,9,0,0,8
1,7,2015,13,398820,0,6,0.5,1.875,0,0.5,0,8
1,7,2015,14,398821,1,2,0,0.375,0,0.625,0,8
1,7,2015,15,398822,6,2,4,3.9,7,0,0,10
1,7,2015,16,398823,3,3,6.5,6.625,6,0,0,8
1,7,2015,17,398824,3,5,2.5,3.1,4,0,0,10
1,7,2015,18,398825,5,2,7,6.16666666666667,7,0,0,6
1,7,2015,19,398826,2,5,0,0.75,0,0.625,0,8
1,7,2015,20,398827,3,3,0,0.375,0,0.75,0,8
1,7,2015,21,398828,0,0,0,0,0,1,0,6
1,7,2015,22,398829,0,0,0,0,0,1,0,6
1,7,2015,23,398830,0,1,1,0.714285714285714,0,0.285714285714286,0,7
2,7,2015,0,398831,0,0,0,0,0,1,0,6
2,7,2015,1,398832,0,0,0,0,0,1,0,6
2,7,2015,2,398833,0,0,0,0,0,1,0,1
